#mu0            mu1              mu2              x0              x1                 x2              mua  mub   xa              xb                 T       b              u                phi
0.666666666667  -0.233333333333  -0.433333333333  0.637455112439  0.0                0.362544887561  1.1  -0.9  0.274910224879  0.0                30.0    386.816865025  -1.04323184666   -1.57896642736
0.666666666667  -0.233333333333  -0.433333333333  0.636995217201  0.0                0.363004782799  1.1  -0.9  0.273990434402  0.0                40.0    290.112648769  -1.04450287468   -1.57922568585
0.666666666667  -0.233333333333  -0.433333333333  0.637492495492  0.0                0.362507504508  1.1  -0.9  0.274984990983  0.0                50.0    232.090119015  -1.04382337742   -1.57964020083
0.666666666667  -0.233333333333  -0.433333333333  0.637804811366  0.0                0.362195188634  1.1  -0.9  0.275609622732  0.0                60.0    193.408432513  -1.04416935735   -1.58067327569
0.666666666667  -0.233333333333  -0.433333333333  0.637999956479  0.0                0.362000043521  1.1  -0.9  0.275999912959  0.0                70.0    165.778656439  -1.04428396034   -1.58121719793
0.666666666667  -0.233333333333  -0.433333333333  0.638394431376  0.0                0.361605568624  1.1  -0.9  0.276788862752  0.0                80.0    145.056324384  -1.04393170847   -1.58173279083
0.666666666667  -0.233333333333  -0.433333333333  0.638932021988  0.0                0.361067978012  1.1  -0.9  0.277864043976  0.0                90.0    128.938955008  -1.04326555059   -1.5822493323
0.666666666667  -0.233333333333  -0.433333333333  0.638868275514  0.0                0.361131724486  1.1  -0.9  0.277736551028  0.0                100.0   116.045059507  -1.04348586345   -1.58232940291
0.666666666667  -0.233333333333  -0.433333333333  0.639460685304  0.0                0.360539314696  1.1  -0.9  0.278921370608  0.0                110.0   105.495508643  -1.04253771455   -1.58268455555
0.666666666667  -0.233333333333  -0.433333333333  0.644497912129  0.0                0.355502087871  1.1  -0.9  0.288995824257  0.0                120.0   96.7042162563  -1.03297484265   -1.58420358267
0.666666666667  -0.233333333333  -0.433333333333  0.643740626339  0.0                0.356259373661  1.1  -0.9  0.287481252678  0.0                130.0   89.2654303904  -1.03504810879   -1.58461082007
0.666666666667  -0.233333333333  -0.433333333333  0.645970637007  0.0                0.354029362993  1.1  -0.9  0.291941274014  0.0                140.0   82.8893282196  -1.0306147459    -1.58508348065
0.666666666667  -0.233333333333  -0.433333333333  0.648616603878  0.0                0.351383396122  1.1  -0.9  0.297233207756  0.0                150.0   77.363373005   -1.02514022759   -1.58543008946
0.666666666667  -0.233333333333  -0.433333333333  0.64890827538   0.0                0.35109172462   1.1  -0.9  0.297816550761  0.0                160.0   72.5281621922  -1.02446600434   -1.58539754351
0.666666666667  -0.233333333333  -0.433333333333  0.650087654889  0.0                0.349912345111  1.1  -0.9  0.300175309777  0.0                170.0   68.2617997103  -1.02213571771   -1.5856618918
0.666666666667  -0.233333333333  -0.433333333333  0.658865976735  0.0                0.341134023265  1.1  -0.9  0.317731953471  0.0                180.0   64.4694775042  -1.00378244213   -1.58662092429
0.666666666667  -0.233333333333  -0.433333333333  0.662715594201  0.0                0.337284405799  1.1  -0.9  0.325431188402  0.0                190.0   61.0763471092  -0.995776242295  -1.58708388287
0.666666666667  -0.233333333333  -0.433333333333  0.662255141007  0.0                0.337744858993  1.1  -0.9  0.324510282013  0.0                200.0   58.0225297537  -0.996747893578  -1.58704253713
0.666666666667  -0.233333333333  -0.433333333333  0.662014243501  0.0                0.337985756499  1.1  -0.9  0.324028487002  0.0                210.0   55.2595521464  -0.997220985259  -1.58698565429
0.666666666667  -0.233333333333  -0.433333333333  0.66105734895   0.0                0.33894265105   1.1  -0.9  0.3221146979    0.0                220.0   52.7477543216  -0.999241446467  -1.58690094749
0.666666666667  -0.233333333333  -0.433333333333  0.660989975762  0.0                0.339010024238  1.1  -0.9  0.321979951525  0.0                230.0   50.4543736989  -0.999345231058  -1.58685651107
0.666666666667  -0.233333333333  -0.433333333333  0.659804877205  0.0                0.340195122795  1.1  -0.9  0.31960975441   0.0                240.0   48.3521081281  -1.00184298469   -1.58674704787
0.666666666667  -0.233333333333  -0.433333333333  0.660424626839  0.0                0.339575373161  1.1  -0.9  0.320849253678  0.0                250.0   46.418023803   -1.00045538018   -1.58672289256
0.666666666667  -0.233333333333  -0.433333333333  0.658882994394  0.0                0.341117005606  1.1  -0.9  0.317765988787  0.0                260.0   44.6327151952  -1.00370208521   -1.5865780062
0.666666666667  -0.233333333333  -0.433333333333  0.658781725379  0.0                0.341218274621  1.1  -0.9  0.317563450757  0.0                270.0   42.9796516694  -1.00384570533   -1.58649883449
0.666666666667  -0.233333333333  -0.433333333333  0.656773502223  0.0                0.343226497777  1.1  -0.9  0.313547004446  0.0                280.0   41.4446641098  -1.00802077121   -1.58625580944
0.666666666667  -0.233333333333  -0.433333333333  0.656143430403  0.0                0.343856569597  1.1  -0.9  0.312286860806  0.0                290.0   40.0155377612  -1.00926290384   -1.58611178406
0.666666666667  -0.233333333333  -0.433333333333  0.655424783067  0.0                0.344575216933  1.1  -0.9  0.310849566133  0.0                300.0   38.6816865025  -1.01061440135   -1.58588225743
0.666666666667  -0.233333333333  -0.433333333333  0.654811868394  0.0                0.345188131606  1.1  -0.9  0.309623736788  0.0                310.0   37.4338901637  -1.01186428484   -1.58578372864
0.666666666667  -0.233333333333  -0.433333333333  0.65291788673   0.0                0.34708211327   1.1  -0.9  0.305835773461  0.0                320.0   36.2640810961  -1.01565283862   -1.58540552276
0.666666666667  -0.233333333333  -0.433333333333  0.651916774166  0.0                0.348083225834  1.1  -0.9  0.303833548332  0.0                330.0   35.1651695477  -1.01764987647   -1.58520011297
0.666666666667  -0.233333333333  -0.433333333333  0.652482681046  0.0                0.347517318954  1.1  -0.9  0.304965362091  0.0                340.0   34.1308998551  -1.01634907227   -1.5851443039
0.666666666667  -0.233333333333  -0.433333333333  0.65155019707   0.0                0.34844980293   1.1  -0.9  0.30310039414   0.0                350.0   33.1557312879  -1.01783592509   -1.58457969197
0.666666666667  -0.233333333333  -0.433333333333  0.648759859083  0.0                0.351240140917  1.1  -0.9  0.297519718165  0.0                360.0   32.2347387521  -1.02394016256   -1.58454518587
0.666666666667  -0.233333333333  -0.433333333333  0.648181956149  0.0                0.351818043851  1.1  -0.9  0.296363912298  0.0                370.0   31.3635295966  -1.02477481011   -1.58410844697
0.666666666667  -0.233333333333  -0.433333333333  0.64777102155   0.0                0.35222897845   1.1  -0.9  0.295542043101  0.0                380.0   30.5381735546  -1.0252518281    -1.58368140884
0.666666666667  -0.233333333333  -0.433333333333  0.647355065348  0.0                0.352644934652  1.1  -0.9  0.294710130696  0.0                390.0   29.7551434635  -1.02577774817   -1.58329222527
0.666666666667  -0.233333333333  -0.433333333333  0.645735877018  0.0                0.354264122982  1.1  -0.9  0.291471754035  0.0                400.0   29.0112648769  -1.02919280778   -1.58314507055
0.666666666667  -0.233333333333  -0.433333333333  0.645439881356  0.0                0.354560118644  1.1  -0.9  0.290879762712  0.0                410.0   28.3036730506  -1.02958986324   -1.58289093555
0.666666666667  -0.233333333333  -0.433333333333  0.644960039191  0.0                0.355039960809  1.1  -0.9  0.289920078382  0.0                420.0   27.6297760732  -1.03036555655   -1.5826109761
0.666666666667  -0.233333333333  -0.433333333333  0.643640333747  0.0                0.356359666253  1.1  -0.9  0.287280667494  0.0                430.0   26.9872231413  -1.03301339062   -1.5823554582
0.666666666667  -0.233333333333  -0.433333333333  0.643534601084  0.0                0.356465398916  1.1  -0.9  0.287069202168  0.0                440.0   26.3738771608  -1.0330097998    -1.58211925551
0.666666666667  -0.233333333333  -0.433333333333  0.641902161298  0.0                0.358097838702  1.1  -0.9  0.283804322597  0.0                450.0   25.7877910017  -1.03617550923   -1.58169359742
0.666666666667  -0.233333333333  -0.433333333333  0.641732263694  0.0                0.358267736306  1.1  -0.9  0.283464527389  0.0                460.0   25.2271868495  -1.03638449713   -1.58152881059
0.666666666667  -0.233333333333  -0.433333333333  0.640297200846  0.0                0.359702799154  1.1  -0.9  0.280594401693  0.0                470.0   24.6904381931  -1.03915667017   -1.58114384537
0.666666666667  -0.233333333333  -0.433333333333  0.64010526398   0.0                0.35989473602   1.1  -0.9  0.28021052796   0.0                480.0   24.1760540641  -1.03938670097   -1.58095161506
0.666666666667  -0.233333333333  -0.433333333333  0.639459569392  0.0                0.360540430608  1.1  -0.9  0.278919138784  0.0                490.0   23.6826652056  -1.04050398691   -1.5806483729
0.666666666667  -0.233333333333  -0.433333333333  0.63914265038   0.0                0.36085734962   1.1  -0.9  0.278285300761  0.0                500.0   23.2090119015  -1.04098836819   -1.58043553236
0.666666666667  -0.233333333333  -0.433333333333  0.638090903308  0.0                0.361909096692  1.1  -0.9  0.276181806617  0.0                510.0   22.7539332368  -1.04294550131   -1.58007882192
0.666666666667  -0.233333333333  -0.433333333333  0.637301256071  0.0                0.362698743929  1.1  -0.9  0.274602512141  0.0                520.0   22.3163575976  -1.04432512886   -1.57972122555
0.666666666667  -0.233333333333  -0.433333333333  0.637513837309  0.0                0.362486162691  1.1  -0.9  0.275027674618  0.0                530.0   21.8952942467  -1.04382139107   -1.57968516648
0.666666666667  -0.233333333333  -0.433333333333  0.636818624125  0.0                0.363181375875  1.1  -0.9  0.27363724825   0.0                540.0   21.4898258347  -1.04508123408   -1.57941554049
0.666666666667  -0.233333333333  -0.433333333333  0.636409642373  0.0                0.363590357627  1.1  -0.9  0.272819284745  0.0                550.0   21.0991017286  -1.04573383755   -1.5791683841
0.666666666667  -0.233333333333  -0.433333333333  0.635919478021  0.0                0.364080521979  1.1  -0.9  0.271838956042  0.0                560.0   20.7223320549  -1.04652525904   -1.57888144402
0.666666666667  -0.233333333333  -0.433333333333  0.635324696918  0.0                0.364675303082  1.1  -0.9  0.270649393837  0.0                570.0   20.3587823697  -1.0474771867    -1.57852485325
0.666666666667  -0.233333333333  -0.433333333333  0.635210594915  0.0                0.364789405085  1.1  -0.9  0.27042118983   0.0                580.0   20.0077688806  -1.04756230615   -1.5783589483
0.666666666667  -0.233333333333  -0.433333333333  0.634800357761  0.0                0.365199642239  1.1  -0.9  0.269600715523  0.0                590.0   19.6686541538  -1.0482204863    -1.57811460671
0.666666666667  -0.233333333333  -0.433333333333  0.634202507901  0.0                0.365797492099  1.1  -0.9  0.268405015801  0.0                600.0   19.3408432512  -1.04922978304   -1.57780863376
0.666666666667  -0.233333333333  -0.433333333333  0.633699789539  0.0                0.366300210461  1.1  -0.9  0.267399579078  0.0                610.0   19.0237802471  -1.0500051536    -1.57747802392
0.666666666667  -0.233333333333  -0.433333333333  0.633829235332  0.0                0.366170764668  1.1  -0.9  0.267658470665  0.0                620.0   18.7169450819  -1.0496571522    -1.57741480326
0.666666666667  -0.233333333333  -0.433333333333  0.633423182849  0.0                0.366576817151  1.1  -0.9  0.266846365698  0.0                630.0   18.4198507155  -1.05021108134   -1.57707541694
0.666666666667  -0.233333333333  -0.433333333333  0.633011550805  0.0                0.366988449195  1.1  -0.9  0.26602310161   0.0                640.0   18.132040548   -1.05089104646   -1.57684979157
0.666666666667  -0.233333333333  -0.433333333333  0.632678451069  0.0                0.367321548931  1.1  -0.9  0.265356902139  0.0                650.0   17.8530860781  -1.05131944369   -1.57654536938
0.666666666667  -0.233333333333  -0.433333333333  0.632480237198  0.0                0.367519762802  1.1  -0.9  0.264960474397  0.0                660.0   17.5825847739  -1.05156656361   -1.57635641878
0.666666666667  -0.233333333333  -0.433333333333  0.632141278924  0.0                0.367858721076  1.1  -0.9  0.264282557849  0.0                670.0   17.3201581354  -1.05208442666   -1.57612857362
0.666666666667  -0.233333333333  -0.433333333333  0.631922002214  0.0                0.368077997786  1.1  -0.9  0.263844004428  0.0                680.0   17.0654499276  -1.0522719115    -1.5758336497
0.666666666667  -0.233333333333  -0.433333333333  0.63176186884   0.0                0.36823813116   1.1  -0.9  0.26352373768   0.0                690.0   16.8181245663  -1.05243148869   -1.57564093347
0.666666666667  -0.233333333333  -0.433333333333  0.631648882749  0.0                0.368351117251  1.1  -0.9  0.263297765498  0.0                700.0   16.5778656439  -1.05251856975   -1.57547944513
0.666666666667  -0.233333333333  -0.433333333333  0.631404776996  0.0                0.368595223004  1.1  -0.9  0.262809553992  0.0                710.0   16.3443745785  -1.05283817824   -1.57526202097
0.666666666667  -0.233333333333  -0.433333333333  0.631228462898  0.0                0.368771537102  1.1  -0.9  0.262456925796  0.0                720.0   16.117369376   -1.05298575531   -1.57502170702
0.666666666667  -0.233333333333  -0.433333333333  0.631138910959  0.0                0.368861089041  1.1  -0.9  0.262277821918  0.0                730.0   15.8965834942  -1.05298301718   -1.57482195462
0.666666666667  -0.233333333333  -0.433333333333  0.630814878008  0.0                0.369185121992  1.1  -0.9  0.261629756017  0.0                740.0   15.6817647983  -1.05352609855   -1.5746521635
0.666666666667  -0.233333333333  -0.433333333333  0.630717375196  0.0                0.369282624804  1.1  -0.9  0.261434750393  0.0                750.0   15.472674601   -1.05341411648   -1.57432567525
0.666666666667  -0.233333333333  -0.433333333333  0.630744575552  0.0                0.369255424448  1.1  -0.9  0.261489151103  0.0                760.0   15.2690867773  -1.05324063522   -1.57421203476
0.666666666667  -0.233333333333  -0.433333333333  0.630463784192  0.0                0.369536215808  1.1  -0.9  0.260927568383  0.0                770.0   15.070786949   -1.05360312829   -1.57395678685
0.666666666667  -0.233333333333  -0.433333333333  0.630335593799  0.0                0.369664406201  1.1  -0.9  0.260671187598  0.0                780.0   14.8775717317  -1.0536908035    -1.57376244319
0.666666666667  -0.233333333333  -0.433333333333  0.630207263918  0.0                0.369792736082  1.1  -0.9  0.260414527835  0.0                790.0   14.6892480389  -1.05373646878   -1.57352578274
0.666666666667  -0.233333333333  -0.433333333333  0.630233069383  0.0                0.369766930617  1.1  -0.9  0.260466138766  0.0                800.0   14.5056324384  -1.05352429443   -1.57337038041
0.666666666667  -0.233333333333  -0.433333333333  0.630130823945  0.0                0.369869176055  1.1  -0.9  0.26026164789   0.0                810.0   14.3265505565  -1.05358610707   -1.57320725308
0.666666666667  -0.233333333333  -0.433333333333  0.630061218933  0.0                0.369938781067  1.1  -0.9  0.260122437866  0.0                820.0   14.1518365253  -1.05360069746   -1.57306871244
0.666666666667  -0.233333333333  -0.433333333333  0.630003749464  0.0                0.369996250536  1.1  -0.9  0.260007498929  0.0                830.0   13.9813324708  -1.05347243362   -1.57281401578
0.666666666667  -0.233333333333  -0.433333333333  0.629919358618  0.0                0.370080641382  1.1  -0.9  0.259838717237  0.0                840.0   13.8148880366  -1.05350353445   -1.57265945674
0.666666666667  -0.233333333333  -0.433333333333  0.62994432715   0.0                0.37005567285   1.1  -0.9  0.259888654299  0.0                850.0   13.6523599421  -1.05329996546   -1.57251081852
0.666666666667  -0.233333333333  -0.433333333333  0.629888252571  0.0                0.370111747429  1.1  -0.9  0.259776505142  0.0                860.0   13.4936115706  -1.05316609889   -1.57225358788
0.666666666667  -0.233333333333  -0.433333333333  0.629624897336  0.0                0.370375102664  1.1  -0.9  0.259249794672  0.0                870.0   13.3385125871  -1.05353721772   -1.5720453252
0.666666666667  -0.233333333333  -0.433333333333  0.629721423725  0.0                0.370278576275  1.1  -0.9  0.25944284745   0.0                880.0   13.1869385804  -1.0532470542    -1.57196751973
0.666666666667  -0.233333333333  -0.433333333333  0.629718633945  0.0                0.370281366055  1.1  -0.9  0.25943726789   0.0                890.0   13.0387707312  -1.05303937182   -1.57175369984
0.666666666667  -0.233333333333  -0.433333333333  0.629751413861  0.0                0.370248586139  1.1  -0.9  0.259502827721  0.0                900.0   12.8938955008  -1.05286866643   -1.57165511026
0.666666666667  -0.233333333333  -0.433333333333  0.62960481092   0.0                0.37039518908   1.1  -0.9  0.25920962184   0.0                910.0   12.7522043415  -1.05299452037   -1.57145843773
0.666666666667  -0.233333333333  -0.433333333333  0.629600905228  0.0                0.370399094772  1.1  -0.9  0.259201810456  0.0                920.0   12.6135934247  -1.05281641703   -1.57127174186
0.666666666667  -0.233333333333  -0.433333333333  0.629776103414  0.0                0.370223896586  1.1  -0.9  0.259552206828  0.0                930.0   12.4779633879  -1.05230113907   -1.57114189991
0.666666666667  -0.233333333333  -0.433333333333  0.629745973789  0.0                0.370254026211  1.1  -0.9  0.259491947579  0.0                940.0   12.3452190965  -1.05216835786   -1.57094283353
0.666666666667  -0.233333333333  -0.433333333333  0.62959644158   0.0                0.37040355842   1.1  -0.9  0.25919288316   0.0                950.0   12.2152694218  -1.05234060609   -1.5707861109
0.666666666667  -0.233333333333  -0.433333333333  0.629719470879  0.0                0.370280529121  1.1  -0.9  0.259438941758  0.0                960.0   12.088027032   -1.05189004837   -1.57060621763
0.666666666667  -0.233333333333  -0.433333333333  0.62962712916   0.0                0.37037287084   1.1  -0.9  0.25925425832   0.0                970.0   11.9634081967  -1.05196558412   -1.5704786016
0.666666666667  -0.233333333333  -0.433333333333  0.629742207586  0.0                0.370257792414  1.1  -0.9  0.259484415173  0.0                980.0   11.8413326028  -1.05150687657   -1.57027306659
0.666666666667  -0.233333333333  -0.433333333333  0.629723934527  0.0                0.370276065473  1.1  -0.9  0.259447869054  0.0                990.0   11.7217231826  -1.05140384468   -1.57012983397
0.666666666667  -0.233333333333  -0.433333333333  0.62972351606   0.0                0.37027648394   1.1  -0.9  0.25944703212   0.0                1000.0  11.6045059507  -1.05127622142   -1.57000129008
0.666666666667  -0.233333333333  -0.433333333333  0.62969561826   0.0                0.37030438174   1.1  -0.9  0.25939123652   0.0                1010.0  11.4896098522  -1.05110156643   -1.56976525994
0.666666666667  -0.233333333333  -0.433333333333  0.629879883231  0.0                0.370120116769  1.1  -0.9  0.259759766462  0.0                1020.0  11.3769666184  -1.05055076287   -1.56961983932
0.666666666667  -0.233333333333  -0.433333333333  0.629787959979  0.0                0.370212040021  1.1  -0.9  0.259575919958  0.0                1030.0  11.2665106318  -1.05059638261   -1.5694632279
0.666666666667  -0.233333333333  -0.433333333333  0.629941955837  0.0                0.370058044163  1.1  -0.9  0.259883911673  0.0                1040.0  11.1581787988  -1.05005995318   -1.56926558936
0.666666666667  -0.233333333333  -0.433333333333  0.629792842094  0.0                0.370207157906  1.1  -0.9  0.259585684188  0.0                1050.0  11.0519104293  -1.05028209821   -1.56915968415
0.666666666667  -0.233333333333  -0.433333333333  0.629987150273  0.0                0.370012849727  1.1  -0.9  0.259974300546  0.0                1060.0  10.9476471233  -1.0497149879    -1.56902005184
0.666666666667  -0.233333333333  -0.433333333333  0.629913918547  0.0                0.370086081453  1.1  -0.9  0.259827837095  0.0                1070.0  10.8453326643  -1.04973059376   -1.5688745479
0.666666666667  -0.233333333333  -0.433333333333  0.629960228896  0.0                0.370039771104  1.1  -0.9  0.259920457792  0.0                1080.0  10.7449129174  -1.04947661373   -1.56872245063
0.666666666667  -0.233333333333  -0.433333333333  0.63010069432   0.0                0.36989930568   1.1  -0.9  0.260201388641  0.0                1090.0  10.6463357346  -1.04904125739   -1.56859611822
0.666666666667  -0.233333333333  -0.433333333333  0.63012873161   0.0                0.36987126839   1.1  -0.9  0.26025746322   0.0                1100.0  10.5495508643  -1.04879910773   -1.5684156506
0.666666666667  -0.233333333333  -0.433333333333  0.630270731413  0.0                0.369729268587  1.1  -0.9  0.260541462827  0.0                1110.0  10.4545098655  -1.04835763609   -1.56828657853
0.666666666667  -0.233333333333  -0.433333333333  0.630234603762  0.0                0.369765396238  1.1  -0.9  0.260469207524  0.0                1120.0  10.3611660275  -1.04829151629   -1.5681409779
0.666666666667  -0.233333333333  -0.433333333333  0.630393621224  0.0                0.369606378776  1.1  -0.9  0.260787242448  0.0                1130.0  10.2694742927  -1.04779069241   -1.56798999244
0.666666666667  -0.233333333333  -0.433333333333  0.630356098682  0.0                0.369643901318  1.1  -0.9  0.260712197365  0.0                1140.0  10.1793911849  -1.04773951198   -1.56785626242
0.666666666667  -0.233333333333  -0.433333333333  0.63044160544   0.0                0.36955839456   1.1  -0.9  0.260883210881  0.0                1150.0  10.0908747398  -1.04731796005   -1.56762282535
0.666666666667  -0.233333333333  -0.433333333333  0.630500609288  0.0                0.369499390712  1.1  -0.9  0.261001218576  0.0                1160.0  10.0038844403  -1.04709226258   -1.56752693634
0.666666666667  -0.233333333333  -0.433333333333  0.630542874455  0.0                0.369457125545  1.1  -0.9  0.261085748911  0.0                1170.0  9.91838115449  -1.04687090188   -1.56739855902
0.666666666667  -0.233333333333  -0.433333333333  0.630642051136  0.0                0.369357948864  1.1  -0.9  0.261284102271  0.0                1180.0  9.83432707691  -1.04646528342   -1.56721112925
0.666666666667  -0.233333333333  -0.433333333333  0.630687245572  0.0                0.369312754428  1.1  -0.9  0.261374491144  0.0                1190.0  9.7516856729   -1.04625891662   -1.56710419021
0.666666666667  -0.233333333333  -0.433333333333  0.630771217951  0.0                0.369228782049  1.1  -0.9  0.261542435902  0.0                1200.0  9.67042162562  -1.04595941295   -1.56698942578
0.666666666667  -0.233333333333  -0.433333333333  0.630842357342  0.0                0.369157642658  1.1  -0.9  0.261684714684  0.0                1210.0  9.59050078574  -1.0456662792    -1.56685279869
0.666666666667  -0.233333333333  -0.433333333333  0.630925771765  0.0                0.369074228235  1.1  -0.9  0.261851543529  0.0                1220.0  9.51189012357  -1.04537398262   -1.56674401384
0.666666666667  -0.233333333333  -0.433333333333  0.631108223379  0.0                0.368891776621  1.1  -0.9  0.262216446758  0.0                1230.0  9.43455768354  -1.0447706124    -1.56654203716
0.666666666667  -0.233333333333  -0.433333333333  0.631060797118  0.0                0.368939202882  1.1  -0.9  0.262121594237  0.0                1240.0  9.35847254093  -1.04474051785   -1.56640760484
0.666666666667  -0.233333333333  -0.433333333333  0.631113802939  0.0                0.368886197061  1.1  -0.9  0.262227605878  0.0                1250.0  9.2836047606   -1.04451800112   -1.56630170092
0.666666666667  -0.233333333333  -0.433333333333  0.631251060116  0.0                0.368748939884  1.1  -0.9  0.262502120233  0.0                1260.0  9.20992535774  -1.04408821845   -1.56617388404
0.666666666667  -0.233333333333  -0.433333333333  0.631302113091  0.0                0.368697886909  1.1  -0.9  0.262604226182  0.0                1270.0  9.13740626043  -1.04384882075   -1.56604680288
0.666666666667  -0.233333333333  -0.433333333333  0.631332242715  0.0                0.368667757285  1.1  -0.9  0.262664485431  0.0                1280.0  9.06602027402  -1.04364313962   -1.56590740693
0.666666666667  -0.233333333333  -0.433333333333  0.631615823856  0.0                0.368384176144  1.1  -0.9  0.263231647711  0.0                1290.0  8.99574104709  -1.04287749955   -1.56576564537
0.666666666667  -0.233333333333  -0.433333333333  0.631581091094  0.0                0.368418908906  1.1  -0.9  0.263162182188  0.0                1300.0  8.92654303904  -1.04275189304   -1.56556362678
0.666666666667  -0.233333333333  -0.433333333333  0.631740108556  0.0                0.368259891444  1.1  -0.9  0.263480217112  0.0                1310.0  8.85840148912  -1.0423227427    -1.56548431486
0.666666666667  -0.233333333333  -0.433333333333  0.631769819713  0.0                0.368230180287  1.1  -0.9  0.263539639427  0.0                1320.0  8.79129238693  -1.042112755     -1.5653396917
0.666666666667  -0.233333333333  -0.433333333333  0.631931068999  0.0                0.368068931001  1.1  -0.9  0.263862137998  0.0                1330.0  8.72519244417  -1.04159152554   -1.56517321067
0.666666666667  -0.233333333333  -0.433333333333  0.631896196749  2.7897800293e-07   0.368103524273  1.1  -0.9  0.263792951453  5.57956005859e-07  1340.0  8.66007906772  -1.04160089181   -1.56510596958
0.666666666667  -0.233333333333  -0.433333333333  0.632127190535  0.0                0.367872809465  1.1  -0.9  0.264254381071  0.0                1350.0  8.59593033389  -1.04094977961   -1.56496293212
0.666666666667  -0.233333333333  -0.433333333333  0.632269190339  0.0                0.367730809661  1.1  -0.9  0.264538380678  0.0                1360.0  8.53272496379  -1.04054217848   -1.56486773056
0.666666666667  -0.233333333333  -0.433333333333  0.632281046904  0.0                0.367718953096  1.1  -0.9  0.264562093808  0.0                1370.0  8.47044229982  -1.04036082838   -1.5647124649
0.666666666667  -0.233333333333  -0.433333333333  0.632295832738  0.0                0.367704167262  1.1  -0.9  0.264591665476  0.0                1380.0  8.40906228315  -1.04013900841   -1.56452317376
0.666666666667  -0.233333333333  -0.433333333333  0.632650971736  2.7897800293e-07   0.367348749286  1.1  -0.9  0.265302501428  5.57956005859e-07  1390.0  8.34856543219  -1.03921817873   -1.56438376147
0.666666666667  -0.233333333333  -0.433333333333  0.632630327364  5.57956005859e-07  0.36736911468   1.1  -0.9  0.26526177064   1.11591201172e-06  1400.0  8.28893282196  -1.03913978763   -1.56426006434
0.666666666667  -0.233333333333  -0.433333333333  0.632699095442  1.39489001953e-07  0.367300765069  1.1  -0.9  0.265398469861  2.78978003906e-07  1410.0  8.23014606436  -1.03890277717   -1.56417417628
0.666666666667  -0.233333333333  -0.433333333333  0.632869272024  4.18467004883e-07  0.367130309509  1.1  -0.9  0.265739380981  8.36934009766e-07  1420.0  8.17218728926  -1.03835985261   -1.56400575178
0.666666666667  -0.233333333333  -0.433333333333  0.633088827712  0.0                0.366911172288  1.1  -0.9  0.266177655424  0.0                1430.0  8.1150391264   -1.03777267994   -1.56390143424
0.666666666667  -0.233333333333  -0.433333333333  0.632851417431  2.7897800293e-07   0.367148303591  1.1  -0.9  0.265703392819  5.57956005859e-07  1440.0  8.05868468802  -1.03823650448   -1.56384306775
0.666666666667  -0.233333333333  -0.433333333333  0.633078505526  1.39489001953e-07  0.366921354985  1.1  -0.9  0.26615729003   2.78978003906e-07  1450.0  8.00310755224  -1.03749515278   -1.56360125406
0.666666666667  -0.233333333333  -0.433333333333  0.633173776514  6.97445007813e-07  0.366825526041  1.1  -0.9  0.266348947918  1.39489001563e-06  1460.0  7.94829174709  -1.03718881966   -1.5635047403
0.666666666667  -0.233333333333  -0.433333333333  0.633232919851  0.0                0.366767080149  1.1  -0.9  0.266465839701  0.0                1470.0  7.8942217352   -1.03695041596   -1.56339617297
0.666666666667  -0.233333333333  -0.433333333333  0.633443408754  0.0                0.366556591246  1.1  -0.9  0.266886817508  0.0                1480.0  7.84088239916  -1.03637468794   -1.56328352053
0.666666666667  -0.233333333333  -0.433333333333  0.633561695427  0.0                0.366438304573  1.1  -0.9  0.267123390855  0.0                1490.0  7.78825902735  -1.03597849495   -1.56314755823
0.666666666667  -0.233333333333  -0.433333333333  0.633647341674  5.57956005859e-07  0.36635210037   1.1  -0.9  0.267295799261  1.11591201172e-06  1500.0  7.7363373005   -1.03561495135   -1.56297265955
0.666666666667  -0.233333333333  -0.433333333333  0.633732429965  5.57956005859e-07  0.366267012079  1.1  -0.9  0.267465975843  1.11591201172e-06  1510.0  7.68510327864  -1.03531940938   -1.56286431182
0.666666666667  -0.233333333333  -0.433333333333  0.634034702632  1.39489001953e-07  0.365965157879  1.1  -0.9  0.268069684242  2.78978003906e-07  1520.0  7.63454338865  -1.03451935323   -1.56272908815
0.666666666667  -0.233333333333  -0.433333333333  0.633964260686  6.97445007813e-07  0.366035041869  1.1  -0.9  0.267929916262  1.39489001563e-06  1530.0  7.58464441225  -1.03457072662   -1.56262571244
0.666666666667  -0.233333333333  -0.433333333333  0.634116582676  2.7897800293e-07   0.365883138346  1.1  -0.9  0.268233723307  5.57956005859e-07  1540.0  7.53539347451  -1.03410316692   -1.56249309373
0.666666666667  -0.233333333333  -0.433333333333  0.634314517569  2.7897800293e-07   0.365685203453  1.1  -0.9  0.268629593094  5.57956005859e-07  1550.0  7.48677803274  -1.03355952129   -1.56238490487
0.666666666667  -0.233333333333  -0.433333333333  0.634391794476  1.39489001953e-07  0.365608066035  1.1  -0.9  0.26878386793   2.78978003906e-07  1560.0  7.43878586587  -1.03327608108   -1.56227141805
0.666666666667  -0.233333333333  -0.433333333333  0.634400442794  1.39489001953e-07  0.365599417717  1.1  -0.9  0.268801164566  2.78978003906e-07  1570.0  7.39140506417  -1.03308663748   -1.56210100076
0.666666666667  -0.233333333333  -0.433333333333  0.634591124259  2.7897800293e-07   0.365408596763  1.1  -0.9  0.269182806474  5.57956005859e-07  1580.0  7.34462401946  -1.03256796336   -1.56200188166
0.666666666667  -0.233333333333  -0.433333333333  0.63478375857   5.57956005859e-07  0.365215683474  1.1  -0.9  0.269568633052  1.11591201172e-06  1590.0  7.29843141557  -1.03199961324   -1.56185743861
0.666666666667  -0.233333333333  -0.433333333333  0.634858943142  4.18467004883e-07  0.365140638391  1.1  -0.9  0.269718723218  8.36934009766e-07  1600.0  7.25281621922  -1.03165823218   -1.56168140781
0.666666666667  -0.233333333333  -0.433333333333  0.634948216103  6.97445007813e-07  0.365051086452  1.1  -0.9  0.269897827096  1.39489001563e-06  1610.0  7.20776767127  -1.03139152512   -1.56161121286
0.666666666667  -0.233333333333  -0.433333333333  0.635001221924  9.76423010742e-07  0.364997801653  1.1  -0.9  0.270004396693  1.95284602148e-06  1620.0  7.16327527824  -1.03120409138   -1.56154050352
0.666666666667  -0.233333333333  -0.433333333333  0.635226217683  1.1159120127e-06   0.364772666405  1.1  -0.9  0.27045466719   2.23182402539e-06  1630.0  7.11932880414  -1.03050332208   -1.56133478068
0.666666666667  -0.233333333333  -0.433333333333  0.635235981913  0.0                0.364764018087  1.1  -0.9  0.270471963827  0.0                1640.0  7.07591826265  -1.03041237258   -1.56126486612
0.666666666667  -0.233333333333  -0.433333333333  0.635438101477  6.97445007813e-07  0.364561201078  1.1  -0.9  0.270877597843  1.39489001563e-06  1650.0  7.03303390954  -1.02985389744   -1.561151333
0.666666666667  -0.233333333333  -0.433333333333  0.635517610207  2.23182402539e-06  0.364480157969  1.1  -0.9  0.271039684063  4.46364805078e-06  1660.0  6.99066623539  -1.02954990018   -1.5610228687
0.666666666667  -0.233333333333  -0.433333333333  0.635789613761  1.53437901758e-06  0.36420885186   1.1  -0.9  0.271582296279  3.06875803516e-06  1670.0  6.94880595853  -1.02882660342   -1.56089770078
0.666666666667  -0.233333333333  -0.433333333333  0.635695737662  1.39489001563e-06  0.364302867448  1.1  -0.9  0.271394265105  2.78978003125e-06  1680.0  6.9074440183   -1.02890975931   -1.56077427346
0.666666666667  -0.233333333333  -0.433333333333  0.63597136793   2.23182402539e-06  0.364026400246  1.1  -0.9  0.271947199507  4.46364805078e-06  1690.0  6.86657156849  -1.02819504131   -1.56066627682
0.666666666667  -0.233333333333  -0.433333333333  0.635977784424  1.95284602246e-06  0.36402026273   1.1  -0.9  0.271959474539  3.90569204492e-06  1700.0  6.82617997103  -1.02803738754   -1.56052262774
0.666666666667  -0.233333333333  -0.433333333333  0.636250066955  1.67386801855e-06  0.363748259177  1.1  -0.9  0.272503481645  3.34773603711e-06  1710.0  6.78626078991  -1.02734050971   -1.56042465989
0.666666666667  -0.233333333333  -0.433333333333  0.636408526461  1.81335702051e-06  0.363589660182  1.1  -0.9  0.272820679635  3.62671404102e-06  1720.0  6.74680578532  -1.02681885539   -1.56025167228
0.666666666667  -0.233333333333  -0.433333333333  0.636442561777  1.25540101367e-06  0.363556182822  1.1  -0.9  0.272887634356  2.51080202734e-06  1730.0  6.70780690795  -1.02665236733   -1.56015983873
0.666666666667  -0.233333333333  -0.433333333333  0.636509377009  2.37131302637e-06  0.363488251678  1.1  -0.9  0.273023496643  4.74262605273e-06  1740.0  6.66925629353  -1.02639310824   -1.56004801952
0.666666666667  -0.233333333333  -0.433333333333  0.636740370795  1.81335702051e-06  0.363257815848  1.1  -0.9  0.273484368305  3.62671404102e-06  1750.0  6.63114625757  -1.02574202779   -1.55990490222
0.666666666667  -0.233333333333  -0.433333333333  0.636737999482  1.81335702051e-06  0.363260187161  1.1  -0.9  0.273479625678  3.62671404102e-06  1760.0  6.5934692902   -1.02563123909   -1.55978889662
0.666666666667  -0.233333333333  -0.433333333333  0.63685433331   6.97445007813e-07  0.363144969245  1.1  -0.9  0.273710061509  1.39489001563e-06  1770.0  6.55621805127  -1.02527760091   -1.55969074651
0.666666666667  -0.233333333333  -0.433333333333  0.636908594531  1.67386801855e-06  0.363089731601  1.1  -0.9  0.273820536798  3.34773603711e-06  1780.0  6.51938536559  -1.02502784162   -1.55956075247
0.666666666667  -0.233333333333  -0.433333333333  0.637186038155  2.23182402539e-06  0.362811730021  1.1  -0.9  0.274376539959  4.46364805078e-06  1790.0  6.4829642183   -1.02429073587   -1.55943424588
0.666666666667  -0.233333333333  -0.433333333333  0.637190362314  1.95284602246e-06  0.36280768484   1.1  -0.9  0.274384630321  3.90569204492e-06  1800.0  6.44694775042  -1.02418843206   -1.55934134363
0.666666666667  -0.233333333333  -0.433333333333  0.637422750991  1.81335702051e-06  0.362575435652  1.1  -0.9  0.274849128696  3.62671404102e-06  1810.0  6.41132925456  -1.02356397091   -1.55922808177
0.666666666667  -0.233333333333  -0.433333333333  0.637589440348  3.34773603809e-06  0.362407211916  1.1  -0.9  0.275185576168  6.69547207617e-06  1820.0  6.37610217074  -1.0230728982    -1.55910433939
0.666666666667  -0.233333333333  -0.433333333333  0.637601436402  4.32415904883e-06  0.362394239439  1.1  -0.9  0.275211521122  8.64831809766e-06  1830.0  6.34126008238  -1.02291101486   -1.55896923794
0.666666666667  -0.233333333333  -0.433333333333  0.637929235556  2.37131302637e-06  0.362068393131  1.1  -0.9  0.275863213737  4.74262605273e-06  1840.0  6.30679671236  -1.02205356531   -1.55883216539
0.666666666667  -0.233333333333  -0.433333333333  0.637965781674  3.76620304199e-06  0.362030452123  1.1  -0.9  0.275939095754  7.53240608398e-06  1850.0  6.27270591932  -1.021893187     -1.5587527465
0.666666666667  -0.233333333333  -0.433333333333  0.638147814821  4.32415904883e-06  0.36184786102   1.1  -0.9  0.27630427796   8.64831809766e-06  1860.0  6.23898169395  -1.0213252677    -1.5585855233
0.666666666667  -0.233333333333  -0.433333333333  0.638211142828  4.4636480498e-06   0.361784393524  1.1  -0.9  0.276431212952  8.92729609961e-06  1870.0  6.20561815548  -1.02106219547   -1.55846182849
0.666666666667  -0.233333333333  -0.433333333333  0.638225091728  3.90569204395e-06  0.36177100258   1.1  -0.9  0.27645799484   7.81138408789e-06  1880.0  6.17260954827  -1.02097827831   -1.55840837572
0.666666666667  -0.233333333333  -0.433333333333  0.638434046252  6.41649407227e-06  0.361559537254  1.1  -0.9  0.276880925493  1.28329881445e-05  1890.0  6.13995023849  -1.02038439591   -1.5582751976
0.666666666667  -0.233333333333  -0.433333333333  0.638495979369  6.13751606934e-06  0.361497883115  1.1  -0.9  0.27700423377   1.22750321387e-05  1900.0  6.10763471092  -1.02014343602   -1.55817037897
0.666666666667  -0.233333333333  -0.433333333333  0.638956711541  5.02160405664e-06  0.361038266855  1.1  -0.9  0.277923466291  1.00432081133e-05  1910.0  6.07565756584  -1.01887490714   -1.55791501451
0.666666666667  -0.233333333333  -0.433333333333  0.638835216621  7.81138408789e-06  0.361156971995  1.1  -0.9  0.27768605601   1.56227681758e-05  1920.0  6.04401351602  -1.01905458554   -1.55782852
0.666666666667  -0.233333333333  -0.433333333333  0.639065931429  7.95087308984e-06  0.360926117697  1.1  -0.9  0.278147764605  1.59017461797e-05  1930.0  6.01269738381  -1.01846210464   -1.55774366747
0.666666666667  -0.233333333333  -0.433333333333  0.639208489189  5.71904906445e-06  0.360785791762  1.1  -0.9  0.278428416476  1.14380981289e-05  1940.0  5.98170409833  -1.01806277799   -1.55765707516
0.666666666667  -0.233333333333  -0.433333333333  0.639122424475  6.83496107715e-06  0.360870740564  1.1  -0.9  0.278258518872  1.36699221543e-05  1950.0  5.95102869269  -1.01822687031   -1.55763227148
0.666666666667  -0.233333333333  -0.433333333333  0.639266935081  6.97445007813e-06  0.360726090469  1.1  -0.9  0.278547819062  1.39489001563e-05  1960.0  5.9206663014   -1.01775320238   -1.55747658267
0.666666666667  -0.233333333333  -0.433333333333  0.639473099825  8.22985109277e-06  0.360518670324  1.1  -0.9  0.278962659352  1.64597021855e-05  1970.0  5.89061215774  -1.01716918672   -1.55734663161
0.666666666667  -0.233333333333  -0.433333333333  0.639617191964  1.01826971143e-05  0.360372625339  1.1  -0.9  0.279254749322  2.03653942285e-05  1980.0  5.86086159129  -1.01664549332   -1.55714072205
0.666666666667  -0.233333333333  -0.433333333333  0.639702838211  6.97445007813e-06  0.360290187339  1.1  -0.9  0.279419625321  1.39489001563e-05  1990.0  5.8314100255   -1.01644658755   -1.55712895473
0.666666666667  -0.233333333333  -0.433333333333  0.639890729896  7.39291708301e-06  0.360101877187  1.1  -0.9  0.279796245626  1.4785834166e-05   2000.0  5.80225297537  -1.01595476575   -1.55705066202
0.666666666667  -0.233333333333  -0.433333333333  0.640018501821  1.04616751182e-05  0.359971036504  1.1  -0.9  0.280057926993  2.09233502363e-05  2010.0  5.77338604515  -1.01552919194   -1.55690741395
0.666666666667  -0.233333333333  -0.433333333333  0.640206672484  1.1019631124e-05   0.359782307885  1.1  -0.9  0.280435384231  2.2039262248e-05   2020.0  5.74480492611  -1.01499362486   -1.55678604551
0.666666666667  -0.233333333333  -0.433333333333  0.640307941499  1.26934991426e-05  0.359679365001  1.1  -0.9  0.280641269997  2.53869982852e-05  2030.0  5.71650539446  -1.01459681723   -1.55661269926
0.666666666667  -0.233333333333  -0.433333333333  0.640496949097  1.38094111553e-05  0.359489241492  1.1  -0.9  0.281021517015  2.76188223105e-05  2040.0  5.68848330919  -1.01413046322   -1.55656260833
0.666666666667  -0.233333333333  -0.433333333333  0.640400143729  1.18565651338e-05  0.359587999705  1.1  -0.9  0.280824000589  2.37131302676e-05  2050.0  5.66073461012  -1.01417730039   -1.55639569256
0.666666666667  -0.233333333333  -0.433333333333  0.640665870277  9.48525210645e-06  0.35932464447   1.1  -0.9  0.281350711059  1.89705042129e-05  2060.0  5.6332553159   -1.01352717961   -1.55632922165
0.666666666667  -0.233333333333  -0.433333333333  0.64082195847   1.24145211396e-05  0.359165627009  1.1  -0.9  0.281668745983  2.48290422793e-05  2070.0  5.6060415221   -1.01298980088   -1.55613640866
0.666666666667  -0.233333333333  -0.433333333333  0.640897143042  1.15775871309e-05  0.359091279371  1.1  -0.9  0.281817441258  2.31551742617e-05  2080.0  5.5790893994   -1.0128038348    -1.55611551386
0.666666666667  -0.233333333333  -0.433333333333  0.64101473227   1.8552037209e-05   0.358966715692  1.1  -0.9  0.282066568615  3.7104074418e-05   2090.0  5.55239519175  -1.01231943643   -1.55589260157
0.666666666667  -0.233333333333  -0.433333333333  0.641135111279  1.56227681758e-05  0.358849265953  1.1  -0.9  0.282301468094  3.12455363516e-05  2100.0  5.52595521464  -1.01201637477   -1.55585320202
0.666666666667  -0.233333333333  -0.433333333333  0.641363454774  1.71571471934e-05  0.358619388078  1.1  -0.9  0.282761223843  3.43142943867e-05  2110.0  5.49976585344  -1.01139602488   -1.55573582157
0.666666666667  -0.233333333333  -0.433333333333  0.641454401603  1.50648121699e-05  0.358530533584  1.1  -0.9  0.282938932831  3.01296243398e-05  2120.0  5.47382356168  -1.01113293376   -1.55567197655
0.666666666667  -0.233333333333  -0.433333333333  0.641533491867  1.39489001572e-05  0.358452559233  1.1  -0.9  0.283094881535  2.78978003145e-05  2130.0  5.44812485951  -1.01086143586   -1.55557403086
0.666666666667  -0.233333333333  -0.433333333333  0.641699762757  1.71571471934e-05  0.358283080096  1.1  -0.9  0.283433839809  3.43142943867e-05  2140.0  5.42266633213  -1.01025960732   -1.55533928158
0.666666666667  -0.233333333333  -0.433333333333  0.641801171261  1.38094111553e-05  0.358185019328  1.1  -0.9  0.283629961345  2.76188223105e-05  2150.0  5.39744462826  -1.00996940334   -1.55527083721
0.666666666667  -0.233333333333  -0.433333333333  0.642037605119  1.4925323168e-05   0.357947469558  1.1  -0.9  0.284105060884  2.98506463359e-05  2160.0  5.37245645868  -1.00931429483   -1.55513632956
0.666666666667  -0.233333333333  -0.433333333333  0.642189648131  1.79940812031e-05  0.357792357788  1.1  -0.9  0.284415284424  3.59881624063e-05  2170.0  5.34769859482  -1.00884655058   -1.55500430743
0.666666666667  -0.233333333333  -0.433333333333  0.642205828855  1.8412548207e-05   0.357775758597  1.1  -0.9  0.284448482806  3.68250964141e-05  2180.0  5.32316786732  -1.00875068185   -1.55494420368
0.666666666667  -0.233333333333  -0.433333333333  0.642285895542  1.67386801885e-05  0.357697365778  1.1  -0.9  0.284605268444  3.3477360377e-05   2190.0  5.29886116473  -1.00849180185   -1.55486080085
0.666666666667  -0.233333333333  -0.433333333333  0.64242161834   2.27367072559e-05  0.357555644953  1.1  -0.9  0.284888710095  4.54734145117e-05  2200.0  5.27477543216  -1.00804598169   -1.55471597005
0.666666666667  -0.233333333333  -0.433333333333  0.642478111386  2.73398443076e-05  0.35749454877   1.1  -0.9  0.28501090246   5.46796886152e-05  2210.0  5.25090767002  -1.00782970365   -1.55462581797
0.666666666667  -0.233333333333  -0.433333333333  0.642760995081  2.92926903301e-05  0.357209712229  1.1  -0.9  0.285580575543  5.85853806602e-05  2220.0  5.22725493277  -1.00708144582   -1.55450068541
0.666666666667  -0.233333333333  -0.433333333333  0.642931311152  2.5805465291e-05   0.357042883383  1.1  -0.9  0.285914233235  5.1610930582e-05   2230.0  5.20381432769  -1.00658989936   -1.55438243942
0.666666666667  -0.233333333333  -0.433333333333  0.642970089094  2.94321793311e-05  0.357000478726  1.1  -0.9  0.285999042547  5.88643586621e-05  2240.0  5.18058301373  -1.00637620872   -1.55425551093
0.666666666667  -0.233333333333  -0.433333333333  0.643052527094  3.26404263672e-05  0.356914832479  1.1  -0.9  0.286170335041  6.52808527344e-05  2250.0  5.15755820033  -1.00608145407   -1.55414340318
0.666666666667  -0.233333333333  -0.433333333333  0.643290495331  3.62671404082e-05  0.356673237529  1.1  -0.9  0.286653524943  7.25342808164e-05  2260.0  5.13473714635  -1.00541383249   -1.55400076241
0.666666666667  -0.233333333333  -0.433333333333  0.643548828962  3.27799153691e-05  0.356418391123  1.1  -0.9  0.287163217755  6.55598307383e-05  2270.0  5.11211715892  -1.00466280306   -1.55381667208
0.666666666667  -0.233333333333  -0.433333333333  0.643392740769  3.37563383799e-05  0.356573502892  1.1  -0.9  0.286852994215  6.75126767598e-05  2280.0  5.08969559243  -1.00503917506   -1.55385004062
0.666666666667  -0.233333333333  -0.433333333333  0.643599323981  2.92926903301e-05  0.356371383329  1.1  -0.9  0.287257233342  5.85853806602e-05  2290.0  5.06746984749  -1.00442479569   -1.55368835886
0.666666666667  -0.233333333333  -0.433333333333  0.64378944749   3.86384534355e-05  0.356171914057  1.1  -0.9  0.287656171886  7.72769068711e-05  2300.0  5.04543736989  -1.00382698131   -1.55351255451
0.666666666667  -0.233333333333  -0.433333333333  0.643825296163  3.43142943867e-05  0.356140389543  1.1  -0.9  0.287719220915  6.86285887734e-05  2310.0  5.02359564968  -1.00366302319   -1.55342573381
0.666666666667  -0.233333333333  -0.433333333333  0.644053918637  3.72435634199e-05  0.3559088378    1.1  -0.9  0.2881823244    7.44871268398e-05  2320.0  5.00194222015  -1.00309840422   -1.55336525598
0.666666666667  -0.233333333333  -0.433333333333  0.644174855601  3.84989644336e-05  0.355786645435  1.1  -0.9  0.288426709131  7.69979288672e-05  2330.0  4.98047465697  -1.00273599176   -1.553269407
0.666666666667  -0.233333333333  -0.433333333333  0.644204427269  4.63103485215e-05  0.355749262382  1.1  -0.9  0.288501475236  9.2620697043e-05   2340.0  4.95919057724  -1.00250782435   -1.55310942181
0.666666666667  -0.233333333333  -0.433333333333  0.644412963327  4.0730788459e-05   0.355546305885  1.1  -0.9  0.28890738823   8.1461576918e-05   2350.0  4.93808763862  -1.00197049278   -1.55302863775
0.666666666667  -0.233333333333  -0.433333333333  0.644460808054  4.17072114697e-05  0.355497484734  1.1  -0.9  0.289005030531  8.34144229395e-05  2360.0  4.91716353845  -1.00172857702   -1.55289237096
0.666666666667  -0.233333333333  -0.433333333333  0.644830453908  4.0591299457e-05   0.355128954792  1.1  -0.9  0.289742090416  8.11825989141e-05  2370.0  4.89641601298  -1.00083951908   -1.55281608753
0.666666666667  -0.233333333333  -0.433333333333  0.644793349834  5.06345075703e-05  0.355156015658  1.1  -0.9  0.289687968683  0.000101269015141  2380.0  4.87584283645  -1.00076432817   -1.55266328494
0.666666666667  -0.233333333333  -0.433333333333  0.644886807465  4.40785244961e-05  0.35506911401   1.1  -0.9  0.289861771979  8.81570489922e-05  2390.0  4.8554418204   -1.00049694454   -1.55259888571
0.666666666667  -0.233333333333  -0.433333333333  0.64495041445   5.52376446221e-05  0.354994347906  1.1  -0.9  0.290011304189  0.000110475289244  2400.0  4.83521081281  -1.00018478576   -1.55243112594
