#mu0            mu1             mu2             x0              x1                 x2              mua   mub   xa                 xb                 T       b              u               phi
0.433333333333  -1.06666666667  0.633333333333  0.5             0.0                0.5             -0.2  -1.5  0.0                0.0                30.0    386.816865025  -1.31774118     -2.38440784667
0.433333333333  -1.06666666667  0.633333333333  0.5             0.0                0.5             -0.2  -1.5  0.0                0.0                40.0    290.112648769  -1.31774118     -2.38440784667
0.433333333333  -1.06666666667  0.633333333333  0.5             0.0                0.5             -0.2  -1.5  0.0                0.0                50.0    232.090119015  -1.31774118     -2.38440784667
0.433333333333  -1.06666666667  0.633333333333  0.5             0.0                0.5             -0.2  -1.5  0.0                0.0                60.0    193.408432513  -1.31774118     -2.38440784667
0.433333333333  -1.06666666667  0.633333333333  0.5             0.0                0.5             -0.2  -1.5  0.0                0.0                70.0    165.778656439  -1.31774118     -2.38440784667
0.433333333333  -1.06666666667  0.633333333333  0.5             0.0                0.5             -0.2  -1.5  0.0                0.0                80.0    145.056324384  -1.31774118     -2.38440784667
0.433333333333  -1.06666666667  0.633333333333  0.5             0.0                0.5             -0.2  -1.5  0.0                0.0                90.0    128.938955008  -1.31774118     -2.38440784667
0.433333333333  -1.06666666667  0.633333333333  0.5             0.0                0.5             -0.2  -1.5  0.0                0.0                100.0   116.045059507  -1.31774118     -2.38440784667
0.433333333333  -1.06666666667  0.633333333333  0.5             0.0                0.5             -0.2  -1.5  0.0                0.0                110.0   105.495508643  -1.31774118     -2.38440784667
0.433333333333  -1.06666666667  0.633333333333  0.5             0.0                0.5             -0.2  -1.5  0.0                0.0                120.0   96.7042162563  -1.31774118     -2.38440784667
0.433333333333  -1.06666666667  0.633333333333  0.5             0.0                0.5             -0.2  -1.5  0.0                0.0                130.0   89.2654303904  -1.31774118     -2.38440784667
0.433333333333  -1.06666666667  0.633333333333  0.5             0.0                0.5             -0.2  -1.5  0.0                0.0                140.0   82.8893282196  -1.31774118     -2.38440784667
0.433333333333  -1.06666666667  0.633333333333  0.5             0.0                0.5             -0.2  -1.5  0.0                0.0                150.0   77.363373005   -1.31774118     -2.38440784667
0.433333333333  -1.06666666667  0.633333333333  0.5             0.0                0.5             -0.2  -1.5  0.0                0.0                160.0   72.5281621922  -1.31774118     -2.38440784667
0.433333333333  -1.06666666667  0.633333333333  0.5             0.0                0.5             -0.2  -1.5  0.0                0.0                170.0   68.2617997103  -1.31774118     -2.38440784667
0.433333333333  -1.06666666667  0.633333333333  0.5             0.0                0.5             -0.2  -1.5  0.0                0.0                180.0   64.4694775042  -1.31774118     -2.38440784667
0.433333333333  -1.06666666667  0.633333333333  0.5             0.0                0.5             -0.2  -1.5  0.0                0.0                190.0   61.0763471092  -1.31774118     -2.38440784667
0.433333333333  -1.06666666667  0.633333333333  0.5             0.0                0.5             -0.2  -1.5  0.0                0.0                200.0   58.0225297537  -1.31774118     -2.38440784667
0.433333333333  -1.06666666667  0.633333333333  0.5             0.0                0.5             -0.2  -1.5  0.0                0.0                210.0   55.2595521464  -1.31774118     -2.38440784667
0.433333333333  -1.06666666667  0.633333333333  0.5             0.0                0.5             -0.2  -1.5  0.0                0.0                220.0   52.7477543216  -1.31774118     -2.38440784667
0.433333333333  -1.06666666667  0.633333333333  0.5             0.0                0.5             -0.2  -1.5  0.0                0.0                230.0   50.4543736989  -1.31774118     -2.38440784667
0.433333333333  -1.06666666667  0.633333333333  0.5             0.0                0.5             -0.2  -1.5  0.0                0.0                240.0   48.3521081281  -1.31774118     -2.38440784667
0.433333333333  -1.06666666667  0.633333333333  0.5             0.0                0.5             -0.2  -1.5  0.0                0.0                250.0   46.418023803   -1.31774118     -2.38440784667
0.433333333333  -1.06666666667  0.633333333333  0.5             0.0                0.5             -0.2  -1.5  0.0                0.0                260.0   44.6327151952  -1.31774118     -2.38440784667
0.433333333333  -1.06666666667  0.633333333333  0.5             0.0                0.5             -0.2  -1.5  0.0                0.0                270.0   42.9796516694  -1.31774118     -2.38440784667
0.433333333333  -1.06666666667  0.633333333333  0.5             0.0                0.5             -0.2  -1.5  0.0                0.0                280.0   41.4446641098  -1.31774118     -2.38440784667
0.433333333333  -1.06666666667  0.633333333333  0.5             0.0                0.5             -0.2  -1.5  0.0                0.0                290.0   40.0155377612  -1.31774118     -2.38440784667
0.433333333333  -1.06666666667  0.633333333333  0.5             0.0                0.5             -0.2  -1.5  0.0                0.0                300.0   38.6816865025  -1.31774118     -2.38440784667
0.433333333333  -1.06666666667  0.633333333333  0.5             0.0                0.5             -0.2  -1.5  0.0                0.0                310.0   37.4338901637  -1.31774118     -2.38440784667
0.433333333333  -1.06666666667  0.633333333333  0.5             0.0                0.5             -0.2  -1.5  0.0                0.0                320.0   36.2640810961  -1.31774118     -2.38440784667
0.433333333333  -1.06666666667  0.633333333333  0.5             0.0                0.5             -0.2  -1.5  0.0                0.0                330.0   35.1651695477  -1.31774118     -2.38440784667
0.433333333333  -1.06666666667  0.633333333333  0.5             0.0                0.5             -0.2  -1.5  0.0                0.0                340.0   34.1308998551  -1.31774118     -2.38440784667
0.433333333333  -1.06666666667  0.633333333333  0.5             0.0                0.5             -0.2  -1.5  0.0                0.0                350.0   33.1557312879  -1.31774118     -2.38440784667
0.433333333333  -1.06666666667  0.633333333333  0.5             0.0                0.5             -0.2  -1.5  0.0                0.0                360.0   32.2347387521  -1.31774118     -2.38440784667
0.433333333333  -1.06666666667  0.633333333333  0.5             0.0                0.5             -0.2  -1.5  0.0                0.0                370.0   31.3635295966  -1.31774118     -2.38440784667
0.433333333333  -1.06666666667  0.633333333333  0.5             0.0                0.5             -0.2  -1.5  0.0                0.0                380.0   30.5381735546  -1.31774118     -2.38440784667
0.433333333333  -1.06666666667  0.633333333333  0.5             0.0                0.5             -0.2  -1.5  0.0                0.0                390.0   29.7551434635  -1.31774118     -2.38440784667
0.433333333333  -1.06666666667  0.633333333333  0.5             0.0                0.5             -0.2  -1.5  0.0                0.0                400.0   29.0112648769  -1.31774118     -2.38440784667
0.433333333333  -1.06666666667  0.633333333333  0.5             0.0                0.5             -0.2  -1.5  0.0                0.0                410.0   28.3036730506  -1.31774118     -2.38440784667
0.433333333333  -1.06666666667  0.633333333333  0.5             0.0                0.5             -0.2  -1.5  0.0                0.0                420.0   27.6297760732  -1.31774118     -2.38440784667
0.433333333333  -1.06666666667  0.633333333333  0.5             0.0                0.5             -0.2  -1.5  0.0                0.0                430.0   26.9872231413  -1.31774118     -2.38440784667
0.433333333333  -1.06666666667  0.633333333333  0.5             0.0                0.5             -0.2  -1.5  0.0                0.0                440.0   26.3738771608  -1.31774118     -2.38440784667
0.433333333333  -1.06666666667  0.633333333333  0.5             0.0                0.5             -0.2  -1.5  0.0                0.0                450.0   25.7877910017  -1.31774118     -2.38440784667
0.433333333333  -1.06666666667  0.633333333333  0.5             0.0                0.5             -0.2  -1.5  0.0                0.0                460.0   25.2271868495  -1.31774118     -2.38440784667
0.433333333333  -1.06666666667  0.633333333333  0.5             0.0                0.5             -0.2  -1.5  0.0                0.0                470.0   24.6904381931  -1.31774118     -2.38440784667
0.433333333333  -1.06666666667  0.633333333333  0.5             0.0                0.5             -0.2  -1.5  0.0                0.0                480.0   24.1760540641  -1.31774118     -2.38440784667
0.433333333333  -1.06666666667  0.633333333333  0.5             0.0                0.5             -0.2  -1.5  0.0                0.0                490.0   23.6826652056  -1.31774118     -2.38440784667
0.433333333333  -1.06666666667  0.633333333333  0.5             0.0                0.5             -0.2  -1.5  0.0                0.0                500.0   23.2090119015  -1.31774118     -2.38440784667
0.433333333333  -1.06666666667  0.633333333333  0.5             0.0                0.5             -0.2  -1.5  0.0                0.0                510.0   22.7539332368  -1.31774118     -2.38440784667
0.433333333333  -1.06666666667  0.633333333333  0.5             0.0                0.5             -0.2  -1.5  0.0                0.0                520.0   22.3163575976  -1.31774118     -2.38440784667
0.433333333333  -1.06666666667  0.633333333333  0.5             0.0                0.5             -0.2  -1.5  0.0                0.0                530.0   21.8952942467  -1.31774118     -2.38440784667
0.433333333333  -1.06666666667  0.633333333333  0.5             0.0                0.5             -0.2  -1.5  0.0                0.0                540.0   21.4898258347  -1.31774118     -2.38440784667
0.433333333333  -1.06666666667  0.633333333333  0.5             0.0                0.5             -0.2  -1.5  0.0                0.0                550.0   21.0991017286  -1.31774118     -2.38440784667
0.433333333333  -1.06666666667  0.633333333333  0.5             0.0                0.5             -0.2  -1.5  0.0                0.0                560.0   20.7223320549  -1.31774118     -2.38440784667
0.433333333333  -1.06666666667  0.633333333333  0.5             0.0                0.5             -0.2  -1.5  0.0                0.0                570.0   20.3587823697  -1.31774118     -2.38440784667
0.433333333333  -1.06666666667  0.633333333333  0.5             0.0                0.5             -0.2  -1.5  0.0                0.0                580.0   20.0077688806  -1.31774118     -2.38440784667
0.433333333333  -1.06666666667  0.633333333333  0.5             0.0                0.5             -0.2  -1.5  0.0                0.0                590.0   19.6686541538  -1.31774118     -2.38440784667
0.433333333333  -1.06666666667  0.633333333333  0.5             0.0                0.5             -0.2  -1.5  0.0                0.0                600.0   19.3408432512  -1.31774118     -2.38440784667
0.433333333333  -1.06666666667  0.633333333333  0.5             0.0                0.5             -0.2  -1.5  0.0                0.0                610.0   19.0237802471  -1.31774118     -2.38440784667
0.433333333333  -1.06666666667  0.633333333333  0.5             0.0                0.5             -0.2  -1.5  0.0                0.0                620.0   18.7169450819  -1.31774118     -2.38440784667
0.433333333333  -1.06666666667  0.633333333333  0.5             0.0                0.5             -0.2  -1.5  0.0                0.0                630.0   18.4198507155  -1.31774118     -2.38440784667
0.433333333333  -1.06666666667  0.633333333333  0.5             0.0                0.5             -0.2  -1.5  0.0                0.0                640.0   18.132040548   -1.31774118     -2.38440784667
0.433333333333  -1.06666666667  0.633333333333  0.5             0.0                0.5             -0.2  -1.5  0.0                0.0                650.0   17.8530860781  -1.31774118     -2.38440784667
0.433333333333  -1.06666666667  0.633333333333  0.5             0.0                0.5             -0.2  -1.5  0.0                0.0                660.0   17.5825847739  -1.31774118     -2.38440784667
0.433333333333  -1.06666666667  0.633333333333  0.5             0.0                0.5             -0.2  -1.5  0.0                0.0                670.0   17.3201581354  -1.31774118     -2.38440784667
0.433333333333  -1.06666666667  0.633333333333  0.5             0.0                0.5             -0.2  -1.5  0.0                0.0                680.0   17.0654499276  -1.31774118     -2.38440784667
0.433333333333  -1.06666666667  0.633333333333  0.5             0.0                0.5             -0.2  -1.5  0.0                0.0                690.0   16.8181245663  -1.31774118     -2.38440784667
0.433333333333  -1.06666666667  0.633333333333  0.5             0.0                0.5             -0.2  -1.5  0.0                0.0                700.0   16.5778656439  -1.31774118     -2.38440784667
0.433333333333  -1.06666666667  0.633333333333  0.5             0.0                0.5             -0.2  -1.5  0.0                0.0                710.0   16.3443745785  -1.31774118     -2.38440784667
0.433333333333  -1.06666666667  0.633333333333  0.5             0.0                0.5             -0.2  -1.5  0.0                0.0                720.0   16.117369376   -1.31774118     -2.38440784667
0.433333333333  -1.06666666667  0.633333333333  0.5             0.0                0.5             -0.2  -1.5  0.0                0.0                730.0   15.8965834942  -1.31774118     -2.38440784667
0.433333333333  -1.06666666667  0.633333333333  0.5             0.0                0.5             -0.2  -1.5  0.0                0.0                740.0   15.6817647983  -1.31774118     -2.38440784667
0.433333333333  -1.06666666667  0.633333333333  0.5             0.0                0.5             -0.2  -1.5  0.0                0.0                750.0   15.472674601   -1.31774118     -2.38440784667
0.433333333333  -1.06666666667  0.633333333333  0.5             0.0                0.5             -0.2  -1.5  0.0                0.0                760.0   15.2690867773  -1.31774118     -2.38440784667
0.433333333333  -1.06666666667  0.633333333333  0.5             0.0                0.5             -0.2  -1.5  0.0                0.0                770.0   15.070786949   -1.31774118     -2.38440784667
0.433333333333  -1.06666666667  0.633333333333  0.5             0.0                0.5             -0.2  -1.5  0.0                0.0                780.0   14.8775717317  -1.31774118     -2.38440784667
0.433333333333  -1.06666666667  0.633333333333  0.5             0.0                0.5             -0.2  -1.5  0.0                0.0                790.0   14.6892480389  -1.31774118     -2.38440784667
0.433333333333  -1.06666666667  0.633333333333  0.5             0.0                0.5             -0.2  -1.5  0.0                0.0                800.0   14.5056324384  -1.31774118     -2.38440784667
0.433333333333  -1.06666666667  0.633333333333  0.500000278978  0.0                0.499999721022  -0.2  -1.5  5.57956005842e-07  0.0                810.0   14.3265505565  -1.31774061917  -2.38440717424
0.433333333333  -1.06666666667  0.633333333333  0.5             0.0                0.5             -0.2  -1.5  0.0                0.0                820.0   14.1518365253  -1.31774118     -2.38440784667
0.433333333333  -1.06666666667  0.633333333333  0.5             0.0                0.5             -0.2  -1.5  0.0                0.0                830.0   13.9813324708  -1.31774118     -2.38440784667
0.433333333333  -1.06666666667  0.633333333333  0.5             0.0                0.5             -0.2  -1.5  0.0                0.0                840.0   13.8148880366  -1.31774118     -2.38440784667
0.433333333333  -1.06666666667  0.633333333333  0.500000139489  0.0                0.499999860511  -0.2  -1.5  2.78978003809e-07  0.0                850.0   13.6523599421  -1.31774089958  -2.38440751045
0.433333333333  -1.06666666667  0.633333333333  0.5             0.0                0.5             -0.2  -1.5  0.0                0.0                860.0   13.4936115706  -1.31774118     -2.38440784667
0.433333333333  -1.06666666667  0.633333333333  0.500000139489  0.0                0.499999860511  -0.2  -1.5  2.78978003809e-07  0.0                870.0   13.3385125871  -1.31774089958  -2.38440751045
0.433333333333  -1.06666666667  0.633333333333  0.5             0.0                0.5             -0.2  -1.5  0.0                0.0                880.0   13.1869385804  -1.31774118     -2.38440784667
0.433333333333  -1.06666666667  0.633333333333  0.5             0.0                0.5             -0.2  -1.5  0.0                0.0                890.0   13.0387707312  -1.31774118     -2.38440784667
0.433333333333  -1.06666666667  0.633333333333  0.5             0.0                0.5             -0.2  -1.5  0.0                0.0                900.0   12.8938955008  -1.31774118     -2.38440784667
0.433333333333  -1.06666666667  0.633333333333  0.5             0.0                0.5             -0.2  -1.5  0.0                0.0                910.0   12.7522043415  -1.31774118     -2.38440784667
0.433333333333  -1.06666666667  0.633333333333  0.500000139489  0.0                0.499999860511  -0.2  -1.5  2.78978003809e-07  0.0                920.0   12.6135934247  -1.31774089958  -2.38440751045
0.433333333333  -1.06666666667  0.633333333333  0.5             0.0                0.5             -0.2  -1.5  0.0                0.0                930.0   12.4779633879  -1.31774118     -2.38440784667
0.433333333333  -1.06666666667  0.633333333333  0.5             0.0                0.5             -0.2  -1.5  0.0                0.0                940.0   12.3452190965  -1.31774118     -2.38440784667
0.433333333333  -1.06666666667  0.633333333333  0.5             0.0                0.5             -0.2  -1.5  0.0                0.0                950.0   12.2152694218  -1.31774118     -2.38440784667
0.433333333333  -1.06666666667  0.633333333333  0.5             0.0                0.5             -0.2  -1.5  0.0                0.0                960.0   12.088027032   -1.31774118     -2.38440784667
0.433333333333  -1.06666666667  0.633333333333  0.500000278978  0.0                0.499999721022  -0.2  -1.5  5.57956005842e-07  0.0                970.0   11.9634081967  -1.31774061917  -2.38440717424
0.433333333333  -1.06666666667  0.633333333333  0.500000139489  0.0                0.499999860511  -0.2  -1.5  2.78978003809e-07  0.0                980.0   11.8413326028  -1.31774089958  -2.38440751045
0.433333333333  -1.06666666667  0.633333333333  0.5             0.0                0.5             -0.2  -1.5  0.0                0.0                990.0   11.7217231826  -1.31774118     -2.38440784667
0.433333333333  -1.06666666667  0.633333333333  0.5             0.0                0.5             -0.2  -1.5  0.0                0.0                1000.0  11.6045059507  -1.31774118     -2.38440784667
0.433333333333  -1.06666666667  0.633333333333  0.500000139489  0.0                0.499999860511  -0.2  -1.5  2.78978003809e-07  0.0                1010.0  11.4896098522  -1.31774089958  -2.38440751045
0.433333333333  -1.06666666667  0.633333333333  0.500000278978  0.0                0.499999721022  -0.2  -1.5  5.57956005842e-07  0.0                1020.0  11.3769666184  -1.31774061917  -2.38440717424
0.433333333333  -1.06666666667  0.633333333333  0.500000278978  0.0                0.499999721022  -0.2  -1.5  5.57956005842e-07  0.0                1030.0  11.2665106318  -1.31774061917  -2.38440717424
0.433333333333  -1.06666666667  0.633333333333  0.500000976423  0.0                0.499999023577  -0.2  -1.5  1.95284602156e-06  0.0                1040.0  11.1581787988  -1.31773921708  -2.38440549318
0.433333333333  -1.06666666667  0.633333333333  0.500001952846  0.0                0.499998047154  -0.2  -1.5  3.90569204489e-06  0.0                1050.0  11.0519104293  -1.31773725417  -2.38440313969
0.433333333333  -1.06666666667  0.633333333333  0.500000557956  0.0                0.499999442044  -0.2  -1.5  1.11591201168e-06  0.0                1060.0  10.9476471233  -1.31774005833  -2.38440650182
0.433333333333  -1.06666666667  0.633333333333  0.500001952846  0.0                0.499998047154  -0.2  -1.5  3.90569204489e-06  0.0                1070.0  10.8453326643  -1.31773725417  -2.38440313969
0.433333333333  -1.06666666667  0.633333333333  0.500001534379  0.0                0.499998465621  -0.2  -1.5  3.06875803524e-06  0.0                1080.0  10.7449129174  -1.31773809542  -2.38440414833
0.433333333333  -1.06666666667  0.633333333333  0.500002092335  0.0                0.499997907665  -0.2  -1.5  4.18467004693e-06  0.0                1090.0  10.6463357346  -1.31773697375  -2.38440280348
0.433333333333  -1.06666666667  0.633333333333  0.500000697445  0.0                0.499999302555  -0.2  -1.5  1.39489001572e-06  0.0                1100.0  10.5495508643  -1.31773977792  -2.38440616561
0.433333333333  -1.06666666667  0.633333333333  0.500002231824  0.0                0.499997768176  -0.2  -1.5  4.46364805073e-06  0.0                1110.0  10.4545098655  -1.31773669333  -2.38440246727
0.433333333333  -1.06666666667  0.633333333333  0.500001673868  0.0                0.499998326132  -0.2  -1.5  3.34773603705e-06  0.0                1120.0  10.3611660275  -1.317737815    -2.38440381212
0.433333333333  -1.06666666667  0.633333333333  0.500002231824  0.0                0.499997768176  -0.2  -1.5  4.46364805073e-06  0.0                1130.0  10.2694742927  -1.31773669333  -2.38440246727
0.433333333333  -1.06666666667  0.633333333333  0.500003208247  0.0                0.499996791753  -0.2  -1.5  6.41649407218e-06  0.0                1140.0  10.1793911849  -1.31773473042  -2.38440011378
0.433333333333  -1.06666666667  0.633333333333  0.500003068758  0.0                0.499996931242  -0.2  -1.5  6.13751606826e-06  0.0                1150.0  10.0908747398  -1.31773501083  -2.38440045
0.433333333333  -1.06666666667  0.633333333333  0.500002929269  0.0                0.499997070731  -0.2  -1.5  5.85853806634e-06  0.0                1160.0  10.0038844403  -1.31773529125  -2.38440078621
0.433333333333  -1.06666666667  0.633333333333  0.500002929269  0.0                0.499997070731  -0.2  -1.5  5.85853806634e-06  0.0                1170.0  9.91838115449  -1.31773529125  -2.38440078621
0.433333333333  -1.06666666667  0.633333333333  0.500003068758  0.0                0.499996931242  -0.2  -1.5  6.13751606826e-06  0.0                1180.0  9.83432707691  -1.31773501083  -2.38440045
0.433333333333  -1.06666666667  0.633333333333  0.500002929269  0.0                0.499997070731  -0.2  -1.5  5.85853806634e-06  0.0                1190.0  9.7516856729   -1.31773529125  -2.38440078621
0.433333333333  -1.06666666667  0.633333333333  0.500006695472  0.0                0.499993304528  -0.2  -1.5  1.33909441504e-05  0.0                1200.0  9.67042162562  -1.31772772     -2.38439170848
0.433333333333  -1.06666666667  0.633333333333  0.50000418467   0.0                0.49999581533   -0.2  -1.5  8.36934009385e-06  0.0                1210.0  9.59050078574  -1.3177327675   -2.3843977603
0.433333333333  -1.06666666667  0.633333333333  0.50000557956   0.0                0.49999442044   -0.2  -1.5  1.11591201248e-05  0.0                1220.0  9.51189012357  -1.31772996333  -2.38439439818
0.433333333333  -1.06666666667  0.633333333333  0.500005300582  0.0                0.499994699418  -0.2  -1.5  1.0601164119e-05   0.0                1230.0  9.43455768354  -1.31773052417  -2.3843950706
0.433333333333  -1.06666666667  0.633333333333  0.500007950873  0.0                0.499992049127  -0.2  -1.5  1.59017461796e-05  0.0                1240.0  9.35847254093  -1.31772519625  -2.38438868257
0.433333333333  -1.06666666667  0.633333333333  0.500005858538  0.0                0.499994141462  -0.2  -1.5  1.17170761329e-05  0.0                1250.0  9.2836047606   -1.3177294025   -2.38439372575
0.433333333333  -1.06666666667  0.633333333333  0.500006277005  0.0                0.499993722995  -0.2  -1.5  1.25540101408e-05  0.0                1260.0  9.20992535774  -1.31772856125  -2.38439271711
0.433333333333  -1.06666666667  0.633333333333  0.500009345763  0.0                0.499990654237  -0.2  -1.5  1.8691526211e-05   0.0                1270.0  9.13740626043  -1.31772239208  -2.38438532044
0.433333333333  -1.06666666667  0.633333333333  0.500006834961  0.0                0.499993165039  -0.2  -1.5  1.36699221542e-05  0.0                1280.0  9.06602027402  -1.31772743958  -2.38439137227
0.433333333333  -1.06666666667  0.633333333333  0.500010182697  0.0                0.499989817303  -0.2  -1.5  2.03653942287e-05  0.0                1290.0  8.99574104709  -1.31772070958  -2.38438330317
0.433333333333  -1.06666666667  0.633333333333  0.500009624741  0.0                0.499990375259  -0.2  -1.5  1.92494822169e-05  0.0                1300.0  8.92654303904  -1.31772183125  -2.38438464802
0.433333333333  -1.06666666667  0.633333333333  0.500013251455  0.0                0.499986748545  -0.2  -1.5  2.65029102988e-05  0.0                1310.0  8.85840148912  -1.31771454042  -2.3843759065
0.433333333333  -1.06666666667  0.633333333333  0.50001255401   0.0                0.49998744599   -0.2  -1.5  2.51080202833e-05  0.0                1320.0  8.79129238693  -1.3177159425   -2.38437758756
0.433333333333  -1.06666666667  0.633333333333  0.50001255401   0.0                0.49998744599   -0.2  -1.5  2.51080202833e-05  0.0                1330.0  8.72519244417  -1.3177159425   -2.38437758756
0.433333333333  -1.06666666667  0.633333333333  0.500018831015  0.0                0.499981168985  -0.2  -1.5  3.7662030424e-05   0.0                1340.0  8.66007906772  -1.31770332375  -2.38436245801
0.433333333333  -1.06666666667  0.633333333333  0.500015483279  0.0                0.499984516721  -0.2  -1.5  3.09665583496e-05  0.0                1350.0  8.59593033389  -1.31771005375  -2.3843705271
0.433333333333  -1.06666666667  0.633333333333  0.500017715103  0.0                0.499982284897  -0.2  -1.5  3.54302063985e-05  0.0                1360.0  8.53272496379  -1.31770556708  -2.38436514771
0.433333333333  -1.06666666667  0.633333333333  0.500019109993  0.0                0.499980890007  -0.2  -1.5  3.82199864298e-05  0.0                1370.0  8.47044229982  -1.31770276292  -2.38436178559
0.433333333333  -1.06666666667  0.633333333333  0.500020644372  0.0                0.499979355628  -0.2  -1.5  4.12887444647e-05  0.0                1380.0  8.40906228315  -1.31769967833  -2.38435808725
0.433333333333  -1.06666666667  0.633333333333  0.500017715103  0.0                0.499982284897  -0.2  -1.5  3.54302063985e-05  0.0                1390.0  8.34856543219  -1.31770556708  -2.38436514771
0.433333333333  -1.06666666667  0.633333333333  0.500023852619  0.0                0.499976147381  -0.2  -1.5  4.77052385373e-05  0.0                1400.0  8.28893282196  -1.31769322875  -2.38435035437
0.433333333333  -1.06666666667  0.633333333333  0.500026223932  0.0                0.499973776068  -0.2  -1.5  5.24478645899e-05  0.0                1410.0  8.23014606436  -1.31768846167  -2.38434463876
0.433333333333  -1.06666666667  0.633333333333  0.500024689553  1.39489001953e-07  0.499975170958  -0.2  -1.5  4.96580845595e-05  2.78978003906e-07  1420.0  8.17218728926  -1.31769097033  -2.38434728691
0.433333333333  -1.06666666667  0.633333333333  0.500024550064  0.0                0.499975449936  -0.2  -1.5  4.91001285527e-05  0.0                1430.0  8.1150391264   -1.31769182667  -2.38434867331
0.433333333333  -1.06666666667  0.633333333333  0.50002929269   0.0                0.49997070731   -0.2  -1.5  5.85853806601e-05  0.0                1440.0  8.05868468802  -1.3176822925   -2.38433724209
0.433333333333  -1.06666666667  0.633333333333  0.500029850646  0.0                0.499970149354  -0.2  -1.5  5.9701292672e-05   0.0                1450.0  8.00310755224  -1.31768117083  -2.38433589724
0.433333333333  -1.06666666667  0.633333333333  0.500031664003  0.0                0.499968335997  -0.2  -1.5  6.33280067128e-05  0.0                1460.0  7.94829174709  -1.31767752822  -2.38433152929
0.433333333333  -1.06666666667  0.633333333333  0.500038080497  0.0                0.499961919503  -0.2  -1.5  7.61609948574e-05  0.0                1470.0  7.8942217352   -1.31766463123  -2.3843160657
0.433333333333  -1.06666666667  0.633333333333  0.500036546118  0.0                0.499963453882  -0.2  -1.5  7.30922368241e-05  0.0                1480.0  7.84088239916  -1.31766771083  -2.38431975905
0.433333333333  -1.06666666667  0.633333333333  0.50003905692   0.0                0.49996094308   -0.2  -1.5  7.8113840879e-05   0.0                1490.0  7.78825902735  -1.31766266515  -2.38431370904
0.433333333333  -1.06666666667  0.633333333333  0.500042544145  0.0                0.499957455855  -0.2  -1.5  8.50882909589e-05  0.0                1500.0  7.7363373005   -1.31765565291  -2.38430530192
0.433333333333  -1.06666666667  0.633333333333  0.500042683634  0.0                0.499957316366  -0.2  -1.5  8.53672689609e-05  0.0                1510.0  7.68510327864  -1.31765537213  -2.38430496534
0.433333333333  -1.06666666667  0.633333333333  0.500051052975  0.0                0.499948947025  -0.2  -1.5  0.00010210594915   0.0                1520.0  7.63454338865  -1.3176385475   -2.38428479297
0.433333333333  -1.06666666667  0.633333333333  0.500056911513  0.0                0.499943088487  -0.2  -1.5  0.000113823025281  0.0                1530.0  7.58464441225  -1.3176267653   -2.38427066736
0.433333333333  -1.06666666667  0.633333333333  0.500063885963  0.0                0.499936114037  -0.2  -1.5  0.00012777192544   0.0                1540.0  7.53539347451  -1.31761275704  -2.38425386932
0.433333333333  -1.06666666667  0.633333333333  0.500055516623  0.0                0.499944483377  -0.2  -1.5  0.00011103324525   0.0                1550.0  7.48677803274  -1.3176295766   -2.38427403662
0.433333333333  -1.06666666667  0.633333333333  0.500063746474  0.0                0.499936253526  -0.2  -1.5  0.000127492947436  0.0                1560.0  7.43878586587  -1.31761302958  -2.38425419766
0.433333333333  -1.06666666667  0.633333333333  0.500067652166  0.0                0.499932347834  -0.2  -1.5  0.000135304331524  0.0                1570.0  7.39140506417  -1.31760517936  -2.38424478516
0.433333333333  -1.06666666667  0.633333333333  0.500071976325  0.0                0.499928023675  -0.2  -1.5  0.000143952649621  0.0                1580.0  7.34462401946  -1.31759647955  -2.38423435569
0.433333333333  -1.06666666667  0.633333333333  0.500074766105  0.0                0.499925233895  -0.2  -1.5  0.000149532209684  0.0                1590.0  7.29843141557  -1.31759087666  -2.38422763689
0.433333333333  -1.06666666667  0.633333333333  0.500083274934  0.0                0.499916725066  -0.2  -1.5  0.000166549867877  0.0                1600.0  7.25281621922  -1.31757378123  -2.38420713793
0.433333333333  -1.06666666667  0.633333333333  0.500086204203  0.0                0.499913795797  -0.2  -1.5  0.000172408405941  0.0                1610.0  7.20776767127  -1.31756788394  -2.38420006892
0.433333333333  -1.06666666667  0.633333333333  0.500093318142  0.0                0.499906681858  -0.2  -1.5  0.000186636284102  0.0                1620.0  7.16327527824  -1.31755358959  -2.384182929
0.433333333333  -1.06666666667  0.633333333333  0.500092341719  0.0                0.499907658281  -0.2  -1.5  0.00018468343808   0.0                1630.0  7.11932880414  -1.31755553946  -2.38418526944
0.433333333333  -1.06666666667  0.633333333333  0.500100013614  0.0                0.499899986386  -0.2  -1.5  0.000200027228254  0.0                1640.0  7.07591826265  -1.31754012232  -2.38416678354
0.433333333333  -1.06666666667  0.633333333333  0.50010754602   0.0                0.49989245398   -0.2  -1.5  0.000215092040422  0.0                1650.0  7.03303390954  -1.31752492307  -2.38414857133
0.433333333333  -1.06666666667  0.633333333333  0.500122052876  0.0                0.499877947124  -0.2  -1.5  0.00024410575275   0.0                1660.0  6.99066623539  -1.3174958225   -2.38411366802
0.433333333333  -1.06666666667  0.633333333333  0.500108801421  0.0                0.499891198579  -0.2  -1.5  0.000217602842451  0.0                1670.0  6.94880595853  -1.31752244598  -2.38414559208
0.433333333333  -1.06666666667  0.633333333333  0.500123726744  0.0                0.499876273256  -0.2  -1.5  0.000247453488787  0.0                1680.0  6.9074440183   -1.31749239837  -2.38410957434
0.433333333333  -1.06666666667  0.633333333333  0.500120518497  0.0                0.499879481503  -0.2  -1.5  0.000241036994715  0.0                1690.0  6.86657156849  -1.31749888381  -2.38411734308
0.433333333333  -1.06666666667  0.633333333333  0.50013418842   0.0                0.49986581158   -0.2  -1.5  0.000268376839023  0.0                1700.0  6.82617997103  -1.31747143004  -2.38408442134
0.433333333333  -1.06666666667  0.633333333333  0.500142697249  0.0                0.499857302751  -0.2  -1.5  0.000285394497215  0.0                1710.0  6.78626078991  -1.31745432897  -2.38406391673
0.433333333333  -1.06666666667  0.633333333333  0.500145905496  0.0                0.499854094504  -0.2  -1.5  0.000291810991287  0.0                1720.0  6.74680578532  -1.31744785575  -2.38405616022
0.433333333333  -1.06666666667  0.633333333333  0.500143115716  0.0                0.499856884284  -0.2  -1.5  0.000286231431225  0.0                1730.0  6.70780690795  -1.31745347502  -2.3840628954
0.433333333333  -1.06666666667  0.633333333333  0.500153158924  0.0                0.499846841076  -0.2  -1.5  0.000306317847451  0.0                1740.0  6.66925629353  -1.31743329141  -2.38403869451
0.433333333333  -1.06666666667  0.633333333333  0.500161528264  0.0                0.499838471736  -0.2  -1.5  0.000323056527639  0.0                1750.0  6.63114625757  -1.31741641372  -2.38401846908
0.433333333333  -1.06666666667  0.633333333333  0.500158738484  0.0                0.499841261516  -0.2  -1.5  0.000317476967576  0.0                1760.0  6.5934692902   -1.31742208262  -2.3840252539
0.433333333333  -1.06666666667  0.633333333333  0.500184962416  0.0                0.499815037584  -0.2  -1.5  0.000369924832166  0.0                1770.0  6.55621805127  -1.31736935456  -2.38396203626
0.433333333333  -1.06666666667  0.633333333333  0.500195424091  2.7897800293e-07   0.499804296931  -0.2  -1.5  0.000391406138408  5.57956005859e-07  1780.0  6.51938536559  -1.31734712187  -2.38393467038
0.433333333333  -1.06666666667  0.633333333333  0.500189007597  0.0                0.499810992403  -0.2  -1.5  0.000378015194258  0.0                1790.0  6.4829642183   -1.3173612265   -2.38395229012
0.433333333333  -1.06666666667  0.633333333333  0.50021788182   0.0                0.49978211818   -0.2  -1.5  0.000435763640908  0.0                1800.0  6.44694775042  -1.31730317825  -2.38388269219
0.433333333333  -1.06666666667  0.633333333333  0.500223321892  2.7897800293e-07   0.49977639913   -0.2  -1.5  0.000447201739037  5.57956005859e-07  1810.0  6.41132925456  -1.31729111342  -2.3838675028
0.433333333333  -1.06666666667  0.633333333333  0.500224437804  0.0                0.499775562196  -0.2  -1.5  0.000448875607057  0.0                1820.0  6.37610217074  -1.31728984664  -2.38386673818
0.433333333333  -1.06666666667  0.633333333333  0.500242710863  0.0                0.499757289137  -0.2  -1.5  0.000485421725468  0.0                1830.0  6.34126008238  -1.31725324836  -2.38382283068
0.433333333333  -1.06666666667  0.633333333333  0.500251777648  0.0                0.499748222352  -0.2  -1.5  0.000503555295672  0.0                1840.0  6.30679671236  -1.31723506264  -2.38380101824
0.433333333333  -1.06666666667  0.633333333333  0.500244942687  2.7897800293e-07   0.499754778335  -0.2  -1.5  0.000490443329523  5.57956005859e-07  1850.0  6.27270591932  -1.31724751501  -2.38381525608
0.433333333333  -1.06666666667  0.633333333333  0.500260425966  0.0                0.499739574034  -0.2  -1.5  0.000520851931867  0.0                1860.0  6.23898169395  -1.31721756094  -2.38378005722
0.433333333333  -1.06666666667  0.633333333333  0.500267679394  0.0                0.499732320606  -0.2  -1.5  0.00053535878803   0.0                1870.0  6.20561815548  -1.31720302109  -2.383762616
0.433333333333  -1.06666666667  0.633333333333  0.500295716683  0.0                0.499704283317  -0.2  -1.5  0.000591433366662  0.0                1880.0  6.17260954827  -1.31714671966  -2.38369509965
0.433333333333  -1.06666666667  0.633333333333  0.50028776581   0.0                0.49971223419   -0.2  -1.5  0.000575531620482  0.0                1890.0  6.13995023849  -1.31716273979  -2.38371430014
0.433333333333  -1.06666666667  0.633333333333  0.500316919012  0.0                0.499683080988  -0.2  -1.5  0.000633838023139  0.0                1900.0  6.10763471092  -1.3171040737   -2.38364397277
0.433333333333  -1.06666666667  0.633333333333  0.500338958274  2.7897800293e-07   0.499660762748  -0.2  -1.5  0.000678474503642  5.57956005859e-07  1910.0  6.07565756584  -1.31705863506  -2.38358876989
0.433333333333  -1.06666666667  0.633333333333  0.500335192071  1.39489001953e-07  0.49966466844   -0.2  -1.5  0.000670663119555  2.78978003906e-07  1920.0  6.04401351602  -1.31706675511  -2.38359887069
0.433333333333  -1.06666666667  0.633333333333  0.500332262802  0.0                0.499667737198  -0.2  -1.5  0.000664525603484  0.0                1930.0  6.01269738381  -1.31707327722  -2.38360703877
0.433333333333  -1.06666666667  0.633333333333  0.500386803001  0.0                0.499613196999  -0.2  -1.5  0.000773606002715  0.0                1940.0  5.98170409833  -1.31696366603  -2.3834756115
0.433333333333  -1.06666666667  0.633333333333  0.500401867814  0.0                0.499598132186  -0.2  -1.5  0.000803735627053  0.0                1950.0  5.95102869269  -1.31693317398  -2.38343909352
0.433333333333  -1.06666666667  0.633333333333  0.50037996804   2.7897800293e-07   0.499619752982  -0.2  -1.5  0.000760494036566  5.57956005859e-07  1960.0  5.9206663014   -1.3169761694   -2.38348990033
0.433333333333  -1.06666666667  0.633333333333  0.500411213577  0.0                0.499588786423  -0.2  -1.5  0.000822427153264  0.0                1970.0  5.89061215774  -1.31691455907  -2.3834167403
0.433333333333  -1.06666666667  0.633333333333  0.500435763641  1.39489001953e-07  0.49956409687   -0.2  -1.5  0.00087180625982   2.78978003906e-07  1980.0  5.86086159129  -1.3168646315   -2.38335651845
0.433333333333  -1.06666666667  0.633333333333  0.500424465032  6.97445007813e-07  0.499574837523  -0.2  -1.5  0.000850324953578  1.39489001563e-06  1990.0  5.8314100255   -1.31688494563  -2.38337945497
0.433333333333  -1.06666666667  0.633333333333  0.500471751803  1.39489001953e-07  0.499528108708  -0.2  -1.5  0.000943782584631  2.78978003906e-07  2000.0  5.80225297537  -1.31679227076  -2.38326976244
0.433333333333  -1.06666666667  0.633333333333  0.500477052385  1.1159120127e-06   0.499521831703  -0.2  -1.5  0.000956336594772  2.23182402539e-06  2010.0  5.77338604515  -1.31677755897  -2.38324961058
0.433333333333  -1.06666666667  0.633333333333  0.500479842165  4.18467004883e-07  0.499519739368  -0.2  -1.5  0.000960521264819  8.36934009766e-07  2020.0  5.74480492611  -1.31677477189  -2.3832480789
0.433333333333  -1.06666666667  0.633333333333  0.500516667262  2.7897800293e-07   0.49948305376   -0.2  -1.5  0.00103389247965   5.57956005859e-07  2030.0  5.71650539446  -1.31670121002  -2.38316026126
0.433333333333  -1.06666666667  0.633333333333  0.500530197695  0.0                0.499469802305  -0.2  -1.5  0.00106039538994   0.0                2040.0  5.68848330919  -1.31667509291  -2.3831296805
0.433333333333  -1.06666666667  0.633333333333  0.500540798859  6.97445007813e-07  0.499458503696  -0.2  -1.5  0.0010829926082    1.39489001563e-06  2050.0  5.66073461012  -1.31665088576  -2.38309886157
0.433333333333  -1.06666666667  0.633333333333  0.500552097468  4.18467004883e-07  0.499447484065  -0.2  -1.5  0.00110503187045   8.36934009766e-07  2060.0  5.6332553159   -1.31662966341  -2.3830740683
0.433333333333  -1.06666666667  0.633333333333  0.500573718263  2.7897800293e-07   0.499426002759  -0.2  -1.5  0.00114799448293   5.57956005859e-07  2070.0  5.6060415221   -1.31658663556  -2.3830228664
0.433333333333  -1.06666666667  0.633333333333  0.500591712345  6.97445007813e-07  0.49940759021   -0.2  -1.5  0.00118481957935   1.39489001563e-06  2080.0  5.5790893994   -1.31654882115  -2.38297643157
0.433333333333  -1.06666666667  0.633333333333  0.500583482494  4.18467004883e-07  0.499416099039  -0.2  -1.5  0.00116780192115   8.36934009766e-07  2090.0  5.55239519175  -1.31656627521  -2.38299812609
0.433333333333  -1.06666666667  0.633333333333  0.500653645461  8.36934009766e-07  0.499345517605  -0.2  -1.5  0.00130896479074   1.67386801953e-06  2100.0  5.52595521464  -1.31642351971  -2.38282588261
0.433333333333  -1.06666666667  0.633333333333  0.500668570785  0.0                0.499331429215  -0.2  -1.5  0.00133714156906   0.0                2110.0  5.49976585344  -1.31639718035  -2.3827964187
0.433333333333  -1.06666666667  0.633333333333  0.500689354646  2.7897800293e-07   0.499310366376  -0.2  -1.5  0.00137926724754   5.57956005859e-07  2120.0  5.47382356168  -1.31635392866  -2.38274390494
0.433333333333  -1.06666666667  0.633333333333  0.500714881133  2.7897800293e-07   0.499284839889  -0.2  -1.5  0.00143032022211   5.57956005859e-07  2130.0  5.44812485951  -1.31630246881  -2.3826822345
0.433333333333  -1.06666666667  0.633333333333  0.500740965576  0.0                0.499259034424  -0.2  -1.5  0.00148193115269   0.0                2140.0  5.42266633213  -1.3162512874   -2.38262156783
0.433333333333  -1.06666666667  0.633333333333  0.500703443035  4.18467004883e-07  0.499296138498  -0.2  -1.5  0.00140772300386   8.36934009766e-07  2150.0  5.39744462826  -1.31632485823  -2.3827087249
0.433333333333  -1.06666666667  0.633333333333  0.500790205194  8.36934009766e-07  0.499208957872  -0.2  -1.5  0.00158208425582   1.67386801953e-06  2160.0  5.37245645868  -1.3161485224   -2.38249626141
0.433333333333  -1.06666666667  0.633333333333  0.500798295556  6.97445007813e-07  0.499201006999  -0.2  -1.5  0.001597986002     1.39489001563e-06  2170.0  5.34769859482  -1.31613329872  -2.38247827585
0.433333333333  -1.06666666667  0.633333333333  0.500823403576  1.25540101367e-06  0.499175341023  -0.2  -1.5  0.00164931795458   2.51080202734e-06  2180.0  5.32316786732  -1.31608032066  -2.38241335753
0.433333333333  -1.06666666667  0.633333333333  0.500864134365  1.53437901758e-06  0.499134331256  -0.2  -1.5  0.0017313374875    3.06875803516e-06  2190.0  5.29886116473  -1.31599753295  -2.38231332898
0.433333333333  -1.06666666667  0.633333333333  0.500842513569  5.57956005859e-07  0.499156928475  -0.2  -1.5  0.00168614305099   1.11591201172e-06  2200.0  5.27477543216  -1.31604500664  -2.38237277083
0.433333333333  -1.06666666667  0.633333333333  0.500868598013  0.0                0.499131401987  -0.2  -1.5  0.00173719602557   0.0                2210.0  5.25090767002  -1.31599471733  -2.38231394479
0.433333333333  -1.06666666667  0.633333333333  0.500893427055  6.97445007813e-07  0.4991058755    -0.2  -1.5  0.00178824900014   1.39489001563e-06  2220.0  5.22725493277  -1.31594162225  -2.38224854678
0.433333333333  -1.06666666667  0.633333333333  0.500940434849  6.97445007813e-07  0.499058867706  -0.2  -1.5  0.0018822645872    1.39489001563e-06  2230.0  5.20381432769  -1.31584769197  -2.38213581338
0.433333333333  -1.06666666667  0.633333333333  0.500969727539  6.97445007813e-07  0.499029575016  -0.2  -1.5  0.00194084996786   1.39489001563e-06  2240.0  5.18058301373  -1.31578833138  -2.38206473572
0.433333333333  -1.06666666667  0.633333333333  0.50101561942   1.25540101367e-06  0.498983125179  -0.2  -1.5  0.00203374964291   2.51080202734e-06  2250.0  5.15755820033  -1.31569366149  -2.38194981202
0.433333333333  -1.06666666667  0.633333333333  0.50102552314   8.36934009766e-07  0.498973639926  -0.2  -1.5  0.00205272014712   1.67386801953e-06  2260.0  5.13473714635  -1.31567588164  -2.38192949348
0.433333333333  -1.06666666667  0.633333333333  0.501024267739  3.06875803418e-06  0.498972663503  -0.2  -1.5  0.00205467299314   6.13751606836e-06  2270.0  5.11211715892  -1.31566913737  -2.38191566317
0.433333333333  -1.06666666667  0.633333333333  0.501048957292  6.97445007813e-07  0.498950345263  -0.2  -1.5  0.00209930947365   1.39489001563e-06  2280.0  5.08969559243  -1.3156289778   -2.38187369023
0.433333333333  -1.06666666667  0.633333333333  0.501116609458  2.7897800293e-07   0.498883111564  -0.2  -1.5  0.00223377687116   5.57956005859e-07  2290.0  5.06746984749  -1.31549460513  -2.38171367949
0.433333333333  -1.06666666667  0.633333333333  0.501112285299  1.1159120127e-06   0.498886598789  -0.2  -1.5  0.00222680242108   2.23182402539e-06  2300.0  5.04543736989  -1.31550003539  -2.38171799384
0.433333333333  -1.06666666667  0.633333333333  0.501147854994  6.97445007813e-07  0.498851447561  -0.2  -1.5  0.00229710487787   1.39489001563e-06  2310.0  5.02359564968  -1.31542983446  -2.38163498782
0.433333333333  -1.06666666667  0.633333333333  0.501203092639  4.18467004883e-07  0.498796488894  -0.2  -1.5  0.00240702221111   8.36934009766e-07  2320.0  5.00194222015  -1.31532035342  -2.38150436024
0.433333333333  -1.06666666667  0.633333333333  0.501240894158  3.48722503906e-06  0.498755618617  -0.2  -1.5  0.00248876276603   6.97445007813e-06  2330.0  4.98047465697  -1.31523139367  -2.38138984611
0.433333333333  -1.06666666667  0.633333333333  0.50126014364   1.25540101367e-06  0.498738600959  -0.2  -1.5  0.00252279808242   2.51080202734e-06  2340.0  4.95919057724  -1.31520212818  -2.38136046903
0.433333333333  -1.06666666667  0.633333333333  0.501257493349  2.09233502344e-06  0.498740414316  -0.2  -1.5  0.00251917136838   4.18467004688e-06  2350.0  4.93808763862  -1.31520339321  -2.3813599486
0.433333333333  -1.06666666667  0.633333333333  0.50128818093   8.36934009766e-07  0.498710982136  -0.2  -1.5  0.00257803572704   1.67386801953e-06  2360.0  4.91716353845  -1.31514677971  -2.38129532843
0.433333333333  -1.06666666667  0.633333333333  0.501385823231  1.81335702051e-06  0.498612363412  -0.2  -1.5  0.00277527317526   3.62671404102e-06  2370.0  4.89641601298  -1.31494687309  -2.38105304505
0.433333333333  -1.06666666667  0.633333333333  0.501372013819  1.95284602246e-06  0.498626033335  -0.2  -1.5  0.00274793333095   3.90569204492e-06  2380.0  4.87584283645  -1.31497436403  -2.3810855855
0.433333333333  -1.06666666667  0.633333333333  0.501396284906  3.48722503906e-06  0.498600227869  -0.2  -1.5  0.00279954426153   6.97445007813e-06  2390.0  4.8554418204   -1.31491908179  -2.38101537793
0.433333333333  -1.06666666667  0.633333333333  0.501464216049  1.53437901758e-06  0.498534249571  -0.2  -1.5  0.00293150085702   3.06875803516e-06  2400.0  4.83521081281  -1.31479025058  -2.38086601394
