#mu0            mu1              mu2             x0              x1                 x2              mua  mub   xa                 xb                 T       b              u               phi
0.333333333333  -0.466666666667  0.133333333333  0.5             0.0                0.5             0.2  -0.8  0.0                0.0                30.0    386.816865025  -1.31774118     -1.78440784667
0.333333333333  -0.466666666667  0.133333333333  0.5             0.0                0.5             0.2  -0.8  0.0                0.0                40.0    290.112648769  -1.31774118     -1.78440784667
0.333333333333  -0.466666666667  0.133333333333  0.5             0.0                0.5             0.2  -0.8  0.0                0.0                50.0    232.090119015  -1.31774118     -1.78440784667
0.333333333333  -0.466666666667  0.133333333333  0.5             0.0                0.5             0.2  -0.8  0.0                0.0                60.0    193.408432513  -1.31774118     -1.78440784667
0.333333333333  -0.466666666667  0.133333333333  0.5             0.0                0.5             0.2  -0.8  0.0                0.0                70.0    165.778656439  -1.31774118     -1.78440784667
0.333333333333  -0.466666666667  0.133333333333  0.5             0.0                0.5             0.2  -0.8  0.0                0.0                80.0    145.056324384  -1.31774118     -1.78440784667
0.333333333333  -0.466666666667  0.133333333333  0.5             0.0                0.5             0.2  -0.8  0.0                0.0                90.0    128.938955008  -1.31774118     -1.78440784667
0.333333333333  -0.466666666667  0.133333333333  0.5             0.0                0.5             0.2  -0.8  0.0                0.0                100.0   116.045059507  -1.31774118     -1.78440784667
0.333333333333  -0.466666666667  0.133333333333  0.5             0.0                0.5             0.2  -0.8  0.0                0.0                110.0   105.495508643  -1.31774118     -1.78440784667
0.333333333333  -0.466666666667  0.133333333333  0.5             0.0                0.5             0.2  -0.8  0.0                0.0                120.0   96.7042162563  -1.31774118     -1.78440784667
0.333333333333  -0.466666666667  0.133333333333  0.5             0.0                0.5             0.2  -0.8  0.0                0.0                130.0   89.2654303904  -1.31774118     -1.78440784667
0.333333333333  -0.466666666667  0.133333333333  0.5             0.0                0.5             0.2  -0.8  0.0                0.0                140.0   82.8893282196  -1.31774118     -1.78440784667
0.333333333333  -0.466666666667  0.133333333333  0.5             0.0                0.5             0.2  -0.8  0.0                0.0                150.0   77.363373005   -1.31774118     -1.78440784667
0.333333333333  -0.466666666667  0.133333333333  0.5             0.0                0.5             0.2  -0.8  0.0                0.0                160.0   72.5281621922  -1.31774118     -1.78440784667
0.333333333333  -0.466666666667  0.133333333333  0.5             0.0                0.5             0.2  -0.8  0.0                0.0                170.0   68.2617997103  -1.31774118     -1.78440784667
0.333333333333  -0.466666666667  0.133333333333  0.5             0.0                0.5             0.2  -0.8  0.0                0.0                180.0   64.4694775042  -1.31774118     -1.78440784667
0.333333333333  -0.466666666667  0.133333333333  0.5             0.0                0.5             0.2  -0.8  0.0                0.0                190.0   61.0763471092  -1.31774118     -1.78440784667
0.333333333333  -0.466666666667  0.133333333333  0.5             0.0                0.5             0.2  -0.8  0.0                0.0                200.0   58.0225297537  -1.31774118     -1.78440784667
0.333333333333  -0.466666666667  0.133333333333  0.5             0.0                0.5             0.2  -0.8  0.0                0.0                210.0   55.2595521464  -1.31774118     -1.78440784667
0.333333333333  -0.466666666667  0.133333333333  0.5             0.0                0.5             0.2  -0.8  0.0                0.0                220.0   52.7477543216  -1.31774118     -1.78440784667
0.333333333333  -0.466666666667  0.133333333333  0.5             0.0                0.5             0.2  -0.8  0.0                0.0                230.0   50.4543736989  -1.31774118     -1.78440784667
0.333333333333  -0.466666666667  0.133333333333  0.5             0.0                0.5             0.2  -0.8  0.0                0.0                240.0   48.3521081281  -1.31774118     -1.78440784667
0.333333333333  -0.466666666667  0.133333333333  0.5             0.0                0.5             0.2  -0.8  0.0                0.0                250.0   46.418023803   -1.31774118     -1.78440784667
0.333333333333  -0.466666666667  0.133333333333  0.5             0.0                0.5             0.2  -0.8  0.0                0.0                260.0   44.6327151952  -1.31774118     -1.78440784667
0.333333333333  -0.466666666667  0.133333333333  0.5             0.0                0.5             0.2  -0.8  0.0                0.0                270.0   42.9796516694  -1.31774118     -1.78440784667
0.333333333333  -0.466666666667  0.133333333333  0.5             0.0                0.5             0.2  -0.8  0.0                0.0                280.0   41.4446641098  -1.31774118     -1.78440784667
0.333333333333  -0.466666666667  0.133333333333  0.5             0.0                0.5             0.2  -0.8  0.0                0.0                290.0   40.0155377612  -1.31774118     -1.78440784667
0.333333333333  -0.466666666667  0.133333333333  0.5             0.0                0.5             0.2  -0.8  0.0                0.0                300.0   38.6816865025  -1.31774118     -1.78440784667
0.333333333333  -0.466666666667  0.133333333333  0.5             0.0                0.5             0.2  -0.8  0.0                0.0                310.0   37.4338901637  -1.31774118     -1.78440784667
0.333333333333  -0.466666666667  0.133333333333  0.5             0.0                0.5             0.2  -0.8  0.0                0.0                320.0   36.2640810961  -1.31774118     -1.78440784667
0.333333333333  -0.466666666667  0.133333333333  0.5             0.0                0.5             0.2  -0.8  0.0                0.0                330.0   35.1651695477  -1.31774118     -1.78440784667
0.333333333333  -0.466666666667  0.133333333333  0.5             0.0                0.5             0.2  -0.8  0.0                0.0                340.0   34.1308998551  -1.31774118     -1.78440784667
0.333333333333  -0.466666666667  0.133333333333  0.5             0.0                0.5             0.2  -0.8  0.0                0.0                350.0   33.1557312879  -1.31774118     -1.78440784667
0.333333333333  -0.466666666667  0.133333333333  0.5             0.0                0.5             0.2  -0.8  0.0                0.0                360.0   32.2347387521  -1.31774118     -1.78440784667
0.333333333333  -0.466666666667  0.133333333333  0.5             0.0                0.5             0.2  -0.8  0.0                0.0                370.0   31.3635295966  -1.31774118     -1.78440784667
0.333333333333  -0.466666666667  0.133333333333  0.5             0.0                0.5             0.2  -0.8  0.0                0.0                380.0   30.5381735546  -1.31774118     -1.78440784667
0.333333333333  -0.466666666667  0.133333333333  0.5             0.0                0.5             0.2  -0.8  0.0                0.0                390.0   29.7551434635  -1.31774118     -1.78440784667
0.333333333333  -0.466666666667  0.133333333333  0.5             0.0                0.5             0.2  -0.8  0.0                0.0                400.0   29.0112648769  -1.31774118     -1.78440784667
0.333333333333  -0.466666666667  0.133333333333  0.5             0.0                0.5             0.2  -0.8  0.0                0.0                410.0   28.3036730506  -1.31774118     -1.78440784667
0.333333333333  -0.466666666667  0.133333333333  0.5             0.0                0.5             0.2  -0.8  0.0                0.0                420.0   27.6297760732  -1.31774118     -1.78440784667
0.333333333333  -0.466666666667  0.133333333333  0.5             0.0                0.5             0.2  -0.8  0.0                0.0                430.0   26.9872231413  -1.31774118     -1.78440784667
0.333333333333  -0.466666666667  0.133333333333  0.5             0.0                0.5             0.2  -0.8  0.0                0.0                440.0   26.3738771608  -1.31774118     -1.78440784667
0.333333333333  -0.466666666667  0.133333333333  0.5             0.0                0.5             0.2  -0.8  0.0                0.0                450.0   25.7877910017  -1.31774118     -1.78440784667
0.333333333333  -0.466666666667  0.133333333333  0.5             0.0                0.5             0.2  -0.8  0.0                0.0                460.0   25.2271868495  -1.31774118     -1.78440784667
0.333333333333  -0.466666666667  0.133333333333  0.5             0.0                0.5             0.2  -0.8  0.0                0.0                470.0   24.6904381931  -1.31774118     -1.78440784667
0.333333333333  -0.466666666667  0.133333333333  0.5             0.0                0.5             0.2  -0.8  0.0                0.0                480.0   24.1760540641  -1.31774118     -1.78440784667
0.333333333333  -0.466666666667  0.133333333333  0.5             0.0                0.5             0.2  -0.8  0.0                0.0                490.0   23.6826652056  -1.31774118     -1.78440784667
0.333333333333  -0.466666666667  0.133333333333  0.5             0.0                0.5             0.2  -0.8  0.0                0.0                500.0   23.2090119015  -1.31774118     -1.78440784667
0.333333333333  -0.466666666667  0.133333333333  0.5             0.0                0.5             0.2  -0.8  0.0                0.0                510.0   22.7539332368  -1.31774118     -1.78440784667
0.333333333333  -0.466666666667  0.133333333333  0.5             0.0                0.5             0.2  -0.8  0.0                0.0                520.0   22.3163575976  -1.31774118     -1.78440784667
0.333333333333  -0.466666666667  0.133333333333  0.5             0.0                0.5             0.2  -0.8  0.0                0.0                530.0   21.8952942467  -1.31774118     -1.78440784667
0.333333333333  -0.466666666667  0.133333333333  0.5             0.0                0.5             0.2  -0.8  0.0                0.0                540.0   21.4898258347  -1.31774118     -1.78440784667
0.333333333333  -0.466666666667  0.133333333333  0.5             0.0                0.5             0.2  -0.8  0.0                0.0                550.0   21.0991017286  -1.31774118     -1.78440784667
0.333333333333  -0.466666666667  0.133333333333  0.5             0.0                0.5             0.2  -0.8  0.0                0.0                560.0   20.7223320549  -1.31774118     -1.78440784667
0.333333333333  -0.466666666667  0.133333333333  0.500000139489  0.0                0.499999860511  0.2  -0.8  2.78978003809e-07  0.0                570.0   20.3587823697  -1.31774089958  -1.78440762205
0.333333333333  -0.466666666667  0.133333333333  0.5             0.0                0.5             0.2  -0.8  0.0                0.0                580.0   20.0077688806  -1.31774118     -1.78440784667
0.333333333333  -0.466666666667  0.133333333333  0.500000557956  0.0                0.499999442044  0.2  -0.8  1.11591201168e-06  0.0                590.0   19.6686541538  -1.31774005833  -1.78440694818
0.333333333333  -0.466666666667  0.133333333333  0.5             0.0                0.5             0.2  -0.8  0.0                0.0                600.0   19.3408432512  -1.31774118     -1.78440784667
0.333333333333  -0.466666666667  0.133333333333  0.500000139489  0.0                0.499999860511  0.2  -0.8  2.78978003809e-07  0.0                610.0   19.0237802471  -1.31774089958  -1.78440762205
0.333333333333  -0.466666666667  0.133333333333  0.5             0.0                0.5             0.2  -0.8  0.0                0.0                620.0   18.7169450819  -1.31774118     -1.78440784667
0.333333333333  -0.466666666667  0.133333333333  0.500000139489  0.0                0.499999860511  0.2  -0.8  2.78978003809e-07  0.0                630.0   18.4198507155  -1.31774089958  -1.78440762205
0.333333333333  -0.466666666667  0.133333333333  0.500000836934  0.0                0.499999163066  0.2  -0.8  1.67386801941e-06  0.0                640.0   18.132040548   -1.3177394975   -1.78440649894
0.333333333333  -0.466666666667  0.133333333333  0.500000139489  0.0                0.499999860511  0.2  -0.8  2.78978003809e-07  0.0                650.0   17.8530860781  -1.31774089958  -1.78440762205
0.333333333333  -0.466666666667  0.133333333333  0.500000139489  0.0                0.499999860511  0.2  -0.8  2.78978003809e-07  0.0                660.0   17.5825847739  -1.31774089958  -1.78440762205
0.333333333333  -0.466666666667  0.133333333333  0.500000418467  0.0                0.499999581533  0.2  -0.8  8.36934009874e-07  0.0                670.0   17.3201581354  -1.31774033875  -1.7844071728
0.333333333333  -0.466666666667  0.133333333333  0.500000418467  0.0                0.499999581533  0.2  -0.8  8.36934009874e-07  0.0                680.0   17.0654499276  -1.31774033875  -1.7844071728
0.333333333333  -0.466666666667  0.133333333333  0.500000697445  0.0                0.499999302555  0.2  -0.8  1.39489001572e-06  0.0                690.0   16.8181245663  -1.31773977792  -1.78440672356
0.333333333333  -0.466666666667  0.133333333333  0.500000697445  0.0                0.499999302555  0.2  -0.8  1.39489001572e-06  0.0                700.0   16.5778656439  -1.31773977792  -1.78440672356
0.333333333333  -0.466666666667  0.133333333333  0.500002092335  0.0                0.499997907665  0.2  -0.8  4.18467004693e-06  0.0                710.0   16.3443745785  -1.31773697375  -1.78440447735
0.333333333333  -0.466666666667  0.133333333333  0.500001534379  0.0                0.499998465621  0.2  -0.8  3.06875803524e-06  0.0                720.0   16.117369376   -1.31773809542  -1.78440537583
0.333333333333  -0.466666666667  0.133333333333  0.500000836934  0.0                0.499999163066  0.2  -0.8  1.67386801941e-06  0.0                730.0   15.8965834942  -1.3177394975   -1.78440649894
0.333333333333  -0.466666666667  0.133333333333  0.500001813357  0.0                0.499998186643  0.2  -0.8  3.62671404108e-06  0.0                740.0   15.6817647983  -1.31773753458  -1.78440492659
0.333333333333  -0.466666666667  0.133333333333  0.500002650291  0.0                0.499997349709  0.2  -0.8  5.30058206039e-06  0.0                750.0   15.472674601   -1.31773585208  -1.78440357887
0.333333333333  -0.466666666667  0.133333333333  0.500002650291  0.0                0.499997349709  0.2  -0.8  5.30058206039e-06  0.0                760.0   15.2690867773  -1.31773585208  -1.78440357887
0.333333333333  -0.466666666667  0.133333333333  0.500002371313  0.0                0.499997628687  0.2  -0.8  4.74262605277e-06  0.0                770.0   15.070786949   -1.31773641292  -1.78440402811
0.333333333333  -0.466666666667  0.133333333333  0.500003068758  0.0                0.499996931242  0.2  -0.8  6.13751606826e-06  0.0                780.0   14.8775717317  -1.31773501083  -1.784402905
0.333333333333  -0.466666666667  0.133333333333  0.500002231824  0.0                0.499997768176  0.2  -0.8  4.46364805073e-06  0.0                790.0   14.6892480389  -1.31773669333  -1.78440425273
0.333333333333  -0.466666666667  0.133333333333  0.500004603137  0.0                0.499995396863  0.2  -0.8  9.2062741035e-06   0.0                800.0   14.5056324384  -1.31773192625  -1.78440043417
0.333333333333  -0.466666666667  0.133333333333  0.50000557956   0.0                0.49999442044   0.2  -0.8  1.11591201248e-05  0.0                810.0   14.3265505565  -1.31772996333  -1.78439886182
0.333333333333  -0.466666666667  0.133333333333  0.500006137516  0.0                0.499993862484  0.2  -0.8  1.22750321387e-05  0.0                820.0   14.1518365253  -1.31772884167  -1.78439796334
0.333333333333  -0.466666666667  0.133333333333  0.500007950873  0.0                0.499992049127  0.2  -0.8  1.59017461796e-05  0.0                830.0   13.9813324708  -1.31772519625  -1.78439504327
0.333333333333  -0.466666666667  0.133333333333  0.500010043208  0.0                0.499989956792  0.2  -0.8  2.00864162264e-05  0.0                840.0   13.8148880366  -1.31772099     -1.78439167395
0.333333333333  -0.466666666667  0.133333333333  0.500005858538  0.0                0.499994141462  0.2  -0.8  1.17170761329e-05  0.0                850.0   13.6523599421  -1.3177294025   -1.78439841258
0.333333333333  -0.466666666667  0.133333333333  0.500010880142  0.0                0.499989119858  0.2  -0.8  2.17602842452e-05  0.0                860.0   13.4936115706  -1.3177193075   -1.78439032622
0.333333333333  -0.466666666667  0.133333333333  0.500012275032  0.0                0.499987724968  0.2  -0.8  2.45500642775e-05  0.0                870.0   13.3385125871  -1.31771650333  -1.78438808001
0.333333333333  -0.466666666667  0.133333333333  0.500015762257  0.0                0.499984237743  0.2  -0.8  3.15245143554e-05  0.0                880.0   13.1869385804  -1.31770949292  -1.78438246449
0.333333333333  -0.466666666667  0.133333333333  0.500012693499  0.0                0.499987306501  0.2  -0.8  2.5386998285e-05   0.0                890.0   13.0387707312  -1.31771566208  -1.78438740615
0.333333333333  -0.466666666667  0.133333333333  0.500014785834  0.0                0.499985214166  0.2  -0.8  2.95716683341e-05  0.0                900.0   12.8938955008  -1.31771145583  -1.78438403683
0.333333333333  -0.466666666667  0.133333333333  0.500015762257  0.0                0.499984237743  0.2  -0.8  3.15245143554e-05  0.0                910.0   12.7522043415  -1.31770949292  -1.78438246449
0.333333333333  -0.466666666667  0.133333333333  0.500019249482  0.0                0.499980750518  0.2  -0.8  3.84989644335e-05  0.0                920.0   12.6135934247  -1.31770248213  -1.78437684859
0.333333333333  -0.466666666667  0.133333333333  0.500023434152  0.0                0.499976565848  0.2  -0.8  4.68683045273e-05  0.0                930.0   12.4779633879  -1.31769407     -1.78437011033
0.333333333333  -0.466666666667  0.133333333333  0.500021760284  0.0                0.499978239716  0.2  -0.8  4.35205684903e-05  0.0                940.0   12.3452190965  -1.317697435    -1.78437280578
0.333333333333  -0.466666666667  0.133333333333  0.50002231824   0.0                0.49997768176   0.2  -0.8  4.4636480502e-05   0.0                950.0   12.2152694218  -1.31769631296  -1.78437190692
0.333333333333  -0.466666666667  0.133333333333  0.500026781888  0.0                0.499973218112  0.2  -0.8  5.35637766035e-05  0.0                960.0   12.088027032   -1.31768734     -1.78436471942
0.333333333333  -0.466666666667  0.133333333333  0.500037522541  0.0                0.499962477459  0.2  -0.8  7.50450828457e-05  0.0                970.0   11.9634081967  -1.31766574973  -1.78434742541
0.333333333333  -0.466666666667  0.133333333333  0.500038219986  0.0                0.499961780014  0.2  -0.8  7.64399728612e-05  0.0                980.0   11.8413326028  -1.31766434583  -1.78434630049
0.333333333333  -0.466666666667  0.133333333333  0.500043660057  0.0                0.499956339943  0.2  -0.8  8.73201149845e-05  0.0                990.0   11.7217231826  -1.3176534114   -1.78433754208
0.333333333333  -0.466666666667  0.133333333333  0.500043520568  0.0                0.499956479432  0.2  -0.8  8.70411369805e-05  0.0                1000.0  11.6045059507  -1.31765369     -1.78433776489
0.333333333333  -0.466666666667  0.133333333333  0.500046031371  0.0                0.499953968629  0.2  -0.8  9.2062741037e-05   0.0                1010.0  11.4896098522  -1.3176486425   -1.78433372171
0.333333333333  -0.466666666667  0.133333333333  0.500053982244  0.0                0.499946017756  0.2  -0.8  0.000107964487217  0.0                1020.0  11.3769666184  -1.31763265875  -1.78432091831
0.333333333333  -0.466666666667  0.133333333333  0.500065280853  0.0                0.499934719147  0.2  -0.8  0.000130561705471  0.0                1030.0  11.2665106318  -1.31760995204  -1.78430273105
0.333333333333  -0.466666666667  0.133333333333  0.500057469469  0.0                0.499942530531  0.2  -0.8  0.000114938937295  0.0                1040.0  11.1581787988  -1.31762564861  -1.78431530306
0.333333333333  -0.466666666667  0.133333333333  0.500067512677  0.0                0.499932487323  0.2  -0.8  0.000135025353521  0.0                1050.0  11.0519104293  -1.31760546025  -1.78429913199
0.333333333333  -0.466666666667  0.133333333333  0.500074208149  0.0                0.499925791851  0.2  -0.8  0.000148416297672  0.0                1060.0  10.9476471233  -1.31759200848  -1.78428835841
0.333333333333  -0.466666666667  0.133333333333  0.500082438     0.0                0.499917562     0.2  -0.8  0.000164875999857  0.0                1070.0  10.8453326643  -1.31757545519  -1.78427509705
0.333333333333  -0.466666666667  0.133333333333  0.500091086318  0.0                0.499908913682  0.2  -0.8  0.000182172636053  0.0                1080.0  10.7449129174  -1.317558048    -1.78426114919
0.333333333333  -0.466666666667  0.133333333333  0.500095270988  0.0                0.499904729012  0.2  -0.8  0.000190541976147  0.0                1090.0  10.6463357346  -1.31754966069  -1.78425443575
0.333333333333  -0.466666666667  0.133333333333  0.500096526389  0.0                0.499903473611  0.2  -0.8  0.000193052778174  0.0                1100.0  10.5495508643  -1.31754707963  -1.78425235685
0.333333333333  -0.466666666667  0.133333333333  0.500115775871  0.0                0.499884224129  0.2  -0.8  0.000231551742607  0.0                1110.0  10.4545098655  -1.31750844812  -1.78422142513
0.333333333333  -0.466666666667  0.133333333333  0.500112149157  0.0                0.499887850843  0.2  -0.8  0.000224298314527  0.0                1120.0  10.3611660275  -1.31751566284  -1.78422718917
0.333333333333  -0.466666666667  0.133333333333  0.500118286673  0.0                0.499881713327  0.2  -0.8  0.000236573346664  0.0                1130.0  10.2694742927  -1.31750338376  -1.78421736509
0.333333333333  -0.466666666667  0.133333333333  0.500144789584  0.0                0.499855210416  0.2  -0.8  0.000289579167262  0.0                1140.0  10.1793911849  -1.31745013041  -1.78417471291
0.333333333333  -0.466666666667  0.133333333333  0.500141302359  0.0                0.499858697641  0.2  -0.8  0.000282604717183  0.0                1150.0  10.0908747398  -1.31745712015  -1.78418030776
0.333333333333  -0.466666666667  0.133333333333  0.500164597022  0.0                0.499835402978  0.2  -0.8  0.000329194043709  0.0                1160.0  10.0038844403  -1.31741030964  -1.78414281511
0.333333333333  -0.466666666667  0.133333333333  0.500174221763  0.0                0.499825778237  0.2  -0.8  0.000348443525926  0.0                1170.0  9.91838115449  -1.3173909627   -1.78412731807
0.333333333333  -0.466666666667  0.133333333333  0.500176872054  0.0                0.499823127946  0.2  -0.8  0.000353744107984  0.0                1180.0  9.83432707691  -1.31738559311  -1.7841230086
0.333333333333  -0.466666666667  0.133333333333  0.500192494822  0.0                0.499807505178  0.2  -0.8  0.000384989644336  0.0                1190.0  9.7516856729   -1.31735419886  -1.78409786345
0.333333333333  -0.466666666667  0.133333333333  0.500199329783  0.0                0.499800670217  0.2  -0.8  0.00039865956649   0.0                1200.0  9.67042162562  -1.31734049042  -1.784086889
0.333333333333  -0.466666666667  0.133333333333  0.500222763936  0.0                0.499777236064  0.2  -0.8  0.000445527871018  0.0                1210.0  9.59050078574  -1.31729333907  -1.78404911131
0.333333333333  -0.466666666667  0.133333333333  0.500237410281  0.0                0.499762589719  0.2  -0.8  0.000474820561348  0.0                1220.0  9.51189012357  -1.31726396053  -1.78402559131
0.333333333333  -0.466666666667  0.133333333333  0.500243408308  0.0                0.499756591692  0.2  -0.8  0.000486816615484  0.0                1230.0  9.43455768354  -1.31725187955  -1.78401590954
0.333333333333  -0.466666666667  0.133333333333  0.500263634213  0.0                0.499736365787  0.2  -0.8  0.000527268425939  0.0                1240.0  9.35847254093  -1.31721124277  -1.78398336312
0.333333333333  -0.466666666667  0.133333333333  0.500289439678  0.0                0.499710560322  0.2  -0.8  0.00057887935652   0.0                1250.0  9.2836047606   -1.31715935209  -1.78394179462
0.333333333333  -0.466666666667  0.133333333333  0.500320545726  0.0                0.499679454274  0.2  -0.8  0.000641091451221  0.0                1260.0  9.20992535774  -1.3170967419   -1.78389162685
0.333333333333  -0.466666666667  0.133333333333  0.5003158031    0.0                0.4996841969    0.2  -0.8  0.000631606199115  0.0                1270.0  9.13740626043  -1.31710632547  -1.78389931337
0.333333333333  -0.466666666667  0.133333333333  0.500335889516  0.0                0.499664110484  0.2  -0.8  0.000671779031566  0.0                1280.0  9.06602027402  -1.31706600448  -1.78386702695
0.333333333333  -0.466666666667  0.133333333333  0.50033812134   0.0                0.49966187866   0.2  -0.8  0.000676242679617  0.0                1290.0  8.99574104709  -1.31706145733  -1.78386337254
0.333333333333  -0.466666666667  0.133333333333  0.500388616358  1.39489001953e-07  0.499611244153  0.2  -0.8  0.000777511694758  2.78978003906e-07  1300.0  8.92654303904  -1.31695934506  -1.78378129089
0.333333333333  -0.466666666667  0.133333333333  0.500390150737  0.0                0.499609849263  0.2  -0.8  0.000780301474789  0.0                1310.0  8.85840148912  -1.31695679539  -1.78377952235
0.333333333333  -0.466666666667  0.133333333333  0.50042055934   0.0                0.49957944066   0.2  -0.8  0.000841118679475  0.0                1320.0  8.79129238693  -1.31689572053  -1.78373061093
0.333333333333  -0.466666666667  0.133333333333  0.500440366778  0.0                0.499559633222  0.2  -0.8  0.00088073355592   0.0                1330.0  8.72519244417  -1.3168558289   -1.78369864228
0.333333333333  -0.466666666667  0.133333333333  0.500470496402  0.0                0.499529503598  0.2  -0.8  0.000940992804599  0.0                1340.0  8.66007906772  -1.31679516961  -1.78365003484
0.333333333333  -0.466666666667  0.133333333333  0.500480121143  0.0                0.499519878857  0.2  -0.8  0.000960242286816  0.0                1350.0  8.59593033389  -1.31677605509  -1.78363477021
0.333333333333  -0.466666666667  0.133333333333  0.500499231137  0.0                0.499500768863  0.2  -0.8  0.000998462273246  0.0                1360.0  8.53272496379  -1.31673759626  -1.78360395538
0.333333333333  -0.466666666667  0.133333333333  0.500521270399  0.0                0.499478729601  0.2  -0.8  0.00104254079774   0.0                1370.0  8.47044229982  -1.31669324251  -1.78356841734
0.333333333333  -0.466666666667  0.133333333333  0.500582924538  0.0                0.499417075462  0.2  -0.8  0.00116584907513   0.0                1380.0  8.40906228315  -1.31656943263  -1.78346926911
0.333333333333  -0.466666666667  0.133333333333  0.500603987377  2.7897800293e-07   0.499395733645  0.2  -0.8  0.00120853270961   5.57956005859e-07  1390.0  8.34856543219  -1.31652559885  -1.78343352569
0.333333333333  -0.466666666667  0.133333333333  0.500638301671  0.0                0.499361698329  0.2  -0.8  0.00127660334238   0.0                1400.0  8.28893282196  -1.31645800232  -1.78337998965
0.333333333333  -0.466666666667  0.133333333333  0.500672476477  4.18467004883e-07  0.499327105056  0.2  -0.8  0.00134578988716   8.36934009766e-07  1410.0  8.23014606436  -1.3163876722   -1.7833228273
0.333333333333  -0.466666666667  0.133333333333  0.500670523631  1.39489001953e-07  0.49932933688   0.2  -0.8  0.00134132623911   2.78978003906e-07  1420.0  8.17218728926  -1.3163927672   -1.78332747593
0.333333333333  -0.466666666667  0.133333333333  0.50071669449   1.39489001953e-07  0.499283166021  0.2  -0.8  0.00143366795815   2.78978003906e-07  1430.0  8.1150391264   -1.31629980992  -1.783252987
0.333333333333  -0.466666666667  0.133333333333  0.500729806456  0.0                0.499270193544  0.2  -0.8  0.00145961291244   0.0                1440.0  8.05868468802  -1.31627397732  -1.78323256657
0.333333333333  -0.466666666667  0.133333333333  0.500781835854  2.7897800293e-07   0.499217885168  0.2  -0.8  0.00156422966362   5.57956005859e-07  1450.0  8.00310755224  -1.3161681725   -1.78314723874
0.333333333333  -0.466666666667  0.133333333333  0.500857020426  4.18467004883e-07  0.499142561107  0.2  -0.8  0.00171487778532   8.36934009766e-07  1460.0  7.94829174709  -1.31601654542  -1.7830255181
0.333333333333  -0.466666666667  0.133333333333  0.500861065607  2.7897800293e-07   0.499138655415  0.2  -0.8  0.0017226891694    5.57956005859e-07  1470.0  7.8942217352   -1.3160091291   -1.78301988723
0.333333333333  -0.466666666667  0.133333333333  0.50089691428   6.97445007813e-07  0.499102388275  0.2  -0.8  0.00179522345022   1.39489001563e-06  1480.0  7.84088239916  -1.31593469055  -1.78295928599
0.333333333333  -0.466666666667  0.133333333333  0.500934576311  0.0                0.499065423689  0.2  -0.8  0.00186915262105   0.0                1490.0  7.78825902735  -1.3158625204   -1.78290301759
0.333333333333  -0.466666666667  0.133333333333  0.500937645069  4.18467004883e-07  0.499061936464  0.2  -0.8  0.00187612707113   8.36934009766e-07  1500.0  7.7363373005   -1.31585458621  -1.78289580874
0.333333333333  -0.466666666667  0.133333333333  0.501013666574  4.18467004883e-07  0.498985914959  0.2  -0.8  0.00202817008285   8.36934009766e-07  1510.0  7.68510327864  -1.31570162125  -1.78277325239
0.333333333333  -0.466666666667  0.133333333333  0.501051189116  2.7897800293e-07   0.498948531906  0.2  -0.8  0.00210293618769   5.57956005859e-07  1520.0  7.63454338865  -1.3156269711   -1.78271377863
0.333333333333  -0.466666666667  0.133333333333  0.501085224432  1.39489001953e-07  0.498914636079  0.2  -0.8  0.00217072784245   2.78978003906e-07  1530.0  7.58464441225  -1.31555846524  -1.7826590543
0.333333333333  -0.466666666667  0.133333333333  0.501154550466  4.18467004883e-07  0.498845031067  0.2  -0.8  0.00230993786602   8.36934009766e-07  1540.0  7.53539347451  -1.31541813277  -1.78254611746
0.333333333333  -0.466666666667  0.133333333333  0.501206579864  5.57956005859e-07  0.49879286218   0.2  -0.8  0.00241427563919   1.11591201172e-06  1550.0  7.48677803274  -1.31531304719  -1.78246167626
0.333333333333  -0.466666666667  0.133333333333  0.501259446195  5.57956005859e-07  0.498739995849  0.2  -0.8  0.00252000830238   1.11591201172e-06  1560.0  7.43878586587  -1.31520656947  -1.78237634507
0.333333333333  -0.466666666667  0.133333333333  0.50127269765   5.57956005859e-07  0.498726744394  0.2  -0.8  0.00254651121268   1.11591201172e-06  1570.0  7.39140506417  -1.3151803827   -1.78235545888
0.333333333333  -0.466666666667  0.133333333333  0.501341465728  9.76423010742e-07  0.498657557849  0.2  -0.8  0.00268488430224   1.95284602148e-06  1580.0  7.34462401946  -1.31504007474  -1.78224215599
0.333333333333  -0.466666666667  0.133333333333  0.501389449945  1.39489001953e-07  0.498610410566  0.2  -0.8  0.0027791788673    2.78978003906e-07  1590.0  7.29843141557  -1.31494744041  -1.78216971967
0.333333333333  -0.466666666667  0.133333333333  0.50148234962   1.39489001953e-07  0.498517510891  0.2  -0.8  0.0029649782174    2.78978003906e-07  1600.0  7.25281621922  -1.31476015403  -1.78201959315
0.333333333333  -0.466666666667  0.133333333333  0.501479699329  1.39489001563e-06  0.498518905781  0.2  -0.8  0.00296218843737   2.78978003125e-06  1610.0  7.20776767127  -1.31476098718  -1.78201785971
0.333333333333  -0.466666666667  0.133333333333  0.501513734645  1.1159120127e-06   0.498485149443  0.2  -0.8  0.00302970111413   2.23182402539e-06  1620.0  7.16327527824  -1.31469340379  -1.78196422522
0.333333333333  -0.466666666667  0.133333333333  0.501595614689  1.1159120127e-06   0.498403269399  0.2  -0.8  0.00319346120197   2.23182402539e-06  1630.0  7.11932880414  -1.31452840602  -1.78183197947
0.333333333333  -0.466666666667  0.133333333333  0.501696465237  1.25540101367e-06  0.498302279362  0.2  -0.8  0.00339544127625   2.51080202734e-06  1640.0  7.07591826265  -1.31432544955  -1.78166919583
0.333333333333  -0.466666666667  0.133333333333  0.501680424002  1.81335702051e-06  0.498317762641  0.2  -0.8  0.0033644747179    3.62671404102e-06  1650.0  7.03303390954  -1.3143556433   -1.78169230354
0.333333333333  -0.466666666667  0.133333333333  0.501760072222  6.97445007813e-07  0.498239230333  0.2  -0.8  0.00352153933367   1.39489001563e-06  1660.0  6.99066623539  -1.31419907161  -1.78156893023
0.333333333333  -0.466666666667  0.133333333333  0.50183860453   1.25540101367e-06  0.498160140069  0.2  -0.8  0.00367971986145   2.51080202734e-06  1670.0  6.94880595853  -1.31403959282  -1.78144019482
0.333333333333  -0.466666666667  0.133333333333  0.501836651684  1.25540101367e-06  0.498162092915  0.2  -0.8  0.0036758141694    2.51080202734e-06  1680.0  6.9074440183   -1.31404294279  -1.78144276365
0.333333333333  -0.466666666667  0.133333333333  0.501948521863  1.25540101367e-06  0.498050222736  0.2  -0.8  0.00389955452792   2.51080202734e-06  1690.0  6.86657156849  -1.3138183919   -1.78126296083
0.333333333333  -0.466666666667  0.133333333333  0.502001667173  1.67386801855e-06  0.497996658959  0.2  -0.8  0.00400668208113   3.34773603711e-06  1700.0  6.82617997103  -1.31371050337  -1.78117582826
0.333333333333  -0.466666666667  0.133333333333  0.502113537352  9.76423010742e-07  0.497885486225  0.2  -0.8  0.00422902754963   1.95284602148e-06  1710.0  6.78626078991  -1.31348777826  -1.78099868816
0.333333333333  -0.466666666667  0.133333333333  0.502175609958  1.95284602246e-06  0.497822437196  0.2  -0.8  0.00435512560706   3.90569204492e-06  1720.0  6.74680578532  -1.3133578492   -1.78089241644
0.333333333333  -0.466666666667  0.133333333333  0.502191372215  3.34773603809e-06  0.497805280049  0.2  -0.8  0.00438943990144   6.69547207617e-06  1730.0  6.70780690795  -1.31332168213  -1.7808608804
0.333333333333  -0.466666666667  0.133333333333  0.502292920208  3.48722503906e-06  0.497703592567  0.2  -0.8  0.00459281486573   6.97445007813e-06  1740.0  6.66925629353  -1.31311656863  -1.78069621871
0.333333333333  -0.466666666667  0.133333333333  0.502351366099  1.25540101367e-06  0.4976473785    0.2  -0.8  0.004705243001     2.51080202734e-06  1750.0  6.63114625757  -1.31300821304  -1.78061391966
0.333333333333  -0.466666666667  0.133333333333  0.502467978905  9.76423010742e-07  0.497531044672  0.2  -0.8  0.00493791065562   1.95284602148e-06  1760.0  6.5934692902   -1.31277382209  -1.78042650861
0.333333333333  -0.466666666667  0.133333333333  0.502506059402  2.23182402539e-06  0.497491708774  0.2  -0.8  0.00501658245251   4.46364805078e-06  1770.0  6.55621805127  -1.31269298811  -1.78035940035
0.333333333333  -0.466666666667  0.133333333333  0.50252865662   3.62671404102e-06  0.497467716665  0.2  -0.8  0.00506456666905   7.25342808203e-06  1780.0  6.51938536559  -1.31264053877  -1.78031431602
0.333333333333  -0.466666666667  0.133333333333  0.502650151541  2.9292690332e-06   0.49734691919   0.2  -0.8  0.00530616161977   5.85853806641e-06  1790.0  6.4829642183   -1.31239977068  -1.78012298284
0.333333333333  -0.466666666667  0.133333333333  0.502776528576  2.65029103027e-06  0.497220821133  0.2  -0.8  0.00555835773461   5.30058206055e-06  1800.0  6.44694775042  -1.31214584189  -1.77991993963
0.333333333333  -0.466666666667  0.133333333333  0.502780294779  2.51080202832e-06  0.497217194419  0.2  -0.8  0.00556561116269   5.02160405664e-06  1810.0  6.41132925456  -1.31213810401  -1.77991387562
0.333333333333  -0.466666666667  0.133333333333  0.502813214184  3.62671404102e-06  0.497183159102  0.2  -0.8  0.00563368179546   7.25342808203e-06  1820.0  6.37610217074  -1.31206858265  -1.77985618293
0.333333333333  -0.466666666667  0.133333333333  0.503049090085  4.32415904883e-06  0.496946585756  0.2  -0.8  0.00610682848879   8.64831809766e-06  1830.0  6.34126008238  -1.31159047907  -1.77947159278
0.333333333333  -0.466666666667  0.133333333333  0.503070989859  4.4636480498e-06   0.496924546493  0.2  -0.8  0.00615090701328   8.92729609961e-06  1840.0  6.30679671236  -1.31154750145  -1.77943720769
0.333333333333  -0.466666666667  0.133333333333  0.503118555608  3.76620304199e-06  0.496877678189  0.2  -0.8  0.00624464362234   7.53240608398e-06  1850.0  6.27270591932  -1.31145517255  -1.77936474202
0.333333333333  -0.466666666667  0.133333333333  0.503169190116  5.71904906445e-06  0.496825090835  0.2  -0.8  0.00634981832952   1.14380981289e-05  1860.0  6.23898169395  -1.3113440678   -1.77927154765
0.333333333333  -0.466666666667  0.133333333333  0.50323977155   5.5795600625e-06   0.496754648889  0.2  -0.8  0.00649070222111   1.1159120125e-05   1870.0  6.20561815548  -1.31120190951  -1.77915778933
0.333333333333  -0.466666666667  0.133333333333  0.503369914789  3.62671404102e-06  0.496626458497  0.2  -0.8  0.006747083006     7.25342808203e-06  1880.0  6.17260954827  -1.31095058687  -1.7789608674
0.333333333333  -0.466666666667  0.133333333333  0.503457513882  5.44007106152e-06  0.496537046047  0.2  -0.8  0.00692590790601   1.0880142123e-05   1890.0  6.13995023849  -1.31076559667  -1.7788087408
0.333333333333  -0.466666666667  0.133333333333  0.503598118796  4.0451810459e-06   0.496397836023  0.2  -0.8  0.00720432795315   8.0903620918e-06   1900.0  6.10763471092  -1.31048687634  -1.7785879363
0.333333333333  -0.466666666667  0.133333333333  0.503643313232  5.99802706738e-06  0.496350688741  0.2  -0.8  0.00729862251821   1.19960541348e-05  1910.0  6.07565756584  -1.3103886599   -1.77850545423
0.333333333333  -0.466666666667  0.133333333333  0.503754067499  7.25342808203e-06  0.496238679073  0.2  -0.8  0.00752264185474   1.45068561641e-05  1920.0  6.04401351602  -1.31016151861  -1.77832110816
0.333333333333  -0.466666666667  0.133333333333  0.503828275648  5.99802706738e-06  0.496165726325  0.2  -0.8  0.00766854735038   1.19960541348e-05  1930.0  6.01269738381  -1.31001556579  -1.77820634508
0.333333333333  -0.466666666667  0.133333333333  0.503943633052  7.53240608496e-06  0.496048834541  0.2  -0.8  0.00790233091701   1.50648121699e-05  1940.0  5.98170409833  -1.30977660351  -1.77801168451
0.333333333333  -0.466666666667  0.133333333333  0.504020909959  8.92729610059e-06  0.495970162745  0.2  -0.8  0.00805967451078   1.78545922012e-05  1950.0  5.95102869269  -1.3096164565   -1.77788077439
0.333333333333  -0.466666666667  0.133333333333  0.504175324284  1.00432081133e-05  0.495814632508  0.2  -0.8  0.00837073498429   2.00864162266e-05  1960.0  5.9206663014   -1.30930115268  -1.77762589721
0.333333333333  -0.466666666667  0.133333333333  0.50423460711   8.92729610059e-06  0.495756465594  0.2  -0.8  0.0084870688116    1.78545922012e-05  1970.0  5.89061215774  -1.30918426077  -1.77753405753
0.333333333333  -0.466666666667  0.133333333333  0.504300864385  9.34576310547e-06  0.495689789851  0.2  -0.8  0.0086204202971    1.86915262109e-05  1980.0  5.86086159129  -1.30905085388  -1.77742665138
0.333333333333  -0.466666666667  0.133333333333  0.504432123536  1.07406531211e-05  0.495557135811  0.2  -0.8  0.00888572837809   2.14813062422e-05  1990.0  5.8314100255   -1.30878072755  -1.77720735485
0.333333333333  -0.466666666667  0.133333333333  0.504547201962  1.21355431367e-05  0.495440662495  0.2  -0.8  0.00911867501071   2.42710862734e-05  2000.0  5.80225297537  -1.3085430277   -1.7770140125
0.333333333333  -0.466666666667  0.133333333333  0.504665070169  8.5088290957e-06   0.495326421002  0.2  -0.8  0.00934715799529   1.70176581914e-05  2010.0  5.77338604515  -1.3083193224   -1.77684180654
0.333333333333  -0.466666666667  0.133333333333  0.504697989573  1.00432081133e-05  0.495291967219  0.2  -0.8  0.00941606556206   2.00864162266e-05  2020.0  5.74480492611  -1.30824713213  -1.77678094278
0.333333333333  -0.466666666667  0.133333333333  0.504834270327  9.48525210645e-06  0.49515624442   0.2  -0.8  0.00968751115912   1.89705042129e-05  2030.0  5.71650539446  -1.30797393224  -1.77656292474
0.333333333333  -0.466666666667  0.133333333333  0.504899690669  1.14380981289e-05  0.495088871233  0.2  -0.8  0.00982225753464   2.28761962578e-05  2040.0  5.68848330919  -1.30783662979  -1.77644944701
0.333333333333  -0.466666666667  0.133333333333  0.50502537026   1.61807241826e-05  0.494958449016  0.2  -0.8  0.0100831019676    3.23614483652e-05  2050.0  5.66073461012  -1.3075630658   -1.77622046371
0.333333333333  -0.466666666667  0.133333333333  0.505073633454  1.45068561631e-05  0.49491185969   0.2  -0.8  0.0101762806206    2.90137123262e-05  2060.0  5.6332553159   -1.30747091879  -1.77614963061
0.333333333333  -0.466666666667  0.133333333333  0.505267383677  1.4785834167e-05   0.494717830489  0.2  -0.8  0.010564339023     2.9571668334e-05   2070.0  5.6060415221   -1.30708184305  -1.77583772019
0.333333333333  -0.466666666667  0.133333333333  0.505394876625  1.4785834167e-05   0.494590337541  0.2  -0.8  0.0108193249179    2.9571668334e-05   2080.0  5.5790893994   -1.30682247127  -1.77562934559
0.333333333333  -0.466666666667  0.133333333333  0.505449835291  1.89705042139e-05  0.494531194204  0.2  -0.8  0.0109376115912    3.79410084277e-05  2090.0  5.55239519175  -1.30669569362  -1.7755195298
0.333333333333  -0.466666666667  0.133333333333  0.505564076784  1.8552037209e-05   0.494417371179  0.2  -0.8  0.0111652576418    3.7104074418e-05   2100.0  5.52595521464  -1.30646835135  -1.77533838629
0.333333333333  -0.466666666667  0.133333333333  0.505685292726  1.79940812031e-05  0.494296713193  0.2  -0.8  0.0114065736145    3.59881624063e-05  2110.0  5.49976585344  -1.30622768073  -1.77514687159
0.333333333333  -0.466666666667  0.133333333333  0.505783074516  1.93889712188e-05  0.494197536513  0.2  -0.8  0.0116049269747    3.87779424375e-05  2120.0  5.47382356168  -1.30602402486  -1.77498065457
0.333333333333  -0.466666666667  0.133333333333  0.505953390587  1.91099932148e-05  0.49402749942   0.2  -0.8  0.0119450011605    3.82199864297e-05  2130.0  5.44812485951  -1.30567907061  -1.77470416152
0.333333333333  -0.466666666667  0.133333333333  0.506064842299  1.88310152119e-05  0.493916326685  0.2  -0.8  0.0121673466291    3.76620304238e-05  2140.0  5.42266633213  -1.30545364578  -1.77452365215
0.333333333333  -0.466666666667  0.133333333333  0.506135842201  2.45500642764e-05  0.493839607735  0.2  -0.8  0.0123207845308    4.91001285527e-05  2150.0  5.39744462826  -1.30529061235  -1.77438215582
0.333333333333  -0.466666666667  0.133333333333  0.506250641649  2.217875125e-05    0.493727179599  0.2  -0.8  0.0125456408013    4.43575025e-05     2160.0  5.37245645868  -1.30506842062  -1.77420872945
0.333333333333  -0.466666666667  0.133333333333  0.506344936214  2.55264872871e-05  0.493629537298  0.2  -0.8  0.0127409254035    5.10529745742e-05  2170.0  5.34769859482  -1.30486441495  -1.77403842432
0.333333333333  -0.466666666667  0.133333333333  0.506536175636  2.67818883018e-05  0.493437042476  0.2  -0.8  0.0131259150478    5.35637766035e-05  2180.0  5.32316786732  -1.30447323556  -1.77372223421
0.333333333333  -0.466666666667  0.133333333333  0.506596574373  3.19429813594e-05  0.493371482645  0.2  -0.8  0.0132570347093    6.38859627188e-05  2190.0  5.29886116473  -1.30432891875  -1.77359588359
0.333333333333  -0.466666666667  0.133333333333  0.506843888373  2.63634212969e-05  0.493129748206  0.2  -0.8  0.0137405035888    5.27268425937e-05  2200.0  5.27477543216  -1.30385631093  -1.77322889684
0.333333333333  -0.466666666667  0.133333333333  0.506820175243  2.66423992998e-05  0.493153182358  0.2  -0.8  0.0136936352842    5.32847985996e-05  2210.0  5.25090767002  -1.30390143323  -1.77326419911
0.333333333333  -0.466666666667  0.133333333333  0.506932045422  3.16640033564e-05  0.493036290575  0.2  -0.8  0.0139274188509    6.33280067129e-05  2220.0  5.22725493277  -1.3036558756   -1.77305736363
0.333333333333  -0.466666666667  0.133333333333  0.507133746518  3.20824703613e-05  0.492834171011  0.2  -0.8  0.0143316579774    6.41649407227e-05  2230.0  5.20381432769  -1.30324399815  -1.77272566446
0.333333333333  -0.466666666667  0.133333333333  0.507243524363  3.75225414229e-05  0.492718953096  0.2  -0.8  0.014562093808     7.50450828457e-05  2240.0  5.18058301373  -1.30300021131  -1.77251926067
0.333333333333  -0.466666666667  0.133333333333  0.50731647711   3.18034923584e-05  0.492651719397  0.2  -0.8  0.0146965612055    6.36069847168e-05  2250.0  5.15755820033  -1.30288182588  -1.7724369192
0.333333333333  -0.466666666667  0.133333333333  0.507565743956  4.00333434512e-05  0.4923942227    0.2  -0.8  0.0152115545993    8.00666869023e-05  2260.0  5.13473714635  -1.30233895882  -1.77198388306
0.333333333333  -0.466666666667  0.133333333333  0.507613449195  3.52907173975e-05  0.492351260088  0.2  -0.8  0.0152974798243    7.05814347949e-05  2270.0  5.11211715892  -1.30226158453  -1.77193128201
0.333333333333  -0.466666666667  0.133333333333  0.507775814393  3.64066294102e-05  0.492187778978  0.2  -0.8  0.015624442044     7.28132588203e-05  2280.0  5.08969559243  -1.30193303102  -1.77166633549
0.333333333333  -0.466666666667  0.133333333333  0.507887545083  4.35205684902e-05  0.492068934349  0.2  -0.8  0.0158621313027    8.70411369805e-05  2290.0  5.06746984749  -1.30167646397  -1.77144592399
0.333333333333  -0.466666666667  0.133333333333  0.508015456497  3.80804974287e-05  0.491946463005  0.2  -0.8  0.0161070739894    7.61609948574e-05  2300.0  5.04543736989  -1.30144081551  -1.77126796818
0.333333333333  -0.466666666667  0.133333333333  0.508109890551  4.32415904873e-05  0.491846867858  0.2  -0.8  0.0163062642837    8.64831809746e-05  2310.0  5.02359564968  -1.30122596672  -1.7710846997
0.333333333333  -0.466666666667  0.133333333333  0.508310894203  5.00765515645e-05  0.491639029246  0.2  -0.8  0.0167219415084    0.000100153103129  2320.0  5.00194222015  -1.30079640793  -1.77072734042
0.333333333333  -0.466666666667  0.133333333333  0.508430575766  4.68683045283e-05  0.49152255593   0.2  -0.8  0.016954888141     9.37366090566e-05  2330.0  4.98047465697  -1.30056224389  -1.7705448989
0.333333333333  -0.466666666667  0.133333333333  0.508548164994  5.34242876016e-05  0.491398410718  0.2  -0.8  0.0172031785638    0.000106848575203  2340.0  4.95919057724  -1.30030486013  -1.77032668365
0.333333333333  -0.466666666667  0.133333333333  0.508738985948  4.95185955576e-05  0.491211495456  0.2  -0.8  0.017577009088     9.90371911152e-05  2350.0  4.93808763862  -1.29992992503  -1.77003276376
0.333333333333  -0.466666666667  0.133333333333  0.508908325596  5.76089576484e-05  0.491034065446  0.2  -0.8  0.017931869108     0.000115217915297  2360.0  4.91716353845  -1.29955426116  -1.76971512732
0.333333333333  -0.466666666667  0.133333333333  0.508966074043  5.10529745752e-05  0.490982872982  0.2  -0.8  0.0180342540351    0.00010210594915   2370.0  4.89641601298  -1.29946597668  -1.7696578094
0.333333333333  -0.466666666667  0.133333333333  0.509147549234  6.2909539709e-05   0.490789541226  0.2  -0.8  0.0184209175475    0.000125819079418  2380.0  4.87584283645  -1.29904432684  -1.76929452175
0.333333333333  -0.466666666667  0.133333333333  0.509370871126  6.05382266816e-05  0.490568590648  0.2  -0.8  0.0188628187045    0.000121076453363  2390.0  4.8554418204   -1.29860806437  -1.76895043361
0.333333333333  -0.466666666667  0.133333333333  0.509541884641  6.45834077275e-05  0.490393531951  0.2  -0.8  0.0192129360984    0.000129166815455  2400.0  4.83521081281  -1.29824495363  -1.76865087407
