#mu0            mu1             mu2              x0              x1                 x2              mua  mub   xa                 xb                 T       b              u               phi
0.266666666667  0.066666666667  -0.333333333333  0.5             0.0                0.5             0.6  -0.2  0.0                0.0                30.0    386.816865025  -1.31774118     -1.25107451333
0.266666666667  0.066666666667  -0.333333333333  0.5             0.0                0.5             0.6  -0.2  0.0                0.0                40.0    290.112648769  -1.31774118     -1.25107451333
0.266666666667  0.066666666667  -0.333333333333  0.5             0.0                0.5             0.6  -0.2  0.0                0.0                50.0    232.090119015  -1.31774118     -1.25107451333
0.266666666667  0.066666666667  -0.333333333333  0.5             0.0                0.5             0.6  -0.2  0.0                0.0                60.0    193.408432513  -1.31774118     -1.25107451333
0.266666666667  0.066666666667  -0.333333333333  0.5             0.0                0.5             0.6  -0.2  0.0                0.0                70.0    165.778656439  -1.31774118     -1.25107451333
0.266666666667  0.066666666667  -0.333333333333  0.5             0.0                0.5             0.6  -0.2  0.0                0.0                80.0    145.056324384  -1.31774118     -1.25107451333
0.266666666667  0.066666666667  -0.333333333333  0.5             0.0                0.5             0.6  -0.2  0.0                0.0                90.0    128.938955008  -1.31774118     -1.25107451333
0.266666666667  0.066666666667  -0.333333333333  0.5             0.0                0.5             0.6  -0.2  0.0                0.0                100.0   116.045059507  -1.31774118     -1.25107451333
0.266666666667  0.066666666667  -0.333333333333  0.5             0.0                0.5             0.6  -0.2  0.0                0.0                110.0   105.495508643  -1.31774118     -1.25107451333
0.266666666667  0.066666666667  -0.333333333333  0.5             0.0                0.5             0.6  -0.2  0.0                0.0                120.0   96.7042162563  -1.31774118     -1.25107451333
0.266666666667  0.066666666667  -0.333333333333  0.5             0.0                0.5             0.6  -0.2  0.0                0.0                130.0   89.2654303904  -1.31774118     -1.25107451333
0.266666666667  0.066666666667  -0.333333333333  0.5             0.0                0.5             0.6  -0.2  0.0                0.0                140.0   82.8893282196  -1.31774118     -1.25107451333
0.266666666667  0.066666666667  -0.333333333333  0.5             0.0                0.5             0.6  -0.2  0.0                0.0                150.0   77.363373005   -1.31774118     -1.25107451333
0.266666666667  0.066666666667  -0.333333333333  0.5             0.0                0.5             0.6  -0.2  0.0                0.0                160.0   72.5281621922  -1.31774118     -1.25107451333
0.266666666667  0.066666666667  -0.333333333333  0.5             0.0                0.5             0.6  -0.2  0.0                0.0                170.0   68.2617997103  -1.31774118     -1.25107451333
0.266666666667  0.066666666667  -0.333333333333  0.5             0.0                0.5             0.6  -0.2  0.0                0.0                180.0   64.4694775042  -1.31774118     -1.25107451333
0.266666666667  0.066666666667  -0.333333333333  0.5             0.0                0.5             0.6  -0.2  0.0                0.0                190.0   61.0763471092  -1.31774118     -1.25107451333
0.266666666667  0.066666666667  -0.333333333333  0.5             0.0                0.5             0.6  -0.2  0.0                0.0                200.0   58.0225297537  -1.31774118     -1.25107451333
0.266666666667  0.066666666667  -0.333333333333  0.5             0.0                0.5             0.6  -0.2  0.0                0.0                210.0   55.2595521464  -1.31774118     -1.25107451333
0.266666666667  0.066666666667  -0.333333333333  0.5             0.0                0.5             0.6  -0.2  0.0                0.0                220.0   52.7477543216  -1.31774118     -1.25107451333
0.266666666667  0.066666666667  -0.333333333333  0.5             0.0                0.5             0.6  -0.2  0.0                0.0                230.0   50.4543736989  -1.31774118     -1.25107451333
0.266666666667  0.066666666667  -0.333333333333  0.5             0.0                0.5             0.6  -0.2  0.0                0.0                240.0   48.3521081281  -1.31774118     -1.25107451333
0.266666666667  0.066666666667  -0.333333333333  0.5             0.0                0.5             0.6  -0.2  0.0                0.0                250.0   46.418023803   -1.31774118     -1.25107451333
0.266666666667  0.066666666667  -0.333333333333  0.5             0.0                0.5             0.6  -0.2  0.0                0.0                260.0   44.6327151952  -1.31774118     -1.25107451333
0.266666666667  0.066666666667  -0.333333333333  0.5             0.0                0.5             0.6  -0.2  0.0                0.0                270.0   42.9796516694  -1.31774118     -1.25107451333
0.266666666667  0.066666666667  -0.333333333333  0.5             0.0                0.5             0.6  -0.2  0.0                0.0                280.0   41.4446641098  -1.31774118     -1.25107451333
0.266666666667  0.066666666667  -0.333333333333  0.5             0.0                0.5             0.6  -0.2  0.0                0.0                290.0   40.0155377612  -1.31774118     -1.25107451333
0.266666666667  0.066666666667  -0.333333333333  0.5             0.0                0.5             0.6  -0.2  0.0                0.0                300.0   38.6816865025  -1.31774118     -1.25107451333
0.266666666667  0.066666666667  -0.333333333333  0.5             0.0                0.5             0.6  -0.2  0.0                0.0                310.0   37.4338901637  -1.31774118     -1.25107451333
0.266666666667  0.066666666667  -0.333333333333  0.500000139489  0.0                0.499999860511  0.6  -0.2  2.78978003809e-07  0.0                320.0   36.2640810961  -1.31774089958  -1.2510744003
0.266666666667  0.066666666667  -0.333333333333  0.500000418467  0.0                0.499999581533  0.6  -0.2  8.36934009874e-07  0.0                330.0   35.1651695477  -1.31774033875  -1.25107417424
0.266666666667  0.066666666667  -0.333333333333  0.500000139489  0.0                0.499999860511  0.6  -0.2  2.78978003809e-07  0.0                340.0   34.1308998551  -1.31774089958  -1.2510744003
0.266666666667  0.066666666667  -0.333333333333  0.500000557956  0.0                0.499999442044  0.6  -0.2  1.11591201168e-06  0.0                350.0   33.1557312879  -1.31774005833  -1.25107406121
0.266666666667  0.066666666667  -0.333333333333  0.500000836934  0.0                0.499999163066  0.6  -0.2  1.67386801941e-06  0.0                360.0   32.2347387521  -1.3177394975   -1.25107383515
0.266666666667  0.066666666667  -0.333333333333  0.50000139489   0.0                0.49999860511   0.6  -0.2  2.7897800311e-06   0.0                370.0   31.3635295966  -1.31773837583  -1.25107338303
0.266666666667  0.066666666667  -0.333333333333  0.500002092335  0.0                0.499997907665  0.6  -0.2  4.18467004693e-06  0.0                380.0   30.5381735546  -1.31773697375  -1.25107281789
0.266666666667  0.066666666667  -0.333333333333  0.500001952846  0.0                0.499998047154  0.6  -0.2  3.90569204489e-06  0.0                390.0   29.7551434635  -1.31773725417  -1.25107293092
0.266666666667  0.066666666667  -0.333333333333  0.500003208247  0.0                0.499996791753  0.6  -0.2  6.41649407218e-06  0.0                400.0   29.0112648769  -1.31773473042  -1.25107191365
0.266666666667  0.066666666667  -0.333333333333  0.500005858538  0.0                0.499994141462  0.6  -0.2  1.17170761329e-05  0.0                410.0   28.3036730506  -1.3177294025   -1.25106976608
0.266666666667  0.066666666667  -0.333333333333  0.500007392917  0.0                0.499992607083  0.6  -0.2  1.47858341659e-05  0.0                420.0   27.6297760732  -1.31772631792  -1.25106852275
0.266666666667  0.066666666667  -0.333333333333  0.500006277005  0.0                0.499993722995  0.6  -0.2  1.25540101408e-05  0.0                430.0   26.9872231413  -1.31772856125  -1.25106942699
0.266666666667  0.066666666667  -0.333333333333  0.500009485252  0.0                0.499990514748  0.6  -0.2  1.89705042128e-05  0.0                440.0   26.3738771608  -1.31772211348  -1.25106682912
0.266666666667  0.066666666667  -0.333333333333  0.500012414521  0.0                0.499987585479  0.6  -0.2  2.48290422792e-05  0.0                450.0   25.7877910017  -1.31771622292  -1.25106445367
0.266666666667  0.066666666667  -0.333333333333  0.500015901746  0.0                0.499984098254  0.6  -0.2  3.18034923574e-05  0.0                460.0   25.2271868495  -1.3177092125   -1.25106162793
0.266666666667  0.066666666667  -0.333333333333  0.500018970504  0.0                0.499981029496  0.6  -0.2  3.79410084276e-05  0.0                470.0   24.6904381931  -1.31770304333  -1.25105914127
0.266666666667  0.066666666667  -0.333333333333  0.500029850646  0.0                0.499970149354  0.6  -0.2  5.9701292672e-05   0.0                480.0   24.1760540641  -1.31768117083  -1.25105032494
0.266666666667  0.066666666667  -0.333333333333  0.500033058893  0.0                0.499966941107  0.6  -0.2  6.61177867443e-05  0.0                490.0   23.6826652056  -1.31767472125  -1.25104772525
0.266666666667  0.066666666667  -0.333333333333  0.500035569695  0.0                0.499964430305  0.6  -0.2  7.11393908008e-05  0.0                500.0   23.2090119015  -1.31766967375  -1.25104569072
0.266666666667  0.066666666667  -0.333333333333  0.50004756575   0.0                0.49995243425   0.6  -0.2  9.51314990721e-05  0.0                510.0   22.7539332368  -1.31764555898  -1.25103597122
0.266666666667  0.066666666667  -0.333333333333  0.50005593509   0.0                0.49994406491   0.6  -0.2  0.00011187017926   0.0                520.0   22.3163575976  -1.31762873971  -1.25102919515
0.266666666667  0.066666666667  -0.333333333333  0.500069326034  0.0                0.499930673966  0.6  -0.2  0.000138652067562  0.0                530.0   21.8952942467  -1.31760181798  -1.25101834256
0.266666666667  0.066666666667  -0.333333333333  0.500083553912  0.0                0.499916446088  0.6  -0.2  0.000167107823883  0.0                540.0   21.4898258347  -1.31757321846  -1.25100681649
0.266666666667  0.066666666667  -0.333333333333  0.500096107922  0.0                0.499903892078  0.6  -0.2  0.000192215844166  0.0                550.0   21.0991017286  -1.3175479691   -1.25099663194
0.266666666667  0.066666666667  -0.333333333333  0.500105732663  0.0                0.499894267337  0.6  -0.2  0.000211465326383  0.0                560.0   20.7223320549  -1.3175286327   -1.25098884522
0.266666666667  0.066666666667  -0.333333333333  0.500135164843  0.0                0.499864835157  0.6  -0.2  0.000270329685045  0.0                570.0   20.3587823697  -1.31746941127  -1.25096494241
0.266666666667  0.066666666667  -0.333333333333  0.500161946731  0.0                0.499838053269  0.6  -0.2  0.000323893461649  0.0                580.0   20.0077688806  -1.31741562299  -1.2509432924
0.266666666667  0.066666666667  -0.333333333333  0.500176314098  0.0                0.499823685902  0.6  -0.2  0.000352628195973  0.0                590.0   19.6686541538  -1.31738674791  -1.25093165816
0.266666666667  0.066666666667  -0.333333333333  0.500190820954  0.0                0.499809179046  0.6  -0.2  0.000381641908299  0.0                600.0   19.3408432512  -1.31735760839  -1.25091992687
0.266666666667  0.066666666667  -0.333333333333  0.50022918043   0.0                0.49977081957   0.6  -0.2  0.000458360859162  0.0                610.0   19.0237802471  -1.31728048886  -1.25088883871
0.266666666667  0.066666666667  -0.333333333333  0.500260565455  0.0                0.499739434545  0.6  -0.2  0.000521130909869  0.0                620.0   18.7169450819  -1.31721742822  -1.2508634401
0.266666666667  0.066666666667  -0.333333333333  0.500282604717  0.0                0.499717395283  0.6  -0.2  0.000565209434367  0.0                630.0   18.4198507155  -1.31717310731  -1.25084556631
0.266666666667  0.066666666667  -0.333333333333  0.500324730396  0.0                0.499675269604  0.6  -0.2  0.000649460791316  0.0                640.0   18.132040548   -1.31708842797  -1.25081143778
0.266666666667  0.066666666667  -0.333333333333  0.500359323668  0.0                0.499640676332  0.6  -0.2  0.000718647336096  0.0                650.0   17.8530860781  -1.3170189164   -1.25078343813
0.266666666667  0.066666666667  -0.333333333333  0.500428649702  0.0                0.499571350298  0.6  -0.2  0.000857299403656  0.0                660.0   17.5825847739  -1.31687953354  -1.25072724652
0.266666666667  0.066666666667  -0.333333333333  0.500446504294  0.0                0.499553495706  0.6  -0.2  0.000893008588059  0.0                670.0   17.3201581354  -1.31684370553  -1.25071284402
0.266666666667  0.066666666667  -0.333333333333  0.50050160245   0.0                0.49949839755   0.6  -0.2  0.0010032048993    0.0                680.0   17.0654499276  -1.31673292997  -1.25066818624
0.266666666667  0.066666666667  -0.333333333333  0.500550144622  0.0                0.499449855378  0.6  -0.2  0.00110028924439   0.0                690.0   16.8181245663  -1.31663540034  -1.25062890722
0.266666666667  0.066666666667  -0.333333333333  0.500593525702  0.0                0.499406474298  0.6  -0.2  0.00118705140337   0.0                700.0   16.5778656439  -1.31654825623  -1.25059382041
0.266666666667  0.066666666667  -0.333333333333  0.500684472531  0.0                0.499315527469  0.6  -0.2  0.00136894506142   0.0                710.0   16.3443745785  -1.31636553921  -1.25052023958
0.266666666667  0.066666666667  -0.333333333333  0.500722134561  0.0                0.499277865439  0.6  -0.2  0.00144426912227   0.0                720.0   16.117369376   -1.31628974344  -1.25048963825
0.266666666667  0.066666666667  -0.333333333333  0.500816708104  0.0                0.499183291896  0.6  -0.2  0.0016334162084    0.0                730.0   15.8965834942  -1.3160994433   -1.25041282636
0.266666666667  0.066666666667  -0.333333333333  0.500835818097  0.0                0.499164181903  0.6  -0.2  0.00167163619483   0.0                740.0   15.6817647983  -1.3160612604   -1.25039757545
0.266666666667  0.066666666667  -0.333333333333  0.500949920101  0.0                0.499050079899  0.6  -0.2  0.0018998402014    0.0                750.0   15.472674601   -1.31583193052  -1.25030516797
0.266666666667  0.066666666667  -0.333333333333  0.500996788405  0.0                0.499003211595  0.6  -0.2  0.00199357681046   0.0                760.0   15.2690867773  -1.31573793478  -1.2502674142
0.266666666667  0.066666666667  -0.333333333333  0.501141717478  0.0                0.498858282522  0.6  -0.2  0.00228343495572   0.0                770.0   15.070786949   -1.31544649533  -1.25014988964
0.266666666667  0.066666666667  -0.333333333333  0.501160269515  0.0                0.498839730485  0.6  -0.2  0.00232053903014   0.0                780.0   14.8775717317  -1.31540942185  -1.2501350786
0.266666666667  0.066666666667  -0.333333333333  0.501289017864  0.0                0.498710982136  0.6  -0.2  0.00257803572704   0.0                790.0   14.6892480389  -1.31515077472  -1.25003092949
0.266666666667  0.066666666667  -0.333333333333  0.501392100236  0.0                0.498607899764  0.6  -0.2  0.00278420047136   0.0                800.0   14.5056324384  -1.31494329432  -1.24994714793
0.266666666667  0.066666666667  -0.333333333333  0.50149211385   0.0                0.49850788615   0.6  -0.2  0.00298422769962   0.0                810.0   14.3265505565  -1.31474233622  -1.24986620617
0.266666666667  0.066666666667  -0.333333333333  0.501575388784  0.0                0.498424611216  0.6  -0.2  0.00315077756749   0.0                820.0   14.1518365253  -1.31457533603  -1.24979913591
0.266666666667  0.066666666667  -0.333333333333  0.501727431795  0.0                0.498272568205  0.6  -0.2  0.00345486359092   0.0                830.0   13.9813324708  -1.31426956189  -1.24967581337
0.266666666667  0.066666666667  -0.333333333333  0.50179661834   0.0                0.49820338166   0.6  -0.2  0.00359323668047   0.0                840.0   13.8148880366  -1.31413019366  -1.249619469
0.266666666667  0.066666666667  -0.333333333333  0.501980046377  0.0                0.498019953623  0.6  -0.2  0.00396009275461   0.0                850.0   13.6523599421  -1.31376249894  -1.24947188792
0.266666666667  0.066666666667  -0.333333333333  0.50211242144   0.0                0.49788757856   0.6  -0.2  0.00422484287959   0.0                860.0   13.4936115706  -1.31349631316  -1.24936455223
0.266666666667  0.066666666667  -0.333333333333  0.502210900675  0.0                0.497789099325  0.6  -0.2  0.00442180134981   0.0                870.0   13.3385125871  -1.31329840959  -1.24928482374
0.266666666667  0.066666666667  -0.333333333333  0.502379682367  0.0                0.497620317633  0.6  -0.2  0.00475936473361   0.0                880.0   13.1869385804  -1.31295921239  -1.24914816456
0.266666666667  0.066666666667  -0.333333333333  0.502466444526  0.0                0.497533555474  0.6  -0.2  0.00493288905156   0.0                890.0   13.0387707312  -1.31278542094  -1.24907848771
0.266666666667  0.066666666667  -0.333333333333  0.502640945267  4.18467004883e-07  0.497358636266  0.6  -0.2  0.0052827274675    8.36934009766e-07  900.0   12.8938955008  -1.31243308831  -1.24893589074
0.266666666667  0.066666666667  -0.333333333333  0.502808611047  0.0                0.497191388953  0.6  -0.2  0.00561722209327   0.0                910.0   12.7522043415  -1.31209781055  -1.24880147714
0.266666666667  0.066666666667  -0.333333333333  0.502972789601  0.0                0.497027210399  0.6  -0.2  0.00594557920297   0.0                920.0   12.6135934247  -1.31176754565  -1.24866822651
0.266666666667  0.066666666667  -0.333333333333  0.503167934715  2.7897800293e-07   0.496831786307  0.6  -0.2  0.00633642738537   5.57956005859e-07  930.0   12.4779633879  -1.31137503451  -1.24851011268
0.266666666667  0.066666666667  -0.333333333333  0.503272969933  2.7897800293e-07   0.496726751089  0.6  -0.2  0.00654649782174   5.57956005859e-07  940.0   12.3452190965  -1.31116341552  -1.24842453596
0.266666666667  0.066666666667  -0.333333333333  0.503481924457  0.0                0.496518075543  0.6  -0.2  0.00696384891444   0.0                950.0   12.2152694218  -1.31074520917  -1.24825685185
0.266666666667  0.066666666667  -0.333333333333  0.503647637391  0.0                0.496352362609  0.6  -0.2  0.00729527478217   0.0                960.0   12.088027032   -1.3104121933   -1.2481226915
0.266666666667  0.066666666667  -0.333333333333  0.503839016301  2.7897800293e-07   0.496160704721  0.6  -0.2  0.00767859055849   5.57956005859e-07  970.0   11.9634081967  -1.31002677437  -1.24796715044
0.266666666667  0.066666666667  -0.333333333333  0.504018399157  0.0                0.495981600843  0.6  -0.2  0.00803679831453   0.0                980.0   11.8413326028  -1.30966801636  -1.24782342869
0.266666666667  0.066666666667  -0.333333333333  0.50423739689   1.39489001953e-07  0.495762463621  0.6  -0.2  0.00847507275746   2.78978003906e-07  990.0   11.7217231826  -1.30922810704  -1.24764642823
0.266666666667  0.066666666667  -0.333333333333  0.50434354802   1.39489001953e-07  0.495656312491  0.6  -0.2  0.00868737501786   2.78978003906e-07  1000.0  11.6045059507  -1.30901429652  -1.24755999907
0.266666666667  0.066666666667  -0.333333333333  0.504642333461  0.0                0.495357666539  0.6  -0.2  0.00928466692258   0.0                1010.0  11.4896098522  -1.30841536175  -1.24731949524
0.266666666667  0.066666666667  -0.333333333333  0.504822832229  0.0                0.495177167771  0.6  -0.2  0.00964566445865   0.0                1020.0  11.3769666184  -1.30805167979  -1.2471724118
0.266666666667  0.066666666667  -0.333333333333  0.505025928216  1.39489001953e-07  0.494973932295  0.6  -0.2  0.0100521354092    2.78978003906e-07  1030.0  11.2665106318  -1.30764434206  -1.24700890084
0.266666666667  0.066666666667  -0.333333333333  0.505144354378  1.1159120127e-06   0.49485452971   0.6  -0.2  0.0102909405799    2.23182402539e-06  1040.0  11.1581787988  -1.30739982098  -1.24690727229
0.266666666667  0.066666666667  -0.333333333333  0.505510931474  4.18467004883e-07  0.494488650059  0.6  -0.2  0.0110226998822    8.36934009766e-07  1050.0  11.0519104293  -1.30666690593  -1.24661369181
0.266666666667  0.066666666667  -0.333333333333  0.505689616885  4.18467004883e-07  0.494309964648  0.6  -0.2  0.0113800707042    8.36934009766e-07  1060.0  10.9476471233  -1.30631047453  -1.2464716829
0.266666666667  0.066666666667  -0.333333333333  0.505907080239  2.7897800293e-07   0.494092640783  0.6  -0.2  0.0118147184331    5.57956005859e-07  1070.0  10.8453326643  -1.30587324362  -1.24629529642
0.266666666667  0.066666666667  -0.333333333333  0.506129425707  1.25540101367e-06  0.493869318892  0.6  -0.2  0.0122613622161    2.51080202734e-06  1080.0  10.7449129174  -1.30542319617  -1.24611284467
0.266666666667  0.066666666667  -0.333333333333  0.506358885115  5.57956005859e-07  0.493640556929  0.6  -0.2  0.0127188861413    1.11591201172e-06  1090.0  10.6463357346  -1.30496387162  -1.24592831346
0.266666666667  0.066666666667  -0.333333333333  0.506593366126  5.57956005859e-07  0.493406075918  0.6  -0.2  0.0131878481645    1.11591201172e-06  1100.0  10.5495508643  -1.30449314346  -1.24573896251
0.266666666667  0.066666666667  -0.333333333333  0.506894243903  1.25540101367e-06  0.493104500696  0.6  -0.2  0.0137909986073    2.51080202734e-06  1110.0  10.4545098655  -1.3038853172   -1.24549274754
0.266666666667  0.066666666667  -0.333333333333  0.507120076596  1.1159120127e-06   0.492878807492  0.6  -0.2  0.0142423850164    2.23182402539e-06  1120.0  10.3611660275  -1.30343297541  -1.24531129339
0.266666666667  0.066666666667  -0.333333333333  0.507375341469  1.25540101367e-06  0.49262340313   0.6  -0.2  0.0147531937402    2.51080202734e-06  1130.0  10.2694742927  -1.30291917458  -1.245103922
0.266666666667  0.066666666667  -0.333333333333  0.507574392274  1.25540101367e-06  0.492424352325  0.6  -0.2  0.0151512953507    2.51080202734e-06  1140.0  10.1793911849  -1.3025198921   -1.24494350048
0.266666666667  0.066666666667  -0.333333333333  0.507821287807  1.1159120127e-06   0.492177596281  0.6  -0.2  0.0156448074382    2.23182402539e-06  1150.0  10.0908747398  -1.30202341314  -1.24474318457
0.266666666667  0.066666666667  -0.333333333333  0.508073902389  2.37131302637e-06  0.491923726298  0.6  -0.2  0.0161525474039    4.74262605273e-06  1160.0  10.0038844403  -1.30150972995  -1.2445336432
0.266666666667  0.066666666667  -0.333333333333  0.508342697695  1.81335702051e-06  0.491655488948  0.6  -0.2  0.016689022104     3.62671404102e-06  1170.0  9.91838115449  -1.30097199148  -1.24431801273
0.266666666667  0.066666666667  -0.333333333333  0.508601170815  1.53437901758e-06  0.491397294806  0.6  -0.2  0.0172054103878    3.06875803516e-06  1180.0  9.83432707691  -1.3004542137   -1.24411017951
0.266666666667  0.066666666667  -0.333333333333  0.508867176341  1.67386801855e-06  0.491131149791  0.6  -0.2  0.0177377004178    3.34773603711e-06  1190.0  9.7516856729   -1.29991980212  -1.24389508615
0.266666666667  0.066666666667  -0.333333333333  0.509105284067  2.51080202832e-06  0.490892205131  0.6  -0.2  0.0182155897372    5.02160405664e-06  1200.0  9.67042162562  -1.29943460725  -1.24369629011
0.266666666667  0.066666666667  -0.333333333333  0.50942052921   3.48722503906e-06  0.490575983565  0.6  -0.2  0.0188480328703    6.97445007813e-06  1210.0  9.59050078574  -1.29879855302  -1.24343931118
0.266666666667  0.066666666667  -0.333333333333  0.509840112127  2.78978003125e-06  0.490157098093  0.6  -0.2  0.0196858038137    5.5795600625e-06   1220.0  9.51189012357  -1.29795775777  -1.24310145748
0.266666666667  0.066666666667  -0.333333333333  0.510071245402  2.9292690332e-06   0.489925825329  0.6  -0.2  0.020148349343     5.85853806641e-06  1230.0  9.43455768354  -1.29749402955  -1.24291520078
0.266666666667  0.066666666667  -0.333333333333  0.510340459175  3.62671404102e-06  0.48965591411   0.6  -0.2  0.020688171779     7.25342808203e-06  1240.0  9.35847254093  -1.29694727078  -1.2426920565
0.266666666667  0.066666666667  -0.333333333333  0.510563502089  3.62671404102e-06  0.489432871197  0.6  -0.2  0.0211342576061    7.25342808203e-06  1250.0  9.2836047606   -1.2965016543   -1.24251409151
0.266666666667  0.066666666667  -0.333333333333  0.510894230512  4.32415904883e-06  0.489101445329  0.6  -0.2  0.0217971093415    8.64831809766e-06  1260.0  9.20992535774  -1.2958255595   -1.24223542877
0.266666666667  0.066666666667  -0.333333333333  0.511190923618  5.02160405664e-06  0.488804054778  0.6  -0.2  0.0223918904442    1.00432081133e-05  1270.0  9.13740626043  -1.2952345353   -1.24200099426
0.266666666667  0.066666666667  -0.333333333333  0.511465298484  5.71904906445e-06  0.488528982467  0.6  -0.2  0.0229420350664    1.14380981289e-05  1280.0  9.06602027402  -1.29467406523  -1.24177033199
0.266666666667  0.066666666667  -0.333333333333  0.511780683117  5.16109305859e-06  0.48821415579   0.6  -0.2  0.0235716884195    1.03221861172e-05  1290.0  8.99574104709  -1.29404259371  -1.24151687566
0.266666666667  0.066666666667  -0.333333333333  0.512045293753  7.53240608496e-06  0.487947173841  0.6  -0.2  0.0241056523175    1.50648121699e-05  1300.0  8.92654303904  -1.29350105289  -1.24129476465
0.266666666667  0.066666666667  -0.333333333333  0.512464318713  8.22985109277e-06  0.487527451436  0.6  -0.2  0.024945097129     1.64597021855e-05  1310.0  8.85840148912  -1.2926531367   -1.24095023637
0.266666666667  0.066666666667  -0.333333333333  0.512669367546  1.36699221543e-05  0.487316962532  0.6  -0.2  0.0253660749357    2.73398443086e-05  1320.0  8.79129238693  -1.29222525545  -1.24077276578
0.266666666667  0.066666666667  -0.333333333333  0.512989355315  7.95087308984e-06  0.487002693812  0.6  -0.2  0.0259946123768    1.59017461797e-05  1330.0  8.72519244417  -1.29159831573  -1.24052523614
0.266666666667  0.066666666667  -0.333333333333  0.513331382347  1.04616751182e-05  0.486658155978  0.6  -0.2  0.0266836880446    2.09233502363e-05  1340.0  8.66007906772  -1.29089867112  -1.24023803261
0.266666666667  0.066666666667  -0.333333333333  0.51367745456   1.01826971143e-05  0.486312362743  0.6  -0.2  0.0273752745144    2.03653942285e-05  1350.0  8.59593033389  -1.2902048932   -1.23995931817
0.266666666667  0.066666666667  -0.333333333333  0.513883061348  1.64597021855e-05  0.486100478949  0.6  -0.2  0.0277990421011    3.29194043711e-05  1360.0  8.53272496379  -1.2897574909   -1.23976366562
0.266666666667  0.066666666667  -0.333333333333  0.51434393301   1.57622571777e-05  0.485640304733  0.6  -0.2  0.0287193905335    3.15245143555e-05  1370.0  8.47044229982  -1.28883062443  -1.23938928718
0.266666666667  0.066666666667  -0.333333333333  0.514460406326  1.39489001572e-05  0.485525644774  0.6  -0.2  0.0289487104521    2.78978003145e-05  1380.0  8.40906228315  -1.28861017521  -1.23930715525
0.266666666667  0.066666666667  -0.333333333333  0.514816521747  1.54832791748e-05  0.485167994974  0.6  -0.2  0.0296640100521    3.09665583496e-05  1390.0  8.34856543219  -1.2878870665   -1.23901261256
0.266666666667  0.066666666667  -0.333333333333  0.515127024264  1.42278781602e-05  0.484858747857  0.6  -0.2  0.0302825042851    2.84557563203e-05  1400.0  8.28893282196  -1.2872616341   -1.23875877885
0.266666666667  0.066666666667  -0.333333333333  0.515615514748  1.50648121699e-05  0.48436942044   0.6  -0.2  0.0312611591201    3.01296243398e-05  1410.0  8.23014606436  -1.28627583874  -1.23835984162
0.266666666667  0.066666666667  -0.333333333333  0.515862828748  2.2039262248e-05   0.48411513199   0.6  -0.2  0.0317697360199    4.40785244961e-05  1420.0  8.17218728926  -1.28574808487  -1.23813444411
0.266666666667  0.066666666667  -0.333333333333  0.516027844237  2.25972182549e-05  0.483949558545  0.6  -0.2  0.0321008829096    4.51944365098e-05  1430.0  8.1150391264   -1.2854064401   -1.2379912643
0.266666666667  0.066666666667  -0.333333333333  0.51653167851   2.00864162266e-05  0.483448235074  0.6  -0.2  0.0331035298529    4.01728324531e-05  1440.0  8.05868468802  -1.28441372361  -1.23760114029
0.266666666667  0.066666666667  -0.333333333333  0.516826976727  2.24577292529e-05  0.483150565544  0.6  -0.2  0.0336988689116    4.49154585059e-05  1450.0  8.00310755224  -1.28379939758  -1.23734306917
0.266666666667  0.066666666667  -0.333333333333  0.51722187009   2.46895532783e-05  0.482753440357  0.6  -0.2  0.0344931192865    4.93791065566e-05  1460.0  7.94829174709  -1.28299186025  -1.23701118934
0.266666666667  0.066666666667  -0.333333333333  0.517445331471  2.63634212969e-05  0.482528305108  0.6  -0.2  0.0349433897836    5.27268425937e-05  1470.0  7.8942217352   -1.28253292249  -1.23682174433
0.266666666667  0.066666666667  -0.333333333333  0.517707291815  2.66423992998e-05  0.482266065785  0.6  -0.2  0.0354678684295    5.32847985996e-05  1480.0  7.84088239916  -1.28200168259  -1.23660508002
0.266666666667  0.066666666667  -0.333333333333  0.518075403291  2.99901353379e-05  0.481894606574  0.6  -0.2  0.0362107868519    5.99802706758e-05  1490.0  7.78825902735  -1.2812487866   -1.236296596
0.266666666667  0.066666666667  -0.333333333333  0.518484942999  2.67818883018e-05  0.481488275112  0.6  -0.2  0.037023449775     5.35637766035e-05  1500.0  7.7363373005   -1.28042921731  -1.23596590776
0.266666666667  0.066666666667  -0.333333333333  0.518754714728  3.65461184121e-05  0.481208739153  0.6  -0.2  0.0375825216933    7.30922368242e-05  1510.0  7.68510327864  -1.27984628178  -1.23571450968
0.266666666667  0.066666666667  -0.333333333333  0.519047362654  3.66856074131e-05  0.480915951739  0.6  -0.2  0.0381680965219    7.33712148262e-05  1520.0  7.63454338865  -1.27925147416  -1.23547099116
0.266666666667  0.066666666667  -0.333333333333  0.519460947543  3.82199864307e-05  0.48050083247   0.6  -0.2  0.0389983350593    7.64399728613e-05  1530.0  7.58464441225  -1.27841497923  -1.23513202561
0.266666666667  0.066666666667  -0.333333333333  0.519679805787  3.94753874443e-05  0.480280718826  0.6  -0.2  0.0394385623482    7.89507748887e-05  1540.0  7.53539347451  -1.27796541822  -1.23494609881
0.266666666667  0.066666666667  -0.333333333333  0.519818597343  4.58918815166e-05  0.480135510775  0.6  -0.2  0.0397289784495    9.17837630332e-05  1550.0  7.48677803274  -1.27765504764  -1.23480741129
0.266666666667  0.066666666667  -0.333333333333  0.520381853932  4.798421654e-05    0.479570161852  0.6  -0.2  0.0408596762962    9.59684330801e-05  1560.0  7.43878586587  -1.2765098121   -1.23433975753
0.266666666667  0.066666666667  -0.333333333333  0.5207690754    5.20293975859e-05  0.479178895202  0.6  -0.2  0.0416422095951    0.000104058795172  1570.0  7.39140506417  -1.27570471696  -1.23400256429
0.266666666667  0.066666666667  -0.333333333333  0.52099253678   5.37032656045e-05  0.478953759954  0.6  -0.2  0.0420924800921    0.000107406531209  1580.0  7.34462401946  -1.2752478807   -1.23381522079
0.266666666667  0.066666666667  -0.333333333333  0.521306247545  6.01197596768e-05  0.478633632695  0.6  -0.2  0.0427327346093    0.000120239519354  1590.0  7.29843141557  -1.27458353041  -1.23353245661
0.266666666667  0.066666666667  -0.333333333333  0.521654272604  6.15146496934e-05  0.478284212746  0.6  -0.2  0.0434315745072    0.000123029299387  1600.0  7.25281621922  -1.27386894659  -1.23323661876
0.266666666667  0.066666666667  -0.333333333333  0.522081108949  6.56993197402e-05  0.477853191732  0.6  -0.2  0.0442936165369    0.00013139863948   1610.0  7.20776767127  -1.27299205144  -1.23287527497
0.266666666667  0.066666666667  -0.333333333333  0.522465401148  6.38859627197e-05  0.477470712889  0.6  -0.2  0.0450585742215    0.000127771925439  1620.0  7.16327527824  -1.2722152258   -1.23255814928
0.266666666667  0.066666666667  -0.333333333333  0.522675750562  7.3929170833e-05   0.477250320267  0.6  -0.2  0.0454993594665    0.000147858341666  1630.0  7.11932880414  -1.27175682906  -1.23236020641
0.266666666667  0.066666666667  -0.333333333333  0.522982486877  7.60215058564e-05  0.476941491617  0.6  -0.2  0.0461170167655    0.000152043011713  1640.0  7.07591826265  -1.27111400373  -1.23208713852
0.266666666667  0.066666666667  -0.333333333333  0.523279179983  7.43476378379e-05  0.476646472379  0.6  -0.2  0.0467070552421    0.000148695275676  1650.0  7.03303390954  -1.27051936348  -1.2318471909
0.266666666667  0.066666666667  -0.333333333333  0.523597493885  8.41118679473e-05  0.476318394247  0.6  -0.2  0.0473632115055    0.000168223735895  1660.0  6.99066623539  -1.26983295639  -1.23155057188
0.266666666667  0.066666666667  -0.333333333333  0.524092819329  9.34576310527e-05  0.47581372304   0.6  -0.2  0.0483725539209    0.000186915262105  1670.0  6.94880595853  -1.2687877616   -1.23110724424
0.266666666667  0.066666666667  -0.333333333333  0.524390488859  9.40155870586e-05  0.475515495554  0.6  -0.2  0.0489690088916    0.000188031174117  1680.0  6.9074440183   -1.26816726003  -1.23084439246
0.266666666667  0.066666666667  -0.333333333333  0.524720101369  0.000102384927153  0.475177513703  0.6  -0.2  0.0496449725932    0.000204769854307  1690.0  6.86657156849  -1.2674754769   -1.23055483982
0.266666666667  0.066666666667  -0.333333333333  0.525062825846  0.00010210594915   0.474835068205  0.6  -0.2  0.0503298635909    0.000204211898301  1700.0  6.82617997103  -1.26678251959  -1.23027292869
0.266666666667  0.066666666667  -0.333333333333  0.525397180983  0.000110196311241  0.474492622706  0.6  -0.2  0.0510147545886    0.000220392622482  1710.0  6.78626078991  -1.26606404513  -1.22996215269
0.266666666667  0.066666666667  -0.333333333333  0.525736139257  0.000110056822239  0.474153803921  0.6  -0.2  0.0516923921583    0.000220113644479  1720.0  6.74680578532  -1.26536311904  -1.22966786494
0.266666666667  0.066666666667  -0.333333333333  0.525965319686  0.000112567624268  0.473922112689  0.6  -0.2  0.0521557746215    0.000225135248535  1730.0  6.70780690795  -1.26488617137  -1.22946794243
0.266666666667  0.066666666667  -0.333333333333  0.526356725825  0.000123587255392  0.47351968692   0.6  -0.2  0.0529606261605    0.000247174510783  1740.0  6.66925629353  -1.26404904697  -1.2291093211
0.266666666667  0.066666666667  -0.333333333333  0.526506118546  0.000131538128481  0.473362343326  0.6  -0.2  0.0532753133481    0.000263076256963  1750.0  6.63114625757  -1.26371934142  -1.22896524751
0.266666666667  0.066666666667  -0.333333333333  0.52679611618   0.000147579363662  0.473056304457  0.6  -0.2  0.053887391087     0.000295158727324  1760.0  6.5934692902   -1.26305264241  -1.22865937865
0.266666666667  0.066666666667  -0.333333333333  0.527274284477  0.000148834764677  0.472576880758  0.6  -0.2  0.0548462384838    0.000297669529354  1770.0  6.55621805127  -1.26206876828  -1.2282503108
0.266666666667  0.066666666667  -0.333333333333  0.527537221245  0.000162365197829  0.472300413557  0.6  -0.2  0.055399172886     0.000324730395658  1780.0  6.51938536559  -1.26147067338  -1.22797856437
0.266666666667  0.066666666667  -0.333333333333  0.527984841451  0.00016334162084   0.471851816928  0.6  -0.2  0.0562963661441    0.00032668324168   1790.0  6.4829642183   -1.2605668051   -1.22761262147
0.266666666667  0.066666666667  -0.333333333333  0.528200351959  0.000167805268891  0.471631842772  0.6  -0.2  0.0567363144551    0.000335610537781  1800.0  6.44694775042  -1.26009575199  -1.22740375188
0.266666666667  0.066666666667  -0.333333333333  0.528454640409  0.000184543949079  0.471360815642  0.6  -0.2  0.0572783687152    0.000369087898158  1810.0  6.41132925456  -1.2595098209   -1.22713635789
0.266666666667  0.066666666667  -0.333333333333  0.52881773028   0.000187612707113  0.470994657013  0.6  -0.2  0.0580106859734    0.000375225414227  1820.0  6.37610217074  -1.25876744954  -1.22683214937
0.266666666667  0.066666666667  -0.333333333333  0.529244008668  0.000205188321312  0.47055080301   0.6  -0.2  0.0588983939794    0.000410376642623  1830.0  6.34126008238  -1.25782253159  -1.22641282598
0.266666666667  0.066666666667  -0.333333333333  0.529503876678  0.000211604815384  0.470284518506  0.6  -0.2  0.0594309629874    0.000423209630768  1840.0  6.30679671236  -1.25725750986  -1.22616477906
0.266666666667  0.066666666667  -0.333333333333  0.52972440879   0.000219974155478  0.470055617055  0.6  -0.2  0.0598887658906    0.000439948310955  1850.0  6.27270591932  -1.25676958224  -1.22594818545
0.266666666667  0.066666666667  -0.333333333333  0.530305101503  0.000215789485431  0.469479109011  0.6  -0.2  0.0610417819776    0.000431578970861  1860.0  6.23898169395  -1.25559303945  -1.22546512617
0.266666666667  0.066666666667  -0.333333333333  0.530381959943  0.000235875901657  0.469382164155  0.6  -0.2  0.0612356716898    0.000471751803314  1870.0  6.20561815548  -1.25535168345  -1.22533206944
0.266666666667  0.066666666667  -0.333333333333  0.530847016274  0.000240339549707  0.468912644176  0.6  -0.2  0.0621747116483    0.000480679099414  1880.0  6.17260954827  -1.25436638112  -1.22490840562
0.266666666667  0.066666666667  -0.333333333333  0.53099571155   0.000253451515854  0.468750836934  0.6  -0.2  0.062498326132     0.000506903031709  1890.0  6.13995023849  -1.25402479599  -1.22475574439
0.266666666667  0.066666666667  -0.333333333333  0.531289196409  0.000275769756106  0.468435033834  0.6  -0.2  0.0631299323311    0.000551539512213  1900.0  6.10763471092  -1.25333512535  -1.22443611018
0.266666666667  0.066666666667  -0.333333333333  0.531726773407  0.000259868009927  0.468013358583  0.6  -0.2  0.0639732828346    0.000519736019854  1910.0  6.07565756584  -1.25248578532  -1.22409914115
0.266666666667  0.066666666667  -0.333333333333  0.531973389962  0.000271306108056  0.46775530393   0.6  -0.2  0.0644893921404    0.000542612216111  1920.0  6.04401351602  -1.25193031383  -1.22384876
0.266666666667  0.066666666667  -0.333333333333  0.532374141864  0.00030631784745   0.467319540289  0.6  -0.2  0.0653609194222    0.0006126356949    1930.0  6.01269738381  -1.25096651075  -1.2233938686
0.266666666667  0.066666666667  -0.333333333333  0.532629546226  0.000292647925296  0.467077805849  0.6  -0.2  0.0658443883017    0.000585295850592  1940.0  5.98170409833  -1.25050018947  -1.22322309661
0.266666666667  0.066666666667  -0.333333333333  0.533017186161  0.000313989742537  0.466668824097  0.6  -0.2  0.0666623518069    0.000627979485074  1950.0  5.95102869269  -1.2496206574   -1.22282580592
0.266666666667  0.066666666667  -0.333333333333  0.533280541396  0.000342306009855  0.466377152594  0.6  -0.2  0.0672456948115    0.000684612019711  1960.0  5.9206663014   -1.24895423699  -1.2224980648
0.266666666667  0.066666666667  -0.333333333333  0.533462435054  0.000352767684974  0.466184797261  0.6  -0.2  0.0676304054778    0.000705535369947  1970.0  5.89061215774  -1.24854599451  -1.22231646406
0.266666666667  0.066666666667  -0.333333333333  0.533821758722  0.000351930750964  0.465826310527  0.6  -0.2  0.0683473789459    0.000703861501928  1980.0  5.86086159129  -1.24779641668  -1.22199740508
0.266666666667  0.066666666667  -0.333333333333  0.534235064634  0.000370482788173  0.465394452578  0.6  -0.2  0.0692110948436    0.000740965576346  1990.0  5.8314100255   -1.24688690472  -1.22159870184
0.266666666667  0.066666666667  -0.333333333333  0.534486284325  0.000378573150265  0.465135142524  0.6  -0.2  0.0697297149514    0.000757146300529  2000.0  5.80225297537  -1.24633098284  -1.22135071588
0.266666666667  0.066666666667  -0.333333333333  0.534787999036  0.000387639935366  0.464824361029  0.6  -0.2  0.0703512779424    0.000775279870732  2010.0  5.77338604515  -1.24565676165  -1.22104580577
0.266666666667  0.066666666667  -0.333333333333  0.535083715719  0.000413026933652  0.464503257347  0.6  -0.2  0.0709934853057    0.000826053867305  2020.0  5.74480492611  -1.24494214256  -1.22070635631
0.266666666667  0.066666666667  -0.333333333333  0.53538403554   0.000447062250036  0.46416890221   0.6  -0.2  0.0716621955792    0.000894124500072  2030.0  5.71650539446  -1.24418060753  -1.22033243331
0.266666666667  0.066666666667  -0.333333333333  0.535686168717  0.000449852030067  0.463863979253  0.6  -0.2  0.0722720414941    0.000899704060135  2040.0  5.68848330919  -1.24352977449  -1.22004639191
0.266666666667  0.066666666667  -0.333333333333  0.536068787048  0.000430323569847  0.463500889382  0.6  -0.2  0.0729982212363    0.000860647139693  2050.0  5.66073461012  -1.24281383404  -1.21977397069
0.266666666667  0.066666666667  -0.333333333333  0.536284576534  0.000478586764391  0.463236836702  0.6  -0.2  0.0735263265962    0.000957173528781  2060.0  5.6332553159   -1.24218538039  -1.21944307498
0.266666666667  0.066666666667  -0.333333333333  0.536616978824  0.000492117197543  0.462890903978  0.6  -0.2  0.074218192044     0.000984234395086  2070.0  5.6060415221   -1.24145578534  -1.21912318702
0.266666666667  0.066666666667  -0.333333333333  0.536969746509  0.000512343102771  0.462517910388  0.6  -0.2  0.0749641792244    0.00102468620554   2080.0  5.5790893994   -1.24063196777  -1.2187388714
0.266666666667  0.066666666667  -0.333333333333  0.537149966299  0.00051136667976   0.462338667021  0.6  -0.2  0.0753226659584    0.00102273335952   2090.0  5.55239519175  -1.24024290798  -1.21856529422
0.266666666667  0.066666666667  -0.333333333333  0.537366313741  0.000527686892944  0.462105999366  0.6  -0.2  0.0757880012677    0.00105537378589   2100.0  5.52595521464  -1.23973002399  -1.21832508333
0.266666666667  0.066666666667  -0.333333333333  0.537800264025  0.000535637766033  0.461664098209  0.6  -0.2  0.0766718035816    0.00107127553207   2110.0  5.49976585344  -1.23879253618  -1.21791469655
0.266666666667  0.066666666667  -0.333333333333  0.538127365733  0.000565069945365  0.461307564321  0.6  -0.2  0.0773848713577    0.00113013989073   2120.0  5.47382356168  -1.23798471997  -1.21752294814
0.266666666667  0.066666666667  -0.333333333333  0.538340365439  0.000620865545993  0.461038769015  0.6  -0.2  0.0779224619697    0.00124173109199   2130.0  5.44812485951  -1.23733295444  -1.21717141873
0.266666666667  0.066666666667  -0.333333333333  0.538592422065  0.000644020720254  0.460763557215  0.6  -0.2  0.0784728855699    0.00128804144051   2140.0  5.42266633213  -1.23670163161  -1.216861088
0.266666666667  0.066666666667  -0.333333333333  0.538780174261  0.000646949989287  0.46057287575   0.6  -0.2  0.0788542485002    0.00129389997857   2150.0  5.39744462826  -1.23630584292  -1.21669294536
0.266666666667  0.066666666667  -0.333333333333  0.539169767042  0.000646252544279  0.460183980414  0.6  -0.2  0.079632039173     0.00129250508856   2160.0  5.37245645868  -1.23548235475  -1.21633641057
0.266666666667  0.066666666667  -0.333333333333  0.539573029746  0.000686843843736  0.459740126411  0.6  -0.2  0.080519747179     0.00137368768747   2170.0  5.34769859482  -1.23448067815  -1.21585112225
0.266666666667  0.066666666667  -0.333333333333  0.539746275086  0.000703443034924  0.459550281879  0.6  -0.2  0.0808994362413    0.00140688606985   2180.0  5.32316786732  -1.23406320006  -1.21565481793
0.266666666667  0.066666666667  -0.333333333333  0.54006417052   0.000728272077203  0.459207557403  0.6  -0.2  0.081584885195     0.00145654415441   2190.0  5.29886116473  -1.23326145803  -1.21525441365
0.266666666667  0.066666666667  -0.333333333333  0.540266150595  0.000742081488358  0.458991767917  0.6  -0.2  0.0820164641658    0.00148416297672   2200.0  5.27477543216  -1.23281531474  -1.21506169397
0.266666666667  0.066666666667  -0.333333333333  0.540663415271  0.000777930161763  0.458558654567  0.6  -0.2  0.0828826908656    0.00155586032353   2210.0  5.25090767002  -1.23184261824  -1.21459439403
0.266666666667  0.066666666667  -0.333333333333  0.540802485806  0.000817545038209  0.458379969156  0.6  -0.2  0.0832400616876    0.00163509007642   2220.0  5.22725493277  -1.23134842306  -1.21429877539
0.266666666667  0.066666666667  -0.333333333333  0.54121397836   0.000826332845308  0.457959688794  0.6  -0.2  0.0840806224111    0.00165266569062   2230.0  5.20381432769  -1.23049015263  -1.21394132628
0.266666666667  0.066666666667  -0.333333333333  0.541350398604  0.000850045975575  0.457799555421  0.6  -0.2  0.0844008891587    0.00170009195115   2240.0  5.18058301373  -1.23009427618  -1.21372812462
0.266666666667  0.066666666667  -0.333333333333  0.541783232976  0.000879059687901  0.457337707336  0.6  -0.2  0.0853245853271    0.0017581193758    2250.0  5.15755820033  -1.22906980752  -1.21324626818
0.266666666667  0.066666666667  -0.333333333333  0.541911562857  0.000890218808027  0.457198218335  0.6  -0.2  0.0856035633302    0.00178043761605   2260.0  5.13473714635  -1.22874924384  -1.21308862764
0.266666666667  0.066666666667  -0.333333333333  0.542113403442  0.000916024273318  0.456970572284  0.6  -0.2  0.0860588554314    0.00183204854664   2270.0  5.11211715892  -1.22820140238  -1.21280363927
0.266666666667  0.066666666667  -0.333333333333  0.542619609029  0.000947827765677  0.456432563205  0.6  -0.2  0.0871348735895    0.00189565553135   2280.0  5.08969559243  -1.22702423737  -1.21225936375
0.266666666667  0.066666666667  -0.333333333333  0.54278853021   0.000980328703042  0.456231141087  0.6  -0.2  0.087537717826     0.00196065740608   2290.0  5.06746984749  -1.22655533127  -1.21201916382
0.266666666667  0.066666666667  -0.333333333333  0.542976561384  0.000993301180188  0.456030137436  0.6  -0.2  0.0879397251286    0.00198660236038   2300.0  5.04543736989  -1.22607371415  -1.21177356208
0.266666666667  0.066666666667  -0.333333333333  0.543354576578  0.00104016948472   0.455605253937  0.6  -0.2  0.0887894921261    0.00208033896943   2310.0  5.02359564968  -1.22509679085  -1.21128775166
0.266666666667  0.066666666667  -0.333333333333  0.543643179323  0.00104602802278   0.455310792655  0.6  -0.2  0.0893784146908    0.00209205604556   2320.0  5.00194222015  -1.2244668519   -1.21100882284
0.266666666667  0.066666666667  -0.333333333333  0.543838045458  0.00108815370126   0.455073800841  0.6  -0.2  0.0898523983181    0.00217630740251   2330.0  4.98047465697  -1.22388577729  -1.21069528813
0.266666666667  0.066666666667  -0.333333333333  0.544145339728  0.00107267042208   0.45478198985   0.6  -0.2  0.0904360203007    0.00214534084417   2340.0  4.95919057724  -1.22329438226  -1.2104602596
0.266666666667  0.066666666667  -0.333333333333  0.544381355119  0.00109108297029   0.454527561911  0.6  -0.2  0.0909448761784    0.00218216594058   2350.0  4.93808763862  -1.22272121068  -1.21018503653
0.266666666667  0.066666666667  -0.333333333333  0.544496712523  0.00115176068597   0.454351526791  0.6  -0.2  0.0912969464184    0.00230352137195   2360.0  4.91716353845  -1.22224338804  -1.20989418495
0.266666666667  0.066666666667  -0.333333333333  0.544739423386  0.00120992759963   0.454050649014  0.6  -0.2  0.0918987019711    0.00241985519926   2370.0  4.89641601298  -1.22149038984  -1.20947897332
0.266666666667  0.066666666667  -0.333333333333  0.544995525193  0.00125902772818   0.453745447079  0.6  -0.2  0.092509105842     0.00251805545636   2380.0  4.87584283645  -1.22073425624  -1.20906944199
0.266666666667  0.066666666667  -0.333333333333  0.545368379294  0.0012602831292    0.453371337577  0.6  -0.2  0.0932573248465    0.00252056625839   2390.0  4.8554418204   -1.21994703036  -1.20873064535
0.266666666667  0.066666666667  -0.333333333333  0.545782243162  0.0012962712916    0.452921485547  0.6  -0.2  0.0941570289066    0.0025925425832    2400.0  4.83521081281  -1.21893808323  -1.20824712539
