#mu0             mu1              mu2             x0              x1                 x2              mua   mub  xa                  xb                 T       b              u               phi
-0.133333333333  -0.133333333333  0.266666666667  0.5             0.0                0.5             -0.4  0.0  0.0                 0.0                30.0    386.816865025  -1.31774118     -1.45107451333
-0.133333333333  -0.133333333333  0.266666666667  0.5             0.0                0.5             -0.4  0.0  0.0                 0.0                40.0    290.112648769  -1.31774118     -1.45107451333
-0.133333333333  -0.133333333333  0.266666666667  0.5             0.0                0.5             -0.4  0.0  0.0                 0.0                50.0    232.090119015  -1.31774118     -1.45107451333
-0.133333333333  -0.133333333333  0.266666666667  0.5             0.0                0.5             -0.4  0.0  0.0                 0.0                60.0    193.408432513  -1.31774118     -1.45107451333
-0.133333333333  -0.133333333333  0.266666666667  0.5             0.0                0.5             -0.4  0.0  0.0                 0.0                70.0    165.778656439  -1.31774118     -1.45107451333
-0.133333333333  -0.133333333333  0.266666666667  0.5             0.0                0.5             -0.4  0.0  0.0                 0.0                80.0    145.056324384  -1.31774118     -1.45107451333
-0.133333333333  -0.133333333333  0.266666666667  0.5             0.0                0.5             -0.4  0.0  0.0                 0.0                90.0    128.938955008  -1.31774118     -1.45107451333
-0.133333333333  -0.133333333333  0.266666666667  0.5             0.0                0.5             -0.4  0.0  0.0                 0.0                100.0   116.045059507  -1.31774118     -1.45107451333
-0.133333333333  -0.133333333333  0.266666666667  0.5             0.0                0.5             -0.4  0.0  0.0                 0.0                110.0   105.495508643  -1.31774118     -1.45107451333
-0.133333333333  -0.133333333333  0.266666666667  0.5             0.0                0.5             -0.4  0.0  0.0                 0.0                120.0   96.7042162563  -1.31774118     -1.45107451333
-0.133333333333  -0.133333333333  0.266666666667  0.5             0.0                0.5             -0.4  0.0  0.0                 0.0                130.0   89.2654303904  -1.31774118     -1.45107451333
-0.133333333333  -0.133333333333  0.266666666667  0.5             0.0                0.5             -0.4  0.0  0.0                 0.0                140.0   82.8893282196  -1.31774118     -1.45107451333
-0.133333333333  -0.133333333333  0.266666666667  0.5             0.0                0.5             -0.4  0.0  0.0                 0.0                150.0   77.363373005   -1.31774118     -1.45107451333
-0.133333333333  -0.133333333333  0.266666666667  0.5             0.0                0.5             -0.4  0.0  0.0                 0.0                160.0   72.5281621922  -1.31774118     -1.45107451333
-0.133333333333  -0.133333333333  0.266666666667  0.5             0.0                0.5             -0.4  0.0  0.0                 0.0                170.0   68.2617997103  -1.31774118     -1.45107451333
-0.133333333333  -0.133333333333  0.266666666667  0.5             0.0                0.5             -0.4  0.0  0.0                 0.0                180.0   64.4694775042  -1.31774118     -1.45107451333
-0.133333333333  -0.133333333333  0.266666666667  0.5             0.0                0.5             -0.4  0.0  0.0                 0.0                190.0   61.0763471092  -1.31774118     -1.45107451333
-0.133333333333  -0.133333333333  0.266666666667  0.5             0.0                0.5             -0.4  0.0  0.0                 0.0                200.0   58.0225297537  -1.31774118     -1.45107451333
-0.133333333333  -0.133333333333  0.266666666667  0.5             0.0                0.5             -0.4  0.0  0.0                 0.0                210.0   55.2595521464  -1.31774118     -1.45107451333
-0.133333333333  -0.133333333333  0.266666666667  0.5             0.0                0.5             -0.4  0.0  0.0                 0.0                220.0   52.7477543216  -1.31774118     -1.45107451333
-0.133333333333  -0.133333333333  0.266666666667  0.5             0.0                0.5             -0.4  0.0  0.0                 0.0                230.0   50.4543736989  -1.31774118     -1.45107451333
-0.133333333333  -0.133333333333  0.266666666667  0.5             0.0                0.5             -0.4  0.0  0.0                 0.0                240.0   48.3521081281  -1.31774118     -1.45107451333
-0.133333333333  -0.133333333333  0.266666666667  0.5             0.0                0.5             -0.4  0.0  0.0                 0.0                250.0   46.418023803   -1.31774118     -1.45107451333
-0.133333333333  -0.133333333333  0.266666666667  0.5             0.0                0.5             -0.4  0.0  0.0                 0.0                260.0   44.6327151952  -1.31774118     -1.45107451333
-0.133333333333  -0.133333333333  0.266666666667  0.5             0.0                0.5             -0.4  0.0  0.0                 0.0                270.0   42.9796516694  -1.31774118     -1.45107451333
-0.133333333333  -0.133333333333  0.266666666667  0.5             0.0                0.5             -0.4  0.0  0.0                 0.0                280.0   41.4446641098  -1.31774118     -1.45107451333
-0.133333333333  -0.133333333333  0.266666666667  0.5             0.0                0.5             -0.4  0.0  0.0                 0.0                290.0   40.0155377612  -1.31774118     -1.45107451333
-0.133333333333  -0.133333333333  0.266666666667  0.5             0.0                0.5             -0.4  0.0  0.0                 0.0                300.0   38.6816865025  -1.31774118     -1.45107451333
-0.133333333333  -0.133333333333  0.266666666667  0.5             0.0                0.5             -0.4  0.0  0.0                 0.0                310.0   37.4338901637  -1.31774118     -1.45107451333
-0.133333333333  -0.133333333333  0.266666666667  0.5             0.0                0.5             -0.4  0.0  0.0                 0.0                320.0   36.2640810961  -1.31774118     -1.45107451333
-0.133333333333  -0.133333333333  0.266666666667  0.5             0.0                0.5             -0.4  0.0  0.0                 0.0                330.0   35.1651695477  -1.31774118     -1.45107451333
-0.133333333333  -0.133333333333  0.266666666667  0.5             0.0                0.5             -0.4  0.0  0.0                 0.0                340.0   34.1308998551  -1.31774118     -1.45107451333
-0.133333333333  -0.133333333333  0.266666666667  0.5             0.0                0.5             -0.4  0.0  0.0                 0.0                350.0   33.1557312879  -1.31774118     -1.45107451333
-0.133333333333  -0.133333333333  0.266666666667  0.5             0.0                0.5             -0.4  0.0  0.0                 0.0                360.0   32.2347387521  -1.31774118     -1.45107451333
-0.133333333333  -0.133333333333  0.266666666667  0.5             0.0                0.5             -0.4  0.0  0.0                 0.0                370.0   31.3635295966  -1.31774118     -1.45107451333
-0.133333333333  -0.133333333333  0.266666666667  0.5             0.0                0.5             -0.4  0.0  0.0                 0.0                380.0   30.5381735546  -1.31774118     -1.45107451333
-0.133333333333  -0.133333333333  0.266666666667  0.5             0.0                0.5             -0.4  0.0  0.0                 0.0                390.0   29.7551434635  -1.31774118     -1.45107451333
-0.133333333333  -0.133333333333  0.266666666667  0.5             0.0                0.5             -0.4  0.0  0.0                 0.0                400.0   29.0112648769  -1.31774118     -1.45107451333
-0.133333333333  -0.133333333333  0.266666666667  0.5             0.0                0.5             -0.4  0.0  0.0                 0.0                410.0   28.3036730506  -1.31774118     -1.45107451333
-0.133333333333  -0.133333333333  0.266666666667  0.5             0.0                0.5             -0.4  0.0  0.0                 0.0                420.0   27.6297760732  -1.31774118     -1.45107451333
-0.133333333333  -0.133333333333  0.266666666667  0.5             0.0                0.5             -0.4  0.0  0.0                 0.0                430.0   26.9872231413  -1.31774118     -1.45107451333
-0.133333333333  -0.133333333333  0.266666666667  0.5             0.0                0.5             -0.4  0.0  0.0                 0.0                440.0   26.3738771608  -1.31774118     -1.45107451333
-0.133333333333  -0.133333333333  0.266666666667  0.5             0.0                0.5             -0.4  0.0  0.0                 0.0                450.0   25.7877910017  -1.31774118     -1.45107451333
-0.133333333333  -0.133333333333  0.266666666667  0.5             0.0                0.5             -0.4  0.0  0.0                 0.0                460.0   25.2271868495  -1.31774118     -1.45107451333
-0.133333333333  -0.133333333333  0.266666666667  0.5             0.0                0.5             -0.4  0.0  0.0                 0.0                470.0   24.6904381931  -1.31774118     -1.45107451333
-0.133333333333  -0.133333333333  0.266666666667  0.5             0.0                0.5             -0.4  0.0  0.0                 0.0                480.0   24.1760540641  -1.31774118     -1.45107451333
-0.133333333333  -0.133333333333  0.266666666667  0.5             0.0                0.5             -0.4  0.0  0.0                 0.0                490.0   23.6826652056  -1.31774118     -1.45107451333
-0.133333333333  -0.133333333333  0.266666666667  0.5             0.0                0.5             -0.4  0.0  0.0                 0.0                500.0   23.2090119015  -1.31774118     -1.45107451333
-0.133333333333  -0.133333333333  0.266666666667  0.5             0.0                0.5             -0.4  0.0  0.0                 0.0                510.0   22.7539332368  -1.31774118     -1.45107451333
-0.133333333333  -0.133333333333  0.266666666667  0.5             0.0                0.5             -0.4  0.0  0.0                 0.0                520.0   22.3163575976  -1.31774118     -1.45107451333
-0.133333333333  -0.133333333333  0.266666666667  0.5             0.0                0.5             -0.4  0.0  0.0                 0.0                530.0   21.8952942467  -1.31774118     -1.45107451333
-0.133333333333  -0.133333333333  0.266666666667  0.5             0.0                0.5             -0.4  0.0  0.0                 0.0                540.0   21.4898258347  -1.31774118     -1.45107451333
-0.133333333333  -0.133333333333  0.266666666667  0.5             0.0                0.5             -0.4  0.0  0.0                 0.0                550.0   21.0991017286  -1.31774118     -1.45107451333
-0.133333333333  -0.133333333333  0.266666666667  0.5             0.0                0.5             -0.4  0.0  0.0                 0.0                560.0   20.7223320549  -1.31774118     -1.45107451333
-0.133333333333  -0.133333333333  0.266666666667  0.5             0.0                0.5             -0.4  0.0  0.0                 0.0                570.0   20.3587823697  -1.31774118     -1.45107451333
-0.133333333333  -0.133333333333  0.266666666667  0.5             0.0                0.5             -0.4  0.0  0.0                 0.0                580.0   20.0077688806  -1.31774118     -1.45107451333
-0.133333333333  -0.133333333333  0.266666666667  0.5             0.0                0.5             -0.4  0.0  0.0                 0.0                590.0   19.6686541538  -1.31774118     -1.45107451333
-0.133333333333  -0.133333333333  0.266666666667  0.5             0.0                0.5             -0.4  0.0  0.0                 0.0                600.0   19.3408432512  -1.31774118     -1.45107451333
-0.133333333333  -0.133333333333  0.266666666667  0.5             0.0                0.5             -0.4  0.0  0.0                 0.0                610.0   19.0237802471  -1.31774118     -1.45107451333
-0.133333333333  -0.133333333333  0.266666666667  0.5             0.0                0.5             -0.4  0.0  0.0                 0.0                620.0   18.7169450819  -1.31774118     -1.45107451333
-0.133333333333  -0.133333333333  0.266666666667  0.5             0.0                0.5             -0.4  0.0  0.0                 0.0                630.0   18.4198507155  -1.31774118     -1.45107451333
-0.133333333333  -0.133333333333  0.266666666667  0.5             0.0                0.5             -0.4  0.0  0.0                 0.0                640.0   18.132040548   -1.31774118     -1.45107451333
-0.133333333333  -0.133333333333  0.266666666667  0.5             0.0                0.5             -0.4  0.0  0.0                 0.0                650.0   17.8530860781  -1.31774118     -1.45107451333
-0.133333333333  -0.133333333333  0.266666666667  0.5             0.0                0.5             -0.4  0.0  0.0                 0.0                660.0   17.5825847739  -1.31774118     -1.45107451333
-0.133333333333  -0.133333333333  0.266666666667  0.5             0.0                0.5             -0.4  0.0  0.0                 0.0                670.0   17.3201581354  -1.31774118     -1.45107451333
-0.133333333333  -0.133333333333  0.266666666667  0.5             0.0                0.5             -0.4  0.0  0.0                 0.0                680.0   17.0654499276  -1.31774118     -1.45107451333
-0.133333333333  -0.133333333333  0.266666666667  0.5             0.0                0.5             -0.4  0.0  0.0                 0.0                690.0   16.8181245663  -1.31774118     -1.45107451333
-0.133333333333  -0.133333333333  0.266666666667  0.5             0.0                0.5             -0.4  0.0  0.0                 0.0                700.0   16.5778656439  -1.31774118     -1.45107451333
-0.133333333333  -0.133333333333  0.266666666667  0.5             0.0                0.5             -0.4  0.0  0.0                 0.0                710.0   16.3443745785  -1.31774118     -1.45107451333
-0.133333333333  -0.133333333333  0.266666666667  0.5             0.0                0.5             -0.4  0.0  0.0                 0.0                720.0   16.117369376   -1.31774118     -1.45107451333
-0.133333333333  -0.133333333333  0.266666666667  0.5             0.0                0.5             -0.4  0.0  0.0                 0.0                730.0   15.8965834942  -1.31774118     -1.45107451333
-0.133333333333  -0.133333333333  0.266666666667  0.5             0.0                0.5             -0.4  0.0  0.0                 0.0                740.0   15.6817647983  -1.31774118     -1.45107451333
-0.133333333333  -0.133333333333  0.266666666667  0.5             0.0                0.5             -0.4  0.0  0.0                 0.0                750.0   15.472674601   -1.31774118     -1.45107451333
-0.133333333333  -0.133333333333  0.266666666667  0.5             0.0                0.5             -0.4  0.0  0.0                 0.0                760.0   15.2690867773  -1.31774118     -1.45107451333
-0.133333333333  -0.133333333333  0.266666666667  0.5             0.0                0.5             -0.4  0.0  0.0                 0.0                770.0   15.070786949   -1.31774118     -1.45107451333
-0.133333333333  -0.133333333333  0.266666666667  0.5             0.0                0.5             -0.4  0.0  0.0                 0.0                780.0   14.8775717317  -1.31774118     -1.45107451333
-0.133333333333  -0.133333333333  0.266666666667  0.5             0.0                0.5             -0.4  0.0  0.0                 0.0                790.0   14.6892480389  -1.31774118     -1.45107451333
-0.133333333333  -0.133333333333  0.266666666667  0.499999721022  2.7897800293e-07   0.5             -0.4  0.0  8.59441979932e-18   5.57956005859e-07  800.0   14.5056324384  -1.317740589    -1.45107392233
-0.133333333333  -0.133333333333  0.266666666667  0.499999721022  2.7897800293e-07   0.5             -0.4  0.0  8.59441979932e-18   5.57956005859e-07  810.0   14.3265505565  -1.317740589    -1.45107392233
-0.133333333333  -0.133333333333  0.266666666667  0.5             0.0                0.5             -0.4  0.0  0.0                 0.0                820.0   14.1518365253  -1.31774118     -1.45107451333
-0.133333333333  -0.133333333333  0.266666666667  0.5             0.0                0.5             -0.4  0.0  0.0                 0.0                830.0   13.9813324708  -1.31774118     -1.45107451333
-0.133333333333  -0.133333333333  0.266666666667  0.499999302555  6.97445007813e-07  0.5             -0.4  0.0  6.56780876972e-17   1.39489001563e-06  840.0   13.8148880366  -1.3177397025   -1.45107303583
-0.133333333333  -0.133333333333  0.266666666667  0.5             0.0                0.5             -0.4  0.0  0.0                 0.0                850.0   13.6523599421  -1.31774118     -1.45107451333
-0.133333333333  -0.133333333333  0.266666666667  0.5             0.0                0.5             -0.4  0.0  0.0                 0.0                860.0   13.4936115706  -1.31774118     -1.45107451333
-0.133333333333  -0.133333333333  0.266666666667  0.5             0.0                0.5             -0.4  0.0  0.0                 0.0                870.0   13.3385125871  -1.31774118     -1.45107451333
-0.133333333333  -0.133333333333  0.266666666667  0.499998884088  1.1159120127e-06   0.5             -0.4  0.0  1.17394531325e-17   2.23182402539e-06  880.0   13.1869385804  -1.317738816    -1.45107214933
-0.133333333333  -0.133333333333  0.266666666667  0.499999721022  2.7897800293e-07   0.5             -0.4  0.0  8.59441979932e-18   5.57956005859e-07  890.0   13.0387707312  -1.317740589    -1.45107392233
-0.133333333333  -0.133333333333  0.266666666667  0.499999442044  5.57956005859e-07  0.5             -0.4  0.0  1.71888395986e-17   1.11591201172e-06  900.0   12.8938955008  -1.317739998    -1.45107333133
-0.133333333333  -0.133333333333  0.266666666667  0.499999163066  8.36934009766e-07  0.5             -0.4  0.0  3.14503333316e-18   1.67386801953e-06  910.0   12.7522043415  -1.317739407    -1.45107274033
-0.133333333333  -0.133333333333  0.266666666667  0.499999721022  2.7897800293e-07   0.5             -0.4  0.0  8.59441979932e-18   5.57956005859e-07  920.0   12.6135934247  -1.317740589    -1.45107392233
-0.133333333333  -0.133333333333  0.266666666667  0.499999302555  6.97445007813e-07  0.5             -0.4  0.0  6.56780876972e-17   1.39489001563e-06  930.0   12.4779633879  -1.3177397025   -1.45107303583
-0.133333333333  -0.133333333333  0.266666666667  0.499999023577  9.76423010742e-07  0.5             -0.4  0.0  7.42725074965e-17   1.95284602148e-06  940.0   12.3452190965  -1.3177391115   -1.45107244483
-0.133333333333  -0.133333333333  0.266666666667  0.499999302555  6.97445007813e-07  0.5             -0.4  0.0  6.56780876972e-17   1.39489001563e-06  950.0   12.2152694218  -1.3177397025   -1.45107303583
-0.133333333333  -0.133333333333  0.266666666667  0.499998186643  1.81335702051e-06  0.5             -0.4  0.0  -3.36047616329e-17  3.62671404102e-06  960.0   12.088027032   -1.3177373385   -1.45107067183
-0.133333333333  -0.133333333333  0.266666666667  0.499997628687  2.37131302637e-06  0.5             -0.4  0.0  -1.64159220343e-17  4.74262605273e-06  970.0   11.9634081967  -1.3177361565   -1.45106948983
-0.133333333333  -0.133333333333  0.266666666667  0.49999721022   2.9292690332e-06   0.499999860511  -0.4  0.0  2.78978003898e-07   5.85853806641e-06  980.0   11.8413326028  -1.31773469408  -1.45106791582
-0.133333333333  -0.133333333333  0.266666666667  0.499997768176  2.23182402539e-06  0.5             -0.4  0.0  2.34789062649e-17   4.46364805078e-06  990.0   11.7217231826  -1.317736452    -1.45106978533
-0.133333333333  -0.133333333333  0.266666666667  0.499998465621  1.53437901758e-06  0.5             -0.4  0.0  -4.21991814322e-17  3.06875803516e-06  1000.0  11.6045059507  -1.3177379295   -1.45107126283
-0.133333333333  -0.133333333333  0.266666666667  0.499998884088  1.1159120127e-06   0.5             -0.4  0.0  1.17394531325e-17   2.23182402539e-06  1010.0  11.4896098522  -1.317738816    -1.45107214933
-0.133333333333  -0.133333333333  0.266666666667  0.499996791753  3.20824703613e-06  0.5             -0.4  0.0  -1.32708887011e-17  6.41649407227e-06  1020.0  11.3769666184  -1.31773438349  -1.45106771683
-0.133333333333  -0.133333333333  0.266666666667  0.499996512775  3.48722503906e-06  0.5             -0.4  0.0  -4.67646890179e-18  6.97445007813e-06  1030.0  11.2665106318  -1.31773379249  -1.45106712583
-0.133333333333  -0.133333333333  0.266666666667  0.499997489198  2.51080202832e-06  0.5             -0.4  0.0  3.20733260643e-17   5.02160405664e-06  1040.0  11.1581787988  -1.317735861    -1.45106919433
-0.133333333333  -0.133333333333  0.266666666667  0.499994838907  5.16109305859e-06  0.5             -0.4  0.0  1.61359776452e-18   1.03221861172e-05  1050.0  11.0519104293  -1.31773024649  -1.45106357982
-0.133333333333  -0.133333333333  0.266666666667  0.49999581533   4.32415904883e-06  0.499999860511  -0.4  0.0  2.78978003808e-07   8.64831809766e-06  1060.0  10.9476471233  -1.31773173907  -1.45106496082
-0.133333333333  -0.133333333333  0.266666666667  0.499995675841  4.32415904883e-06  0.5             -0.4  0.0  -1.53143556864e-18  8.64831809766e-06  1070.0  10.8453326643  -1.31773201949  -1.45106535283
-0.133333333333  -0.133333333333  0.266666666667  0.499994141462  5.99802706738e-06  0.499999860511  -0.4  0.0  2.78978002837e-07   1.19960541348e-05  1080.0  10.7449129174  -1.31772819307  -1.45106141481
-0.133333333333  -0.133333333333  0.266666666667  0.499995536352  4.4636480498e-06   0.5             -0.4  0.0  -4.14266873843e-17  8.92729609961e-06  1090.0  10.6463357346  -1.31773172399  -1.45106505732
-0.133333333333  -0.133333333333  0.266666666667  0.499995117885  5.99802706738e-06  0.499998884088  -0.4  0.0  2.23182402539e-06   1.19960541348e-05  1100.0  10.5495508643  -1.31772623016  -1.45105867076
-0.133333333333  -0.133333333333  0.266666666667  0.499993722995  6.41649407227e-06  0.499999860511  -0.4  0.0  2.78978003783e-07   1.28329881445e-05  1110.0  10.4545098655  -1.31772730657  -1.45106052831
-0.133333333333  -0.133333333333  0.266666666667  0.499990933215  9.20627410352e-06  0.499999860511  -0.4  0.0  2.78978002935e-07   1.8412548207e-05   1120.0  10.3611660275  -1.31772139657  -1.45105461831
-0.133333333333  -0.133333333333  0.266666666667  0.499992746572  7.67189508594e-06  0.499999581533  -0.4  0.0  8.36934008709e-07   1.53437901719e-05  1130.0  10.2694742927  -1.31772408624  -1.45105708479
-0.133333333333  -0.133333333333  0.266666666667  0.499990514748  9.76423011035e-06  0.499999721022  -0.4  0.0  5.5795600685e-07    1.95284602207e-05  1140.0  10.1793911849  -1.31771993415  -1.4510530443
-0.133333333333  -0.133333333333  0.266666666667  0.499989119858  1.14380981289e-05  0.499999442044  -0.4  0.0  1.11591201261e-06   2.28761962578e-05  1150.0  10.0908747398  -1.31771582731  -1.45104871428
-0.133333333333  -0.133333333333  0.266666666667  0.499983121831  1.70176581914e-05  0.499999860511  -0.4  0.0  2.78978002818e-07   3.40353163828e-05  1160.0  10.0038844403  -1.31770484942  -1.45103807116
-0.133333333333  -0.133333333333  0.266666666667  0.499985493144  1.45068561631e-05  0.5             -0.4  0.0  -2.41556855898e-17  2.90137123262e-05  1170.0  9.91838115449  -1.31771044797  -1.45104378131
-0.133333333333  -0.133333333333  0.266666666667  0.499986190589  1.52043011709e-05  0.49999860511   -0.4  0.0  2.78978003125e-06   3.04086023418e-05  1180.0  9.83432707691  -1.3177061663   -1.45103838373
-0.133333333333  -0.133333333333  0.266666666667  0.499985772122  1.4646345165e-05   0.499999581533  -0.4  0.0  8.36934009787e-07   2.92926903301e-05  1190.0  9.7516856729   -1.31770931354  -1.4510423121
-0.133333333333  -0.133333333333  0.266666666667  0.499977542271  2.28761962578e-05  0.499999581533  -0.4  0.0  8.36934009727e-07   4.57523925156e-05  1200.0  9.67042162562  -1.31769187702  -1.45102487558
-0.133333333333  -0.133333333333  0.266666666667  0.499978658183  2.24577292529e-05  0.499998884088  -0.4  0.0  2.23182402539e-06   4.49154585059e-05  1210.0  9.59050078574  -1.31769136109  -1.4510238017
-0.133333333333  -0.133333333333  0.266666666667  0.499983400809  1.79940812031e-05  0.49999860511   -0.4  0.0  2.78978003227e-06   3.59881624063e-05  1220.0  9.51189012357  -1.31770025717  -1.45103247459
-0.133333333333  -0.133333333333  0.266666666667  0.499978518694  2.2039262248e-05   0.499999442044  -0.4  0.0  1.11591201165e-06   4.40785244961e-05  1230.0  9.43455768354  -1.31769337648  -1.45102626345
-0.133333333333  -0.133333333333  0.266666666667  0.499970009865  3.16640033564e-05  0.499998326132  -0.4  0.0  3.34773603719e-06   6.33280067129e-05  1240.0  9.35847254093  -1.31767073472  -1.45100272896
-0.133333333333  -0.133333333333  0.266666666667  0.499975728914  2.48290422793e-05  0.499999442044  -0.4  0.0  1.11591201169e-06   4.96580845586e-05  1250.0  9.2836047606   -1.31768746016  -1.45102034712
-0.133333333333  -0.133333333333  0.266666666667  0.49997489198   2.56659762891e-05  0.499999442044  -0.4  0.0  1.11591201169e-06   5.13319525781e-05  1260.0  9.20992535774  -1.3176856877   -1.45101857467
-0.133333333333  -0.133333333333  0.266666666667  0.499964988261  3.6825096415e-05   0.499998186643  -0.4  0.0  3.62671404101e-06   7.36501928301e-05  1270.0  9.13740626043  -1.31765952422  -1.45099140687
-0.133333333333  -0.133333333333  0.266666666667  0.499962058992  3.89174314385e-05  0.499999023577  -0.4  0.0  1.95284602146e-06   7.7834862877e-05   1280.0  9.06602027402  -1.31765678258  -1.45098933478
-0.133333333333  -0.133333333333  0.266666666667  0.499967359574  3.52907173975e-05  0.499997349709  -0.4  0.0  5.30058206046e-06   7.05814347949e-05  1290.0  8.99574104709  -1.31766109138  -1.45099230449
-0.133333333333  -0.133333333333  0.266666666667  0.499963174904  3.93358984434e-05  0.499997489198  -0.4  0.0  5.02160405653e-06   7.86717968867e-05  1300.0  8.92654303904  -1.31765280229  -1.45098412699
-0.133333333333  -0.133333333333  0.266666666667  0.499946575712  5.44007106123e-05  0.499999023577  -0.4  0.0  1.95284602139e-06   0.000108801421225  1310.0  8.85840148912  -1.31762397356  -1.45095652575
-0.133333333333  -0.133333333333  0.266666666667  0.499961640525  3.96148764463e-05  0.499998744599  -0.4  0.0  2.51080202825e-06   7.92297528926e-05  1320.0  8.79129238693  -1.3176547358   -1.45098706481
-0.133333333333  -0.133333333333  0.266666666667  0.499957176877  4.53339255107e-05  0.499997489198  -0.4  0.0  5.02160405667e-06   9.06678510215e-05  1330.0  8.72519244417  -1.31764009562  -1.45097142031
-0.133333333333  -0.133333333333  0.266666666667  0.499958432278  4.36600574922e-05  0.499997907665  -0.4  0.0  4.18467004788e-06   8.73201149844e-05  1340.0  8.66007906772  -1.31764448258  -1.45097614204
-0.133333333333  -0.133333333333  0.266666666667  0.499945320311  5.80274246533e-05  0.499996652264  -0.4  0.0  6.69547207521e-06   0.000116054849307  1350.0  8.59593033389  -1.31761152356  -1.4509421787
-0.133333333333  -0.133333333333  0.266666666667  0.499940019729  6.19331166973e-05  0.499998047154  -0.4  0.0  3.90569204394e-06   0.000123866233395  1360.0  8.53272496379  -1.31760606315  -1.45093783421
-0.133333333333  -0.133333333333  0.266666666667  0.499936532504  6.72336987568e-05  0.499996233797  -0.4  0.0  7.53240608398e-06   0.000134467397514  1370.0  8.47044229982  -1.31759119873  -1.4509215191
-0.133333333333  -0.133333333333  0.266666666667  0.499944622866  5.99802706758e-05  0.499995396863  -0.4  0.0  9.20627410351e-06   0.000119960541352  1380.0  8.40906228315  -1.31760486526  -1.45093451609
-0.133333333333  -0.133333333333  0.266666666667  0.499933603235  6.86285887734e-05  0.499997768176  -0.4  0.0  4.46364805074e-06   0.000137257177547  1390.0  8.34856543219  -1.3175913154   -1.45092286327
-0.133333333333  -0.133333333333  0.266666666667  0.499922304626  8.09036209111e-05  0.499996791753  -0.4  0.0  6.41649407225e-06   0.000161807241822  1400.0  8.28893282196  -1.31756335697  -1.45089412371
-0.133333333333  -0.133333333333  0.266666666667  0.499920909736  8.45303349521e-05  0.499994559929  -0.4  0.0  1.0880142123e-05    0.000169060669904  1410.0  8.23014606436  -1.31755119479  -1.45088017607
-0.133333333333  -0.133333333333  0.266666666667  0.499921328203  8.27169779316e-05  0.499995954819  -0.4  0.0  8.09036209185e-06   0.000165433955863  1420.0  8.17218728926  -1.31755782814  -1.45088792533
-0.133333333333  -0.133333333333  0.266666666667  0.499914214264  9.12258070273e-05  0.499994559929  -0.4  0.0  1.08801421231e-05   0.000182451614055  1430.0  8.1150391264   -1.31753702289  -1.45086600416
-0.133333333333  -0.133333333333  0.266666666667  0.499904171056  0.000100850548136  0.499994978396  -0.4  0.0  1.00432081132e-05   0.000201701096271  1440.0  8.05868468802  -1.3175174669   -1.45084678295
-0.133333333333  -0.133333333333  0.266666666667  0.499883666173  0.000121215942365  0.499995117885  -0.4  0.0  9.76423010944e-06   0.00024243188473   1450.0  8.00310755224  -1.31747463452  -1.45080406216
-0.133333333333  -0.133333333333  0.266666666667  0.499893151425  0.000111312223254  0.499995536352  -0.4  0.0  8.9272961006e-06    0.000222624446508  1460.0  7.94829174709  -1.3174964494   -1.45082621182
-0.133333333333  -0.133333333333  0.266666666667  0.499893569892  0.000113125580274  0.499993304528  -0.4  0.0  1.33909441504e-05   0.000226251160549  1470.0  7.8942217352   -1.31748806547  -1.45081604243
-0.133333333333  -0.133333333333  0.266666666667  0.499883247706  0.000125540101414  0.499991212193  -0.4  0.0  1.75756141973e-05   0.000251080202828  1480.0  7.84088239916  -1.3174576028   -1.45078390589
-0.133333333333  -0.133333333333  0.266666666667  0.499885061063  0.000123866233396  0.499991072704  -0.4  0.0  1.78545922011e-05   0.000247732466791  1490.0  7.78825902735  -1.31746083848  -1.45078702997
-0.133333333333  -0.133333333333  0.266666666667  0.49987292552   0.000138512578561  0.499988561902  -0.4  0.0  2.28761962578e-05   0.000277025157121  1500.0  7.7363373005   -1.31742478184  -1.45074896469
-0.133333333333  -0.133333333333  0.266666666667  0.499871112163  0.000137675644551  0.499991212193  -0.4  0.0  1.75756141973e-05   0.000275351289102  1510.0  7.68510327864  -1.31743185634  -1.45075815943
-0.133333333333  -0.133333333333  0.266666666667  0.49985883713   0.000152321989716  0.49998884088   -0.4  0.0  2.2318240252e-05    0.000304643979432  1520.0  7.63454338865  -1.31739608153  -1.45072048757
-0.133333333333  -0.133333333333  0.266666666667  0.499865393113  0.000147579363662  0.499987027523  -0.4  0.0  2.59449542919e-05   0.000295158727324  1530.0  7.58464441225  -1.3174025022   -1.45072545756
-0.133333333333  -0.133333333333  0.266666666667  0.499845725164  0.000170037092915  0.499984237743  -0.4  0.0  3.15245143555e-05   0.00034007418583   1540.0  7.53539347451  -1.31734932362  -1.45067004715
-0.133333333333  -0.133333333333  0.266666666667  0.499848375455  0.000167247312884  0.499984377232  -0.4  0.0  3.12455363516e-05   0.000334494625768  1550.0  7.48677803274  -1.31735554651  -1.45067638163
-0.133333333333  -0.133333333333  0.266666666667  0.499823825391  0.000188868108127  0.499987306501  -0.4  0.0  2.53869982852e-05   0.000377736216254  1560.0  7.43878586587  -1.31731550134  -1.45063867988
-0.133333333333  -0.133333333333  0.266666666667  0.49982535977   0.000190681465147  0.499983958765  -0.4  0.0  3.20824703614e-05   0.000381362930295  1570.0  7.39140506417  -1.31730502975  -1.4506255301
-0.133333333333  -0.133333333333  0.266666666667  0.499793416789  0.000223740358521  0.499982842853  -0.4  0.0  3.43142943868e-05   0.000447480717041  1580.0  7.34462401946  -1.31723280224  -1.45055240986
-0.133333333333  -0.133333333333  0.266666666667  0.499804715398  0.000212999705399  0.499982284897  -0.4  0.0  3.54302063995e-05   0.000425999410799  1590.0  7.29843141557  -1.31725441485  -1.45057357611
-0.133333333333  -0.133333333333  0.266666666667  0.499786860806  0.000229180429581  0.499983958765  -0.4  0.0  3.20824703612e-05   0.000458360859162  1600.0  7.25281621922  -1.31722343152  -1.45054393187
-0.133333333333  -0.133333333333  0.266666666667  0.499779746867  0.000238944659691  0.499981308474  -0.4  0.0  3.73830524218e-05   0.000477889319383  1610.0  7.20776767127  -1.31719741043  -1.45051579054
-0.133333333333  -0.133333333333  0.266666666667  0.499761752785  0.000258891586916  0.499979355628  -0.4  0.0  4.12887444648e-05   0.000517783173832  1620.0  7.16327527824  -1.31715124586  -1.4504680637
-0.133333333333  -0.133333333333  0.266666666667  0.499764682054  0.000254985894872  0.499980332051  -0.4  0.0  3.93358984433e-05   0.000509971789744  1630.0  7.11932880414  -1.31716158813  -1.4504791871
-0.133333333333  -0.133333333333  0.266666666667  0.499748082863  0.000277583113127  0.499974334024  -0.4  0.0  5.13319525782e-05   0.000555166226254  1640.0  7.07591826265  -1.31710162615  -1.4504144267
-0.133333333333  -0.133333333333  0.266666666667  0.499743619215  0.000278838514141  0.499977542271  -0.4  0.0  4.49154585059e-05   0.000557677028281  1650.0  7.03303390954  -1.31710526779  -1.45042063494
-0.133333333333  -0.133333333333  0.266666666667  0.499731065205  0.000299761864377  0.499969172931  -0.4  0.0  6.16541386953e-05   0.000599523728754  1660.0  6.99066623539  -1.31704438321  -1.45035305489
-0.133333333333  -0.133333333333  0.266666666667  0.499718790173  0.000310223539494  0.499970986288  -0.4  0.0  5.80274246533e-05   0.000620447078988  1670.0  6.94880595853  -1.31702574855  -1.45033587092
-0.133333333333  -0.133333333333  0.266666666667  0.499691450329  0.000333518202757  0.499975031469  -0.4  0.0  4.99370625624e-05   0.000667036405514  1680.0  6.9074440183   -1.31698459986  -1.45029795837
-0.133333333333  -0.133333333333  0.266666666667  0.499696332444  0.000339934696829  0.49996373286   -0.4  0.0  7.25342808163e-05   0.000679869393658  1690.0  6.86657156849  -1.31694812365  -1.45025244328
-0.133333333333  -0.133333333333  0.266666666667  0.499675130115  0.000359602646051  0.499965267239  -0.4  0.0  6.94655227833e-05   0.000719205292102  1700.0  6.82617997103  -1.31690961018  -1.4502151573
-0.133333333333  -0.133333333333  0.266666666667  0.499654067276  0.000381641908299  0.499964290816  -0.4  0.0  7.14183688047e-05   0.000763283816598  1710.0  6.78626078991  -1.31686123704  -1.45016600303
-0.133333333333  -0.133333333333  0.266666666667  0.49964792976   0.000390429715397  0.499961640525  -0.4  0.0  7.67189508633e-05   0.000780859430795  1720.0  6.74680578532  -1.31683702041  -1.45013966616
-0.133333333333  -0.133333333333  0.266666666667  0.499619055537  0.000425580943794  0.499955363519  -0.4  0.0  8.92729610059e-05   0.000851161887588  1730.0  6.70780690795  -1.31675031711  -1.45004794126
-0.133333333333  -0.133333333333  0.266666666667  0.499626448454  0.000419861894729  0.499953689651  -0.4  0.0  9.2620697043e-05    0.000839723789459  1740.0  6.66925629353  -1.31675868602  -1.45005497108
-0.133333333333  -0.133333333333  0.266666666667  0.499593947516  0.000448038673047  0.499958013811  -0.4  0.0  8.39723789453e-05   0.000896077346094  1750.0  6.63114625757  -1.31670791955  -1.45000766393
-0.133333333333  -0.133333333333  0.266666666667  0.499580138105  0.000460453194187  0.499959408701  -0.4  0.0  8.1182598914e-05    0.000920906388373  1760.0  6.5934692902   -1.31668443251  -1.44998529281
-0.133333333333  -0.133333333333  0.266666666667  0.499572047743  0.000475239028354  0.499952713228  -0.4  0.0  9.45735430655e-05   0.000950478056707  1770.0  6.55621805127  -1.31663964689  -1.44993515081
-0.133333333333  -0.133333333333  0.266666666667  0.499563120447  0.000486956104485  0.499949923448  -0.4  0.0  0.000100153103129   0.000973912208971  1780.0  6.51938536559  -1.31660927172  -1.44990254381
-0.133333333333  -0.133333333333  0.266666666667  0.499544847388  0.000509274344736  0.499945878267  -0.4  0.0  0.000108243465219   0.00101854868947   1790.0  6.4829642183   -1.31655378483  -1.44984382077
-0.133333333333  -0.133333333333  0.266666666667  0.49953480418   0.000526849958935  0.499938345861  -0.4  0.0  0.000123308277389   0.00105369991787   1800.0  6.44694775042  -1.31650120173  -1.44978521176
-0.133333333333  -0.133333333333  0.266666666667  0.499500908352  0.000558653451293  0.499940438196  -0.4  0.0  0.000119123607342   0.00111730690259   1810.0  6.41132925456  -1.31643822573  -1.44972390962
-0.133333333333  -0.133333333333  0.266666666667  0.499472452596  0.000596873437724  0.499930673966  -0.4  0.0  0.000138652067562   0.00119374687545   1820.0  6.37610217074  -1.31633774379  -1.44961561629
-0.133333333333  -0.133333333333  0.266666666667  0.499451529246  0.000615425474933  0.499933045279  -0.4  0.0  0.000133909441509   0.00123085094987   1830.0  6.34126008238  -1.31630318123  -1.44958295078
-0.133333333333  -0.133333333333  0.266666666667  0.499430745385  0.00064095196222   0.499928302653  -0.4  0.0  0.000143394693615   0.00128190392444   1840.0  6.30679671236  -1.31623921824  -1.44951519369
-0.133333333333  -0.133333333333  0.266666666667  0.499425305314  0.000655040351378  0.499919654335  -0.4  0.0  0.00016069132981    0.00131008070276   1850.0  6.27270591932  -1.31619263754  -1.44946169434
-0.133333333333  -0.133333333333  0.266666666667  0.499413309259  0.000662991224468  0.499923699516  -0.4  0.0  0.000152600967719   0.00132598244894   1860.0  6.23898169395  -1.31618384466  -1.44945613761
-0.133333333333  -0.133333333333  0.266666666667  0.49938527197   0.000708046171976  0.499906681858  -0.4  0.0  0.000186636284103   0.00141609234395   1870.0  6.20561815548  -1.31605386016  -1.44931253898
-0.133333333333  -0.133333333333  0.266666666667  0.499361698329  0.000729666967219  0.499908634704  -0.4  0.0  0.000182730592059   0.00145933393444   1880.0  6.17260954827  -1.31601177393  -1.44927201503
-0.133333333333  -0.133333333333  0.266666666667  0.499361977307  0.000727295654192  0.499910727039  -0.4  0.0  0.000178545922012   0.00145459130838   1890.0  6.13995023849  -1.31602146304  -1.44928337801
-0.133333333333  -0.133333333333  0.266666666667  0.499307158129  0.000784346655835  0.499908495215  -0.4  0.0  0.000183009570062   0.00156869331167   1900.0  6.10763471092  -1.31589632415  -1.44915645365
-0.133333333333  -0.133333333333  0.266666666667  0.499300183679  0.000799132490001  0.499900683831  -0.4  0.0  0.000198632338237   0.00159826498      1910.0  6.07565756584  -1.31584893415  -1.44910281454
-0.133333333333  -0.133333333333  0.266666666667  0.499301299591  0.000800666869019  0.49989803354   -0.4  0.0  0.000203932920297   0.00160133373804   1920.0  6.04401351602  -1.31584040339  -1.44909216355
-0.133333333333  -0.133333333333  0.266666666667  0.499268659165  0.000843768970504  0.499887571865  -0.4  0.0  0.000224856270532   0.00168753794101   1930.0  6.01269738381  -1.31572825241  -1.44897164323
-0.133333333333  -0.133333333333  0.266666666667  0.499237553117  0.000876409396872  0.499886037486  -0.4  0.0  0.000227925028568   0.00175281879374   1940.0  5.98170409833  -1.3156559275   -1.44889809082
-0.133333333333  -0.133333333333  0.266666666667  0.49921342152   0.000902493840166  0.49988408464   -0.4  0.0  0.000231830720611   0.00180498768033   1950.0  5.95102869269  -1.31559741943  -1.44883802047
-0.133333333333  -0.133333333333  0.266666666667  0.499163484458  0.00095968433081   0.499876831212  -0.4  0.0  0.000246337576774   0.00191936866162   1960.0  5.9206663014   -1.31546188195  -1.44869668026
-0.133333333333  -0.133333333333  0.266666666667  0.499136284102  0.000988698043137  0.499875017855  -0.4  0.0  0.000249964290816   0.00197739608627   1970.0  5.89061215774  -1.31539623009  -1.44862957771
-0.133333333333  -0.133333333333  0.266666666667  0.499109223236  0.0010205015355    0.499870275229  -0.4  0.0  0.000259449542922   0.00204100307099   1980.0  5.86086159129  -1.31531960773  -1.44854916125
-0.133333333333  -0.133333333333  0.266666666667  0.499133494322  0.00101617737645   0.499850328301  -0.4  0.0  0.000299343397371   0.00203235475289   1990.0  5.8314100255   -1.31528856567  -1.44850216164
-0.133333333333  -0.133333333333  0.266666666667  0.499072537629  0.00106806728503   0.499859395086  -0.4  0.0  0.000281209827167   0.00213613457006   2000.0  5.80225297537  -1.31519737791  -1.44841822731
-0.133333333333  -0.133333333333  0.266666666667  0.499048266542  0.00109359377232   0.499858139685  -0.4  0.0  0.000283720629195   0.00218718754464   2010.0  5.77338604515  -1.31514023097  -1.44836007605
-0.133333333333  -0.133333333333  0.266666666667  0.499016742028  0.00114157798886   0.499841679983  -0.4  0.0  0.000316640033566   0.00228315597772   2020.0  5.74480492611  -1.31500538701  -1.44821206433
-0.133333333333  -0.133333333333  0.266666666667  0.498985078025  0.00116445418512   0.49985046779   -0.4  0.0  0.000299064419369   0.00232890837023   2030.0  5.71650539446  -1.3149749682   -1.44818867576
-0.133333333333  -0.133333333333  0.266666666667  0.498967781388  0.00121369380267   0.499818524809  -0.4  0.0  0.000362950382088   0.00242738760534   2040.0  5.68848330919  -1.31480637292  -1.4479945261
-0.133333333333  -0.133333333333  0.266666666667  0.498917425859  0.0012519137891    0.499830660352  -0.4  0.0  0.000338679295814   0.0025038275782    2050.0  5.66073461012  -1.31475017707  -1.44794803869
-0.133333333333  -0.133333333333  0.266666666667  0.498918820749  0.00126474677725   0.499816432474  -0.4  0.0  0.000367135052135   0.00252949355449   2060.0  5.6332553159   -1.31469387985  -1.44788035916
-0.133333333333  -0.133333333333  0.266666666667  0.498891341416  0.00129557384659   0.499813084738  -0.4  0.0  0.000373830524211   0.00259114769319   2070.0  5.6060415221   -1.31462212316  -1.44780592428
-0.133333333333  -0.133333333333  0.266666666667  0.498878647916  0.00132626142694   0.499795090657  -0.4  0.0  0.000409818686616   0.00265252285388   2080.0  5.5790893994   -1.31452114545  -1.44769055131
-0.133333333333  -0.133333333333  0.266666666667  0.498821596915  0.00139837724075   0.499780025845  -0.4  0.0  0.000439948310955   0.0027967544815    2090.0  5.55239519175  -1.31433782011  -1.44749517412
-0.133333333333  -0.133333333333  0.266666666667  0.498790909334  0.00141609234395   0.499792998322  -0.4  0.0  0.000414003356664   0.0028321846879    2100.0  5.52595521464  -1.31432618335  -1.44749391534
-0.133333333333  -0.133333333333  0.266666666667  0.498722420235  0.00148695275675   0.499790627009  -0.4  0.0  0.000418745982717   0.0029739055135    2110.0  5.49976585344  -1.31417066968  -1.44733650462
-0.133333333333  -0.133333333333  0.266666666667  0.498715166807  0.001509410486     0.499775422707  -0.4  0.0  0.000449154585059   0.003018820972     2120.0  5.47382356168  -1.31409329314  -1.44724696464
-0.133333333333  -0.133333333333  0.266666666667  0.4986797366    0.00155251258749   0.499767750812  -0.4  0.0  0.000464498375233   0.00310502517497   2130.0  5.44812485951  -1.31398746988  -1.44713500386
-0.133333333333  -0.133333333333  0.266666666667  0.498662579453  0.00159282490894   0.499744595638  -0.4  0.0  0.000510808723754   0.00318564981788   2140.0  5.42266633213  -1.31385535595  -1.44698436579
-0.133333333333  -0.133333333333  0.266666666667  0.498639005812  0.00161639855021   0.499744595638  -0.4  0.0  0.000510808723754   0.00323279710041   2150.0  5.39744462826  -1.3138051684   -1.44693417824
-0.133333333333  -0.133333333333  0.266666666667  0.498575538316  0.00167609984288   0.499748361841  -0.4  0.0  0.000503276317669   0.00335219968576   2160.0  5.37245645868  -1.31368640666  -1.44681842946
-0.133333333333  -0.133333333333  0.266666666667  0.498571353646  0.00171975990037   0.499708886454  -0.4  0.0  0.000582227092558   0.00343951980074   2170.0  5.34769859482  -1.31351500158  -1.44661544408
-0.133333333333  -0.133333333333  0.266666666667  0.49852322994   0.00177290520997   0.49970386485   -0.4  0.0  0.000592270300671   0.00354581041994   2180.0  5.32316786732  -1.31339185732  -1.44648828253
-0.133333333333  -0.133333333333  0.266666666667  0.498513744688  0.001775834479     0.499710420833  -0.4  0.0  0.000579158334523   0.00355166895801   2190.0  5.29886116473  -1.31339965254  -1.44650132254
-0.133333333333  -0.133333333333  0.266666666667  0.498457949088  0.00184990313884   0.499692147774  -0.4  0.0  0.000615704452935   0.00369980627767   2200.0  5.27477543216  -1.31320525854  -1.44629231009
-0.133333333333  -0.133333333333  0.266666666667  0.498377324445  0.00192494822168   0.499697727334  -0.4  0.0  0.000604545332809   0.00384989644337   2210.0  5.25090767002  -1.31305741556  -1.44614893076
-0.133333333333  -0.133333333333  0.266666666667  0.498409127937  0.0019178342826    0.49967303778   -0.4  0.0  0.000653924439365   0.00383566856521   2220.0  5.22725493277  -1.31302423952  -1.44609600308
-0.133333333333  -0.133333333333  0.266666666667  0.498333385409  0.00200431746358   0.499662297127  -0.4  0.0  0.000675405745607   0.00400863492715   2230.0  5.20381432769  -1.3128188012   -1.44588197223
-0.133333333333  -0.133333333333  0.266666666667  0.498307440455  0.00203012292887   0.499662436616  -0.4  0.0  0.000675126767605   0.00406024585773   2240.0  5.18058301373  -1.31276405428  -1.4458273369
-0.133333333333  -0.133333333333  0.266666666667  0.498247041717  0.00212399902692   0.499628959256  -0.4  0.0  0.000742081488359   0.00424799805385   2250.0  5.15755820033  -1.31250036956  -1.4455368703
-0.133333333333  -0.133333333333  0.266666666667  0.498227513257  0.00213794792708   0.499634538816  -0.4  0.0  0.000730922368233   0.00427589585416   2260.0  5.13473714635  -1.31248010716  -1.44552107154
-0.133333333333  -0.133333333333  0.266666666667  0.498185387579  0.00219681228575   0.499617800136  -0.4  0.0  0.00076439972861    0.00439362457149   2270.0  5.11211715892  -1.31232309178  -1.44535066523
-0.133333333333  -0.133333333333  0.266666666667  0.498105320892  0.00229822078989   0.499596458318  -0.4  0.0  0.000807083363091   0.00459644157977   2280.0  5.08969559243  -1.3120649686   -1.44507546859
-0.133333333333  -0.133333333333  0.266666666667  0.498092208926  0.00232835041423   0.49957944066   -0.4  0.0  0.000841118679475   0.00465670082845   2290.0  5.06746984749  -1.31196638191  -1.44496326778
-0.133333333333  -0.133333333333  0.266666666667  0.498085094986  0.00232890837023   0.499585996643  -0.4  0.0  0.000828006713326   0.00465781674046   2300.0  5.04543736989  -1.31197820222  -1.44498033286
-0.133333333333  -0.133333333333  0.266666666667  0.498023301359  0.00241218330417   0.499564515337  -0.4  0.0  0.000870969325811   0.00482436660834   2310.0  5.02359564968  -1.31175958705  -1.44474453265
-0.133333333333  -0.133333333333  0.266666666667  0.49797699101   0.00245821467469   0.499564794315  -0.4  0.0  0.000870411369805   0.00491642934938   2320.0  5.00194222015  -1.31166240864  -1.44464757743
-0.133333333333  -0.133333333333  0.266666666667  0.497916034317  0.00253674698257   0.499547218701  -0.4  0.0  0.000905562598201   0.00507349396515   2330.0  4.98047465697  -1.31146188847  -1.44443299677
-0.133333333333  -0.133333333333  0.266666666667  0.497921055921  0.00255488055278   0.499524063527  -0.4  0.0  0.000951872946723   0.00510976110556   2340.0  4.95919057724  -1.31137614404  -1.4443287282
-0.133333333333  -0.133333333333  0.266666666667  0.497849637552  0.00262922819062   0.499521134258  -0.4  0.0  0.000957731484787   0.00525845638123   2350.0  4.93808763862  -1.31121229262  -1.44416253336
-0.133333333333  -0.133333333333  0.266666666667  0.497795515819  0.00270664458649   0.499497839594  -0.4  0.0  0.00100432081131    0.00541328917297   2360.0  4.91716353845  -1.311002387    -1.44393399201
-0.133333333333  -0.133333333333  0.266666666667  0.497709451105  0.00281488805171   0.499475660843  -0.4  0.0  0.00104867831381    0.00562977610341   2370.0  4.89641601298  -1.31072755197  -1.44364141397
-0.133333333333  -0.133333333333  0.266666666667  0.497699826364  0.00283720629196   0.499462967344  -0.4  0.0  0.0010740653121     0.00567441258392   2380.0  4.87584283645  -1.31065697497  -1.44356068218
-0.133333333333  -0.133333333333  0.266666666667  0.497653794994  0.00288909620054   0.499457108806  -0.4  0.0  0.00108578238823    0.00577819240109   2390.0  4.8554418204   -1.31053384216  -1.44343286253
-0.133333333333  -0.133333333333  0.266666666667  0.497633569088  0.00290932210577   0.499457108806  -0.4  0.0  0.00108578238823    0.00581864421154   2400.0  4.83521081281  -1.31049385381  -1.44339287418
