#mu0            mu1              mu2             x0              x1                 x2              mua   mub   xa                 xb                 T       b              u               phi
0.266666666667  -0.933333333333  0.666666666667  0.5             0.0                0.5             -0.4  -1.2  0.0                0.0                30.0    386.816865025  -1.31774118     -2.25107451333
0.266666666667  -0.933333333333  0.666666666667  0.5             0.0                0.5             -0.4  -1.2  0.0                0.0                40.0    290.112648769  -1.31774118     -2.25107451333
0.266666666667  -0.933333333333  0.666666666667  0.5             0.0                0.5             -0.4  -1.2  0.0                0.0                50.0    232.090119015  -1.31774118     -2.25107451333
0.266666666667  -0.933333333333  0.666666666667  0.5             0.0                0.5             -0.4  -1.2  0.0                0.0                60.0    193.408432513  -1.31774118     -2.25107451333
0.266666666667  -0.933333333333  0.666666666667  0.5             0.0                0.5             -0.4  -1.2  0.0                0.0                70.0    165.778656439  -1.31774118     -2.25107451333
0.266666666667  -0.933333333333  0.666666666667  0.5             0.0                0.5             -0.4  -1.2  0.0                0.0                80.0    145.056324384  -1.31774118     -2.25107451333
0.266666666667  -0.933333333333  0.666666666667  0.5             0.0                0.5             -0.4  -1.2  0.0                0.0                90.0    128.938955008  -1.31774118     -2.25107451333
0.266666666667  -0.933333333333  0.666666666667  0.5             0.0                0.5             -0.4  -1.2  0.0                0.0                100.0   116.045059507  -1.31774118     -2.25107451333
0.266666666667  -0.933333333333  0.666666666667  0.5             0.0                0.5             -0.4  -1.2  0.0                0.0                110.0   105.495508643  -1.31774118     -2.25107451333
0.266666666667  -0.933333333333  0.666666666667  0.5             0.0                0.5             -0.4  -1.2  0.0                0.0                120.0   96.7042162563  -1.31774118     -2.25107451333
0.266666666667  -0.933333333333  0.666666666667  0.5             0.0                0.5             -0.4  -1.2  0.0                0.0                130.0   89.2654303904  -1.31774118     -2.25107451333
0.266666666667  -0.933333333333  0.666666666667  0.5             0.0                0.5             -0.4  -1.2  0.0                0.0                140.0   82.8893282196  -1.31774118     -2.25107451333
0.266666666667  -0.933333333333  0.666666666667  0.5             0.0                0.5             -0.4  -1.2  0.0                0.0                150.0   77.363373005   -1.31774118     -2.25107451333
0.266666666667  -0.933333333333  0.666666666667  0.5             0.0                0.5             -0.4  -1.2  0.0                0.0                160.0   72.5281621922  -1.31774118     -2.25107451333
0.266666666667  -0.933333333333  0.666666666667  0.5             0.0                0.5             -0.4  -1.2  0.0                0.0                170.0   68.2617997103  -1.31774118     -2.25107451333
0.266666666667  -0.933333333333  0.666666666667  0.5             0.0                0.5             -0.4  -1.2  0.0                0.0                180.0   64.4694775042  -1.31774118     -2.25107451333
0.266666666667  -0.933333333333  0.666666666667  0.5             0.0                0.5             -0.4  -1.2  0.0                0.0                190.0   61.0763471092  -1.31774118     -2.25107451333
0.266666666667  -0.933333333333  0.666666666667  0.5             0.0                0.5             -0.4  -1.2  0.0                0.0                200.0   58.0225297537  -1.31774118     -2.25107451333
0.266666666667  -0.933333333333  0.666666666667  0.5             0.0                0.5             -0.4  -1.2  0.0                0.0                210.0   55.2595521464  -1.31774118     -2.25107451333
0.266666666667  -0.933333333333  0.666666666667  0.5             0.0                0.5             -0.4  -1.2  0.0                0.0                220.0   52.7477543216  -1.31774118     -2.25107451333
0.266666666667  -0.933333333333  0.666666666667  0.5             0.0                0.5             -0.4  -1.2  0.0                0.0                230.0   50.4543736989  -1.31774118     -2.25107451333
0.266666666667  -0.933333333333  0.666666666667  0.5             0.0                0.5             -0.4  -1.2  0.0                0.0                240.0   48.3521081281  -1.31774118     -2.25107451333
0.266666666667  -0.933333333333  0.666666666667  0.5             0.0                0.5             -0.4  -1.2  0.0                0.0                250.0   46.418023803   -1.31774118     -2.25107451333
0.266666666667  -0.933333333333  0.666666666667  0.5             0.0                0.5             -0.4  -1.2  0.0                0.0                260.0   44.6327151952  -1.31774118     -2.25107451333
0.266666666667  -0.933333333333  0.666666666667  0.5             0.0                0.5             -0.4  -1.2  0.0                0.0                270.0   42.9796516694  -1.31774118     -2.25107451333
0.266666666667  -0.933333333333  0.666666666667  0.5             0.0                0.5             -0.4  -1.2  0.0                0.0                280.0   41.4446641098  -1.31774118     -2.25107451333
0.266666666667  -0.933333333333  0.666666666667  0.5             0.0                0.5             -0.4  -1.2  0.0                0.0                290.0   40.0155377612  -1.31774118     -2.25107451333
0.266666666667  -0.933333333333  0.666666666667  0.5             0.0                0.5             -0.4  -1.2  0.0                0.0                300.0   38.6816865025  -1.31774118     -2.25107451333
0.266666666667  -0.933333333333  0.666666666667  0.5             0.0                0.5             -0.4  -1.2  0.0                0.0                310.0   37.4338901637  -1.31774118     -2.25107451333
0.266666666667  -0.933333333333  0.666666666667  0.5             0.0                0.5             -0.4  -1.2  0.0                0.0                320.0   36.2640810961  -1.31774118     -2.25107451333
0.266666666667  -0.933333333333  0.666666666667  0.5             0.0                0.5             -0.4  -1.2  0.0                0.0                330.0   35.1651695477  -1.31774118     -2.25107451333
0.266666666667  -0.933333333333  0.666666666667  0.5             0.0                0.5             -0.4  -1.2  0.0                0.0                340.0   34.1308998551  -1.31774118     -2.25107451333
0.266666666667  -0.933333333333  0.666666666667  0.5             0.0                0.5             -0.4  -1.2  0.0                0.0                350.0   33.1557312879  -1.31774118     -2.25107451333
0.266666666667  -0.933333333333  0.666666666667  0.5             0.0                0.5             -0.4  -1.2  0.0                0.0                360.0   32.2347387521  -1.31774118     -2.25107451333
0.266666666667  -0.933333333333  0.666666666667  0.5             0.0                0.5             -0.4  -1.2  0.0                0.0                370.0   31.3635295966  -1.31774118     -2.25107451333
0.266666666667  -0.933333333333  0.666666666667  0.5             0.0                0.5             -0.4  -1.2  0.0                0.0                380.0   30.5381735546  -1.31774118     -2.25107451333
0.266666666667  -0.933333333333  0.666666666667  0.5             0.0                0.5             -0.4  -1.2  0.0                0.0                390.0   29.7551434635  -1.31774118     -2.25107451333
0.266666666667  -0.933333333333  0.666666666667  0.5             0.0                0.5             -0.4  -1.2  0.0                0.0                400.0   29.0112648769  -1.31774118     -2.25107451333
0.266666666667  -0.933333333333  0.666666666667  0.5             0.0                0.5             -0.4  -1.2  0.0                0.0                410.0   28.3036730506  -1.31774118     -2.25107451333
0.266666666667  -0.933333333333  0.666666666667  0.5             0.0                0.5             -0.4  -1.2  0.0                0.0                420.0   27.6297760732  -1.31774118     -2.25107451333
0.266666666667  -0.933333333333  0.666666666667  0.5             0.0                0.5             -0.4  -1.2  0.0                0.0                430.0   26.9872231413  -1.31774118     -2.25107451333
0.266666666667  -0.933333333333  0.666666666667  0.5             0.0                0.5             -0.4  -1.2  0.0                0.0                440.0   26.3738771608  -1.31774118     -2.25107451333
0.266666666667  -0.933333333333  0.666666666667  0.5             0.0                0.5             -0.4  -1.2  0.0                0.0                450.0   25.7877910017  -1.31774118     -2.25107451333
0.266666666667  -0.933333333333  0.666666666667  0.5             0.0                0.5             -0.4  -1.2  0.0                0.0                460.0   25.2271868495  -1.31774118     -2.25107451333
0.266666666667  -0.933333333333  0.666666666667  0.5             0.0                0.5             -0.4  -1.2  0.0                0.0                470.0   24.6904381931  -1.31774118     -2.25107451333
0.266666666667  -0.933333333333  0.666666666667  0.5             0.0                0.5             -0.4  -1.2  0.0                0.0                480.0   24.1760540641  -1.31774118     -2.25107451333
0.266666666667  -0.933333333333  0.666666666667  0.5             0.0                0.5             -0.4  -1.2  0.0                0.0                490.0   23.6826652056  -1.31774118     -2.25107451333
0.266666666667  -0.933333333333  0.666666666667  0.5             0.0                0.5             -0.4  -1.2  0.0                0.0                500.0   23.2090119015  -1.31774118     -2.25107451333
0.266666666667  -0.933333333333  0.666666666667  0.5             0.0                0.5             -0.4  -1.2  0.0                0.0                510.0   22.7539332368  -1.31774118     -2.25107451333
0.266666666667  -0.933333333333  0.666666666667  0.5             0.0                0.5             -0.4  -1.2  0.0                0.0                520.0   22.3163575976  -1.31774118     -2.25107451333
0.266666666667  -0.933333333333  0.666666666667  0.5             0.0                0.5             -0.4  -1.2  0.0                0.0                530.0   21.8952942467  -1.31774118     -2.25107451333
0.266666666667  -0.933333333333  0.666666666667  0.5             0.0                0.5             -0.4  -1.2  0.0                0.0                540.0   21.4898258347  -1.31774118     -2.25107451333
0.266666666667  -0.933333333333  0.666666666667  0.5             0.0                0.5             -0.4  -1.2  0.0                0.0                550.0   21.0991017286  -1.31774118     -2.25107451333
0.266666666667  -0.933333333333  0.666666666667  0.5             0.0                0.5             -0.4  -1.2  0.0                0.0                560.0   20.7223320549  -1.31774118     -2.25107451333
0.266666666667  -0.933333333333  0.666666666667  0.5             0.0                0.5             -0.4  -1.2  0.0                0.0                570.0   20.3587823697  -1.31774118     -2.25107451333
0.266666666667  -0.933333333333  0.666666666667  0.5             0.0                0.5             -0.4  -1.2  0.0                0.0                580.0   20.0077688806  -1.31774118     -2.25107451333
0.266666666667  -0.933333333333  0.666666666667  0.5             0.0                0.5             -0.4  -1.2  0.0                0.0                590.0   19.6686541538  -1.31774118     -2.25107451333
0.266666666667  -0.933333333333  0.666666666667  0.5             0.0                0.5             -0.4  -1.2  0.0                0.0                600.0   19.3408432512  -1.31774118     -2.25107451333
0.266666666667  -0.933333333333  0.666666666667  0.5             0.0                0.5             -0.4  -1.2  0.0                0.0                610.0   19.0237802471  -1.31774118     -2.25107451333
0.266666666667  -0.933333333333  0.666666666667  0.5             0.0                0.5             -0.4  -1.2  0.0                0.0                620.0   18.7169450819  -1.31774118     -2.25107451333
0.266666666667  -0.933333333333  0.666666666667  0.5             0.0                0.5             -0.4  -1.2  0.0                0.0                630.0   18.4198507155  -1.31774118     -2.25107451333
0.266666666667  -0.933333333333  0.666666666667  0.5             0.0                0.5             -0.4  -1.2  0.0                0.0                640.0   18.132040548   -1.31774118     -2.25107451333
0.266666666667  -0.933333333333  0.666666666667  0.5             0.0                0.5             -0.4  -1.2  0.0                0.0                650.0   17.8530860781  -1.31774118     -2.25107451333
0.266666666667  -0.933333333333  0.666666666667  0.5             0.0                0.5             -0.4  -1.2  0.0                0.0                660.0   17.5825847739  -1.31774118     -2.25107451333
0.266666666667  -0.933333333333  0.666666666667  0.5             0.0                0.5             -0.4  -1.2  0.0                0.0                670.0   17.3201581354  -1.31774118     -2.25107451333
0.266666666667  -0.933333333333  0.666666666667  0.5             0.0                0.5             -0.4  -1.2  0.0                0.0                680.0   17.0654499276  -1.31774118     -2.25107451333
0.266666666667  -0.933333333333  0.666666666667  0.5             0.0                0.5             -0.4  -1.2  0.0                0.0                690.0   16.8181245663  -1.31774118     -2.25107451333
0.266666666667  -0.933333333333  0.666666666667  0.5             0.0                0.5             -0.4  -1.2  0.0                0.0                700.0   16.5778656439  -1.31774118     -2.25107451333
0.266666666667  -0.933333333333  0.666666666667  0.5             0.0                0.5             -0.4  -1.2  0.0                0.0                710.0   16.3443745785  -1.31774118     -2.25107451333
0.266666666667  -0.933333333333  0.666666666667  0.5             0.0                0.5             -0.4  -1.2  0.0                0.0                720.0   16.117369376   -1.31774118     -2.25107451333
0.266666666667  -0.933333333333  0.666666666667  0.5             0.0                0.5             -0.4  -1.2  0.0                0.0                730.0   15.8965834942  -1.31774118     -2.25107451333
0.266666666667  -0.933333333333  0.666666666667  0.5             0.0                0.5             -0.4  -1.2  0.0                0.0                740.0   15.6817647983  -1.31774118     -2.25107451333
0.266666666667  -0.933333333333  0.666666666667  0.5             0.0                0.5             -0.4  -1.2  0.0                0.0                750.0   15.472674601   -1.31774118     -2.25107451333
0.266666666667  -0.933333333333  0.666666666667  0.5             0.0                0.5             -0.4  -1.2  0.0                0.0                760.0   15.2690867773  -1.31774118     -2.25107451333
0.266666666667  -0.933333333333  0.666666666667  0.5             0.0                0.5             -0.4  -1.2  0.0                0.0                770.0   15.070786949   -1.31774118     -2.25107451333
0.266666666667  -0.933333333333  0.666666666667  0.5             0.0                0.5             -0.4  -1.2  0.0                0.0                780.0   14.8775717317  -1.31774118     -2.25107451333
0.266666666667  -0.933333333333  0.666666666667  0.5             0.0                0.5             -0.4  -1.2  0.0                0.0                790.0   14.6892480389  -1.31774118     -2.25107451333
0.266666666667  -0.933333333333  0.666666666667  0.5             0.0                0.5             -0.4  -1.2  0.0                0.0                800.0   14.5056324384  -1.31774118     -2.25107451333
0.266666666667  -0.933333333333  0.666666666667  0.5             0.0                0.5             -0.4  -1.2  0.0                0.0                810.0   14.3265505565  -1.31774118     -2.25107451333
0.266666666667  -0.933333333333  0.666666666667  0.5             0.0                0.5             -0.4  -1.2  0.0                0.0                820.0   14.1518365253  -1.31774118     -2.25107451333
0.266666666667  -0.933333333333  0.666666666667  0.5             0.0                0.5             -0.4  -1.2  0.0                0.0                830.0   13.9813324708  -1.31774118     -2.25107451333
0.266666666667  -0.933333333333  0.666666666667  0.5             0.0                0.5             -0.4  -1.2  0.0                0.0                840.0   13.8148880366  -1.31774118     -2.25107451333
0.266666666667  -0.933333333333  0.666666666667  0.5             0.0                0.5             -0.4  -1.2  0.0                0.0                850.0   13.6523599421  -1.31774118     -2.25107451333
0.266666666667  -0.933333333333  0.666666666667  0.5             0.0                0.5             -0.4  -1.2  0.0                0.0                860.0   13.4936115706  -1.31774118     -2.25107451333
0.266666666667  -0.933333333333  0.666666666667  0.5             0.0                0.5             -0.4  -1.2  0.0                0.0                870.0   13.3385125871  -1.31774118     -2.25107451333
0.266666666667  -0.933333333333  0.666666666667  0.5             0.0                0.5             -0.4  -1.2  0.0                0.0                880.0   13.1869385804  -1.31774118     -2.25107451333
0.266666666667  -0.933333333333  0.666666666667  0.5             0.0                0.5             -0.4  -1.2  0.0                0.0                890.0   13.0387707312  -1.31774118     -2.25107451333
0.266666666667  -0.933333333333  0.666666666667  0.500000139489  0.0                0.499999860511  -0.4  -1.2  2.78978003809e-07  0.0                900.0   12.8938955008  -1.31774089958  -2.25107412133
0.266666666667  -0.933333333333  0.666666666667  0.5             0.0                0.5             -0.4  -1.2  0.0                0.0                910.0   12.7522043415  -1.31774118     -2.25107451333
0.266666666667  -0.933333333333  0.666666666667  0.5             0.0                0.5             -0.4  -1.2  0.0                0.0                920.0   12.6135934247  -1.31774118     -2.25107451333
0.266666666667  -0.933333333333  0.666666666667  0.5             0.0                0.5             -0.4  -1.2  0.0                0.0                930.0   12.4779633879  -1.31774118     -2.25107451333
0.266666666667  -0.933333333333  0.666666666667  0.5             0.0                0.5             -0.4  -1.2  0.0                0.0                940.0   12.3452190965  -1.31774118     -2.25107451333
0.266666666667  -0.933333333333  0.666666666667  0.5             0.0                0.5             -0.4  -1.2  0.0                0.0                950.0   12.2152694218  -1.31774118     -2.25107451333
0.266666666667  -0.933333333333  0.666666666667  0.500000139489  0.0                0.499999860511  -0.4  -1.2  2.78978003809e-07  0.0                960.0   12.088027032   -1.31774089958  -2.25107412133
0.266666666667  -0.933333333333  0.666666666667  0.5             0.0                0.5             -0.4  -1.2  0.0                0.0                970.0   11.9634081967  -1.31774118     -2.25107451333
0.266666666667  -0.933333333333  0.666666666667  0.5             0.0                0.5             -0.4  -1.2  0.0                0.0                980.0   11.8413326028  -1.31774118     -2.25107451333
0.266666666667  -0.933333333333  0.666666666667  0.5             0.0                0.5             -0.4  -1.2  0.0                0.0                990.0   11.7217231826  -1.31774118     -2.25107451333
0.266666666667  -0.933333333333  0.666666666667  0.5             0.0                0.5             -0.4  -1.2  0.0                0.0                1000.0  11.6045059507  -1.31774118     -2.25107451333
0.266666666667  -0.933333333333  0.666666666667  0.5             0.0                0.5             -0.4  -1.2  0.0                0.0                1010.0  11.4896098522  -1.31774118     -2.25107451333
0.266666666667  -0.933333333333  0.666666666667  0.5             0.0                0.5             -0.4  -1.2  0.0                0.0                1020.0  11.3769666184  -1.31774118     -2.25107451333
0.266666666667  -0.933333333333  0.666666666667  0.5             0.0                0.5             -0.4  -1.2  0.0                0.0                1030.0  11.2665106318  -1.31774118     -2.25107451333
0.266666666667  -0.933333333333  0.666666666667  0.500000278978  0.0                0.499999721022  -0.4  -1.2  5.57956005842e-07  0.0                1040.0  11.1581787988  -1.31774061917  -2.25107372932
0.266666666667  -0.933333333333  0.666666666667  0.500000557956  0.0                0.499999442044  -0.4  -1.2  1.11591201168e-06  0.0                1050.0  11.0519104293  -1.31774005833  -2.2510729453
0.266666666667  -0.933333333333  0.666666666667  0.500000139489  0.0                0.499999860511  -0.4  -1.2  2.78978003809e-07  0.0                1060.0  10.9476471233  -1.31774089958  -2.25107412133
0.266666666667  -0.933333333333  0.666666666667  0.500000139489  0.0                0.499999860511  -0.4  -1.2  2.78978003809e-07  0.0                1070.0  10.8453326643  -1.31774089958  -2.25107412133
0.266666666667  -0.933333333333  0.666666666667  0.5             0.0                0.5             -0.4  -1.2  0.0                0.0                1080.0  10.7449129174  -1.31774118     -2.25107451333
0.266666666667  -0.933333333333  0.666666666667  0.500000278978  0.0                0.499999721022  -0.4  -1.2  5.57956005842e-07  0.0                1090.0  10.6463357346  -1.31774061917  -2.25107372932
0.266666666667  -0.933333333333  0.666666666667  0.500000418467  0.0                0.499999581533  -0.4  -1.2  8.36934009874e-07  0.0                1100.0  10.5495508643  -1.31774033875  -2.25107333731
0.266666666667  -0.933333333333  0.666666666667  0.500000278978  0.0                0.499999721022  -0.4  -1.2  5.57956005842e-07  0.0                1110.0  10.4545098655  -1.31774061917  -2.25107372932
0.266666666667  -0.933333333333  0.666666666667  0.500000278978  0.0                0.499999721022  -0.4  -1.2  5.57956005842e-07  0.0                1120.0  10.3611660275  -1.31774061917  -2.25107372932
0.266666666667  -0.933333333333  0.666666666667  0.500000418467  0.0                0.499999581533  -0.4  -1.2  8.36934009874e-07  0.0                1130.0  10.2694742927  -1.31774033875  -2.25107333731
0.266666666667  -0.933333333333  0.666666666667  0.500000139489  0.0                0.499999860511  -0.4  -1.2  2.78978003809e-07  0.0                1140.0  10.1793911849  -1.31774089958  -2.25107412133
0.266666666667  -0.933333333333  0.666666666667  0.500000139489  0.0                0.499999860511  -0.4  -1.2  2.78978003809e-07  0.0                1150.0  10.0908747398  -1.31774089958  -2.25107412133
0.266666666667  -0.933333333333  0.666666666667  0.500000139489  0.0                0.499999860511  -0.4  -1.2  2.78978003809e-07  0.0                1160.0  10.0038844403  -1.31774089958  -2.25107412133
0.266666666667  -0.933333333333  0.666666666667  0.500000278978  0.0                0.499999721022  -0.4  -1.2  5.57956005842e-07  0.0                1170.0  9.91838115449  -1.31774061917  -2.25107372932
0.266666666667  -0.933333333333  0.666666666667  0.500000418467  0.0                0.499999581533  -0.4  -1.2  8.36934009874e-07  0.0                1180.0  9.83432707691  -1.31774033875  -2.25107333731
0.266666666667  -0.933333333333  0.666666666667  0.500000557956  0.0                0.499999442044  -0.4  -1.2  1.11591201168e-06  0.0                1190.0  9.7516856729   -1.31774005833  -2.2510729453
0.266666666667  -0.933333333333  0.666666666667  0.500000557956  0.0                0.499999442044  -0.4  -1.2  1.11591201168e-06  0.0                1200.0  9.67042162562  -1.31774005833  -2.2510729453
0.266666666667  -0.933333333333  0.666666666667  0.500000278978  0.0                0.499999721022  -0.4  -1.2  5.57956005842e-07  0.0                1210.0  9.59050078574  -1.31774061917  -2.25107372932
0.266666666667  -0.933333333333  0.666666666667  0.5             0.0                0.5             -0.4  -1.2  0.0                0.0                1220.0  9.51189012357  -1.31774118     -2.25107451333
0.266666666667  -0.933333333333  0.666666666667  0.500000278978  0.0                0.499999721022  -0.4  -1.2  5.57956005842e-07  0.0                1230.0  9.43455768354  -1.31774061917  -2.25107372932
0.266666666667  -0.933333333333  0.666666666667  0.500000697445  0.0                0.499999302555  -0.4  -1.2  1.39489001572e-06  0.0                1240.0  9.35847254093  -1.31773977792  -2.25107255329
0.266666666667  -0.933333333333  0.666666666667  0.500000557956  0.0                0.499999442044  -0.4  -1.2  1.11591201168e-06  0.0                1250.0  9.2836047606   -1.31774005833  -2.2510729453
0.266666666667  -0.933333333333  0.666666666667  0.500001255401  0.0                0.499998744599  -0.4  -1.2  2.5108020274e-06   0.0                1260.0  9.20992535774  -1.31773865625  -2.25107098526
0.266666666667  -0.933333333333  0.666666666667  0.500001673868  0.0                0.499998326132  -0.4  -1.2  3.34773603705e-06  0.0                1270.0  9.13740626043  -1.317737815    -2.25106980924
0.266666666667  -0.933333333333  0.666666666667  0.50000139489   0.0                0.49999860511   -0.4  -1.2  2.7897800311e-06   0.0                1280.0  9.06602027402  -1.31773837583  -2.25107059325
0.266666666667  -0.933333333333  0.666666666667  0.500002371313  0.0                0.499997628687  -0.4  -1.2  4.74262605277e-06  0.0                1290.0  8.99574104709  -1.31773641292  -2.2510678492
0.266666666667  -0.933333333333  0.666666666667  0.500001673868  0.0                0.499998326132  -0.4  -1.2  3.34773603705e-06  0.0                1300.0  8.92654303904  -1.317737815    -2.25106980924
0.266666666667  -0.933333333333  0.666666666667  0.500002092335  0.0                0.499997907665  -0.4  -1.2  4.18467004693e-06  0.0                1310.0  8.85840148912  -1.31773697375  -2.25106863322
0.266666666667  -0.933333333333  0.666666666667  0.500004045181  0.0                0.499995954819  -0.4  -1.2  8.09036209182e-06  0.0                1320.0  8.79129238693  -1.31773304792  -2.2510631451
0.266666666667  -0.933333333333  0.666666666667  0.500002371313  0.0                0.499997628687  -0.4  -1.2  4.74262605277e-06  0.0                1330.0  8.72519244417  -1.31773641292  -2.2510678492
0.266666666667  -0.933333333333  0.666666666667  0.500003068758  0.0                0.499996931242  -0.4  -1.2  6.13751606826e-06  0.0                1340.0  8.66007906772  -1.31773501083  -2.25106588916
0.266666666667  -0.933333333333  0.666666666667  0.500002929269  0.0                0.499997070731  -0.4  -1.2  5.85853806634e-06  0.0                1350.0  8.59593033389  -1.31773529125  -2.25106628117
0.266666666667  -0.933333333333  0.666666666667  0.500003626714  0.0                0.499996373286  -0.4  -1.2  7.25342808217e-06  0.0                1360.0  8.53272496379  -1.31773388917  -2.25106432113
0.266666666667  -0.933333333333  0.666666666667  0.500002371313  0.0                0.499997628687  -0.4  -1.2  4.74262605277e-06  0.0                1370.0  8.47044229982  -1.31773641292  -2.2510678492
0.266666666667  -0.933333333333  0.666666666667  0.50000418467   0.0                0.49999581533   -0.4  -1.2  8.36934009385e-06  0.0                1380.0  8.40906228315  -1.3177327675   -2.2510627531
0.266666666667  -0.933333333333  0.666666666667  0.500003487225  0.0                0.499996512775  -0.4  -1.2  6.97445007802e-06  0.0                1390.0  8.34856543219  -1.31773416958  -2.25106471314
0.266666666667  -0.933333333333  0.666666666667  0.500004324159  0.0                0.499995675841  -0.4  -1.2  8.64831809766e-06  0.0                1400.0  8.28893282196  -1.31773248708  -2.25106236109
0.266666666667  -0.933333333333  0.666666666667  0.500003347736  0.0                0.499996652264  -0.4  -1.2  6.69547207632e-06  0.0                1410.0  8.23014606436  -1.31773445     -2.25106510514
0.266666666667  -0.933333333333  0.666666666667  0.500004742626  0.0                0.499995257374  -0.4  -1.2  9.48525210731e-06  0.0                1420.0  8.17218728926  -1.31773164583  -2.25106118507
0.266666666667  -0.933333333333  0.666666666667  0.500005161093  0.0                0.499994838907  -0.4  -1.2  1.03221861173e-05  0.0                1430.0  8.1150391264   -1.31773080458  -2.25106000904
0.266666666667  -0.933333333333  0.666666666667  0.500005161093  0.0                0.499994838907  -0.4  -1.2  1.03221861173e-05  0.0                1440.0  8.05868468802  -1.31773080458  -2.25106000904
0.266666666667  -0.933333333333  0.666666666667  0.500007392917  0.0                0.499992607083  -0.4  -1.2  1.47858341659e-05  0.0                1450.0  8.00310755224  -1.31772631792  -2.25105373692
0.266666666667  -0.933333333333  0.666666666667  0.500008787807  0.0                0.499991212193  -0.4  -1.2  1.75756141974e-05  0.0                1460.0  7.94829174709  -1.31772351375  -2.25104981684
0.266666666667  -0.933333333333  0.666666666667  0.500009206274  0.0                0.499990793726  -0.4  -1.2  1.8412548207e-05   0.0                1470.0  7.8942217352   -1.3177226725   -2.25104864081
0.266666666667  -0.933333333333  0.666666666667  0.500008787807  0.0                0.499991212193  -0.4  -1.2  1.75756141974e-05  0.0                1480.0  7.84088239916  -1.31772351375  -2.25104981684
0.266666666667  -0.933333333333  0.666666666667  0.500009066785  0.0                0.499990933215  -0.4  -1.2  1.8133570205e-05   0.0                1490.0  7.78825902735  -1.31772295292  -2.25104903282
0.266666666667  -0.933333333333  0.666666666667  0.500011577587  0.0                0.499988422413  -0.4  -1.2  2.31551742617e-05  0.0                1500.0  7.7363373005   -1.31771790542  -2.25104197668
0.266666666667  -0.933333333333  0.666666666667  0.500008648318  0.0                0.499991351682  -0.4  -1.2  1.72966361953e-05  0.0                1510.0  7.68510327864  -1.31772379417  -2.25105020885
0.266666666667  -0.933333333333  0.666666666667  0.500012972477  0.0                0.499987027523  -0.4  -1.2  2.5944954293e-05   0.0                1520.0  7.63454338865  -1.31771510125  -2.2510380566
0.266666666667  -0.933333333333  0.666666666667  0.500013390944  0.0                0.499986609056  -0.4  -1.2  2.67818883009e-05  0.0                1530.0  7.58464441225  -1.31771426     -2.25103688058
0.266666666667  -0.933333333333  0.666666666667  0.500014088389  0.0                0.499985911611  -0.4  -1.2  2.81767783175e-05  0.0                1540.0  7.53539347451  -1.31771285792  -2.25103492054
0.266666666667  -0.933333333333  0.666666666667  0.500013530433  0.0                0.499986469567  -0.4  -1.2  2.70608663047e-05  0.0                1550.0  7.48677803274  -1.31771397958  -2.25103648857
0.266666666667  -0.933333333333  0.666666666667  0.500013530433  0.0                0.499986469567  -0.4  -1.2  2.70608663047e-05  0.0                1560.0  7.43878586587  -1.31771397958  -2.25103648857
0.266666666667  -0.933333333333  0.666666666667  0.500013669922  0.0                0.499986330078  -0.4  -1.2  2.73398443085e-05  0.0                1570.0  7.39140506417  -1.31771369917  -2.25103609656
0.266666666667  -0.933333333333  0.666666666667  0.500018831015  0.0                0.499981168985  -0.4  -1.2  3.7662030424e-05   0.0                1580.0  7.34462401946  -1.31770332375  -2.25102159227
0.266666666667  -0.933333333333  0.666666666667  0.500022178751  1.39489001953e-07  0.49997768176   -0.4  -1.2  4.4636480503e-05   2.78978003906e-07  1590.0  7.29843141557  -1.31769601783  -2.2510111618
0.266666666667  -0.933333333333  0.666666666667  0.500022457729  0.0                0.499977542271  -0.4  -1.2  4.49154585058e-05  0.0                1600.0  7.25281621922  -1.31769603473  -2.25101140188
0.266666666667  -0.933333333333  0.666666666667  0.500019388971  0.0                0.499980611029  -0.4  -1.2  3.87779424376e-05  0.0                1610.0  7.20776767127  -1.31770220208  -2.25102002424
0.266666666667  -0.933333333333  0.666666666667  0.500021062839  0.0                0.499978937161  -0.4  -1.2  4.21256784745e-05  0.0                1620.0  7.16327527824  -1.31769883708  -2.25101532014
0.266666666667  -0.933333333333  0.666666666667  0.500026921377  0.0                0.499973078623  -0.4  -1.2  5.38427546064e-05  0.0                1630.0  7.11932880414  -1.31768705958  -2.25099885581
0.266666666667  -0.933333333333  0.666666666667  0.500025526487  0.0                0.499974473513  -0.4  -1.2  5.10529745741e-05  0.0                1640.0  7.07591826265  -1.31768986375  -2.25100277589
0.266666666667  -0.933333333333  0.666666666667  0.500025247509  0.0                0.499974752491  -0.4  -1.2  5.04950185682e-05  0.0                1650.0  7.03303390954  -1.31769042458  -2.25100355991
0.266666666667  -0.933333333333  0.666666666667  0.500023015685  0.0                0.499976984315  -0.4  -1.2  4.60313705175e-05  0.0                1660.0  6.99066623539  -1.31769491125  -2.25100983203
0.266666666667  -0.933333333333  0.666666666667  0.500027479333  0.0                0.499972520667  -0.4  -1.2  5.49586666192e-05  0.0                1670.0  6.94880595853  -1.3176859429   -2.25099729276
0.266666666667  -0.933333333333  0.666666666667  0.500028734734  1.39489001953e-07  0.499971125777  -0.4  -1.2  5.77484466502e-05  2.78978003906e-07  1680.0  6.9074440183   -1.31768283825  -2.25099273743
0.266666666667  -0.933333333333  0.666666666667  0.500037243563  0.0                0.499962756437  -0.4  -1.2  7.44871268399e-05  0.0                1690.0  6.86657156849  -1.31766630838  -2.25096984686
0.266666666667  -0.933333333333  0.666666666667  0.500032361448  2.7897800293e-07   0.499967359574  -0.4  -1.2  6.52808527343e-05  5.57956005859e-07  1700.0  6.82617997103  -1.3176749715   -2.25098152294
0.266666666667  -0.933333333333  0.666666666667  0.500036546118  0.0                0.499963453882  -0.4  -1.2  7.30922368241e-05  0.0                1710.0  6.78626078991  -1.31766771083  -2.25097180727
0.266666666667  -0.933333333333  0.666666666667  0.500031942981  1.39489001953e-07  0.49996791753   -0.4  -1.2  6.41649407226e-05  2.78978003906e-07  1720.0  6.74680578532  -1.31767639048  -2.25098372306
0.266666666667  -0.933333333333  0.666666666667  0.500037522541  1.39489001953e-07  0.49996233797   -0.4  -1.2  7.53240608487e-05  2.78978003906e-07  1730.0  6.70780690795  -1.317665172    -2.25096804093
0.266666666667  -0.933333333333  0.666666666667  0.500048681662  1.39489001953e-07  0.499951178849  -0.4  -1.2  9.76423011006e-05  2.78978003906e-07  1740.0  6.66925629353  -1.31764274138  -2.25093668302
0.266666666667  -0.933333333333  0.666666666667  0.500044357502  1.39489001953e-07  0.499955503008  -0.4  -1.2  8.89939830029e-05  2.78978003906e-07  1750.0  6.63114625757  -1.31765143339  -2.25094883436
0.266666666667  -0.933333333333  0.666666666667  0.500047007794  5.57956005859e-07  0.49995243425   -0.4  -1.2  9.51314990713e-05  1.11591201172e-06  1760.0  6.5934692902   -1.31764437554  -2.25093831718
0.266666666667  -0.933333333333  0.666666666667  0.500043381079  4.18467004883e-07  0.499956200454  -0.4  -1.2  8.75990929862e-05  8.36934009766e-07  1770.0  6.55621805127  -1.31765224266  -2.25094953204
0.266666666667  -0.933333333333  0.666666666667  0.500051052975  1.39489001953e-07  0.499948807536  -0.4  -1.2  0.000102384927153  2.78978003906e-07  1780.0  6.51938536559  -1.31763796968  -2.25093001426
0.266666666667  -0.933333333333  0.666666666667  0.500052168887  2.7897800293e-07   0.499947552135  -0.4  -1.2  0.000104895729182  5.57956005859e-07  1790.0  6.4829642183   -1.31763514862  -2.25092585412
0.266666666667  -0.933333333333  0.666666666667  0.500054400711  1.39489001953e-07  0.4999454598    -0.4  -1.2  0.000109080399229  2.78978003906e-07  1800.0  6.44694775042  -1.31763124656  -2.25092061296
0.266666666667  -0.933333333333  0.666666666667  0.500062630562  0.0                0.499937369438  -0.4  -1.2  0.00012526112341   0.0                1810.0  6.41132925456  -1.31761527254  -2.25089850143
0.266666666667  -0.933333333333  0.666666666667  0.500062212095  5.57956005859e-07  0.499937229949  -0.4  -1.2  0.000125540101414  1.11591201172e-06  1820.0  6.37610217074  -1.31761381548  -2.25089559367
0.266666666667  -0.933333333333  0.666666666667  0.500065141364  4.18467004883e-07  0.499934440169  -0.4  -1.2  0.000131119661477  8.36934009766e-07  1830.0  6.34126008238  -1.317608445    -2.25088832615
0.266666666667  -0.933333333333  0.666666666667  0.50007406866   0.0                0.49992593134   -0.4  -1.2  0.000148137319668  0.0                1840.0  6.30679671236  -1.31759228908  -2.25086636748
0.266666666667  -0.933333333333  0.666666666667  0.500074626616  1.39489001953e-07  0.499925233895  -0.4  -1.2  0.000149532209684  2.78978003906e-07  1850.0  6.27270591932  -1.31759056471  -2.25086375039
0.266666666667  -0.933333333333  0.666666666667  0.500080764132  1.39489001953e-07  0.499919096379  -0.4  -1.2  0.000161807241823  2.78978003906e-07  1860.0  6.23898169395  -1.31757824744  -2.2508465231
0.266666666667  -0.933333333333  0.666666666667  0.500091086318  2.7897800293e-07   0.499908634704  -0.4  -1.2  0.000182730592059  5.57956005859e-07  1870.0  6.20561815548  -1.31755691507  -2.25081648662
0.266666666667  -0.933333333333  0.666666666667  0.50008383289   8.36934009766e-07  0.499915330176  -0.4  -1.2  0.000169339647908  1.67386801953e-06  1880.0  6.17260954827  -1.31756919408  -2.25083278291
0.266666666667  -0.933333333333  0.666666666667  0.50009220223   1.25540101367e-06  0.499906542369  -0.4  -1.2  0.000186915262105  2.51080202734e-06  1890.0  6.13995023849  -1.31755064769  -2.25080620196
0.266666666667  -0.933333333333  0.666666666667  0.500095828944  0.0                0.499904171056  -0.4  -1.2  0.000191657888158  0.0                1900.0  6.10763471092  -1.31754853263  -2.25080520281
0.266666666667  -0.933333333333  0.666666666667  0.5001103358    0.0                0.4998896642    -0.4  -1.2  0.000220671600486  0.0                1910.0  6.07565756584  -1.3175193801   -2.2507644448
0.266666666667  -0.933333333333  0.666666666667  0.500103500839  1.1159120127e-06   0.499895383249  -0.4  -1.2  0.000209233502357  2.23182402539e-06  1920.0  6.04401351602  -1.31752850837  -2.25077547011
0.266666666667  -0.933333333333  0.666666666667  0.500105732663  1.39489001953e-07  0.499894127848  -0.4  -1.2  0.000211744304386  2.78978003906e-07  1930.0  6.01269738381  -1.31752804787  -2.25077634871
0.266666666667  -0.933333333333  0.666666666667  0.500112288646  9.76423010742e-07  0.499886734931  -0.4  -1.2  0.000226530138551  1.95284602148e-06  1940.0  5.98170409833  -1.31751140819  -2.25075178606
0.266666666667  -0.933333333333  0.666666666667  0.500118286673  5.57956005859e-07  0.499881155371  -0.4  -1.2  0.000237689258677  1.11591201172e-06  1950.0  5.95102869269  -1.31750108902  -2.25073800756
0.266666666667  -0.933333333333  0.666666666667  0.50012567959   4.18467004883e-07  0.499873901943  -0.4  -1.2  0.000252196114841  8.36934009766e-07  1960.0  5.9206663014   -1.31748679721  -2.25071824778
0.266666666667  -0.933333333333  0.666666666667  0.500127771925  1.39489001563e-06  0.499870833185  -0.4  -1.2  0.00025833363091   2.78978003125e-06  1970.0  5.89061215774  -1.31747852232  -2.25070517447
0.266666666667  -0.933333333333  0.666666666667  0.50013265404   5.57956005859e-07  0.499866788003  -0.4  -1.2  0.000266423993001  1.11591201172e-06  1980.0  5.86086159129  -1.31747220508  -2.25069762973
0.266666666667  -0.933333333333  0.666666666667  0.500136280755  1.1159120127e-06   0.499862603333  -0.4  -1.2  0.000274793333096  2.23182402539e-06  1990.0  5.8314100255   -1.31746261675  -2.25068335456
0.266666666667  -0.933333333333  0.666666666667  0.500145766007  1.81335702051e-06  0.499852420636  -0.4  -1.2  0.000295158727324  3.62671404102e-06  2000.0  5.80225297537  -1.31744061538  -2.25065153317
0.266666666667  -0.933333333333  0.666666666667  0.500147160897  2.7897800293e-07   0.499852560125  -0.4  -1.2  0.000294879749321  5.57956005859e-07  2010.0  5.77338604515  -1.31744420962  -2.2506589215
0.266666666667  -0.933333333333  0.666666666667  0.50015371688   2.09233502344e-06  0.499844190785  -0.4  -1.2  0.00031161842951   4.18467004688e-06  2020.0  5.74480492611  -1.31742352517  -2.25062718953
0.266666666667  -0.933333333333  0.666666666667  0.500163620599  8.36934009766e-07  0.499835542467  -0.4  -1.2  0.000328915065705  1.67386801953e-06  2030.0  5.71650539446  -1.31740880473  -2.2506085634
0.266666666667  -0.933333333333  0.666666666667  0.500173105851  2.51080202832e-06  0.499824383347  -0.4  -1.2  0.000351233305957  5.02160405664e-06  2040.0  5.68848330919  -1.3173828224   -2.25056963649
0.266666666667  -0.933333333333  0.666666666667  0.500177987966  1.1159120127e-06   0.499820896122  -0.4  -1.2  0.000358207756035  2.23182402539e-06  2050.0  5.66073461012  -1.31737876909  -2.25056614113
0.266666666667  -0.933333333333  0.666666666667  0.500177848477  6.97445007813e-07  0.499821454078  -0.4  -1.2  0.000357091844022  1.39489001563e-06  2060.0  5.6332553159   -1.31738072673  -2.25056954946
0.266666666667  -0.933333333333  0.666666666667  0.500182730592  1.81335702051e-06  0.499815456051  -0.4  -1.2  0.000369087898158  3.62671404102e-06  2070.0  5.6060415221   -1.31736630769  -2.25054765381
0.266666666667  -0.933333333333  0.666666666667  0.50019835336   1.67386801855e-06  0.499799972772  -0.4  -1.2  0.000400054456506  3.34773603711e-06  2080.0  5.5790893994   -1.31733550031  -2.25050479458
0.266666666667  -0.933333333333  0.666666666667  0.500191936866  4.18467004883e-07  0.499807644667  -0.4  -1.2  0.000384710666334  8.36934009766e-07  2090.0  5.55239519175  -1.31735361075  -2.2505320555
0.266666666667  -0.933333333333  0.666666666667  0.50023057532   1.95284602246e-06  0.499767471834  -0.4  -1.2  0.000465056331239  3.90569204492e-06  2100.0  5.52595521464  -1.31726954577  -2.25041216974
0.266666666667  -0.933333333333  0.666666666667  0.500233086122  2.9292690332e-06   0.499763984609  -0.4  -1.2  0.000472030781317  5.85853806641e-06  2110.0  5.49976585344  -1.31726038369  -2.25039787446
0.266666666667  -0.933333333333  0.666666666667  0.50021509204   1.81335702051e-06  0.499783094603  -0.4  -1.2  0.000433810794887  3.62671404102e-06  2120.0  5.47382356168  -1.31730132785  -2.25045678481
0.266666666667  -0.933333333333  0.666666666667  0.500228622474  2.78978003125e-06  0.499768587746  -0.4  -1.2  0.000462824507213  5.5795600625e-06   2130.0  5.44812485951  -1.31727007946  -2.25041158752
0.266666666667  -0.933333333333  0.666666666667  0.50025010378   1.39489001563e-06  0.49974850133   -0.4  -1.2  0.000502997339666  2.78978003125e-06  2140.0  5.42266633213  -1.3172325811   -2.25036136776
0.266666666667  -0.933333333333  0.666666666667  0.500255125384  4.74262605371e-06  0.49974013199   -0.4  -1.2  0.000519736019855  9.48525210742e-06  2150.0  5.39744462826  -1.31720873879  -2.25032279541
0.266666666667  -0.933333333333  0.666666666667  0.500265168592  3.62671404102e-06  0.499731204694  -0.4  -1.2  0.000537590612056  7.25342808203e-06  2160.0  5.37245645868  -1.31719300412  -2.25030259709
0.266666666667  -0.933333333333  0.666666666667  0.500255543851  1.53437901758e-06  0.49974292177   -0.4  -1.2  0.000514156459792  3.06875803516e-06  2170.0  5.34769859482  -1.31722101146  -2.2503449997
0.266666666667  -0.933333333333  0.666666666667  0.500261541878  2.37131302637e-06  0.499736086809  -0.4  -1.2  0.000527826381945  4.74262605273e-06  2180.0  5.32316786732  -1.3172056483   -2.25032215993
0.266666666667  -0.933333333333  0.666666666667  0.500284557563  4.18467004688e-06  0.499711257767  -0.4  -1.2  0.000577484466504  8.36934009375e-06  2190.0  5.29886116473  -1.31715181577  -2.25024411211
0.266666666667  -0.933333333333  0.666666666667  0.500304643979  4.74262605371e-06  0.499690613395  -0.4  -1.2  0.000618773210971  9.48525210742e-06  2200.0  5.27477543216  -1.31710915303  -2.25018359478
0.266666666667  -0.933333333333  0.666666666667  0.500309805072  2.51080202832e-06  0.499687684125  -0.4  -1.2  0.000624631749035  5.02160405664e-06  2210.0  5.25090767002  -1.31710781399  -2.2501852687
0.266666666667  -0.933333333333  0.666666666667  0.500302691133  3.34773603809e-06  0.499693961131  -0.4  -1.2  0.000612077738895  6.69547207617e-06  2220.0  5.22725493277  -1.31711893321  -2.25019940089
0.266666666667  -0.933333333333  0.666666666667  0.500347746081  3.34773603809e-06  0.499648906183  -0.4  -1.2  0.00070218763391   6.69547207617e-06  2230.0  5.20381432769  -1.31702811966  -2.25007254338
0.266666666667  -0.933333333333  0.666666666667  0.500342166521  3.62671404102e-06  0.499654206765  -0.4  -1.2  0.000691586469791  7.25342808203e-06  2240.0  5.18058301373  -1.31703832851  -2.25008632315
0.266666666667  -0.933333333333  0.666666666667  0.50036043958   5.99802706738e-06  0.499633562393  -0.4  -1.2  0.000732875214255  1.19960541348e-05  2250.0  5.15755820033  -1.3169918885   -2.25001767648
0.266666666667  -0.933333333333  0.666666666667  0.500362252937  3.34773603809e-06  0.499634399327  -0.4  -1.2  0.000731201346236  6.69547207617e-06  2260.0  5.13473714635  -1.31699912619  -2.25003194441
0.266666666667  -0.933333333333  0.666666666667  0.50036601914   5.02160405664e-06  0.499628959256  -0.4  -1.2  0.000742081488359  1.00432081133e-05  2270.0  5.11211715892  -1.31698470325  -2.25000915214
0.266666666667  -0.933333333333  0.666666666667  0.500372854101  5.30058205957e-06  0.499621845317  -0.4  -1.2  0.00075630936652   1.06011641191e-05  2280.0  5.08969559243  -1.31696974032  -2.24998782851
0.266666666667  -0.933333333333  0.666666666667  0.500402844237  5.71904906445e-06  0.499591436714  -0.4  -1.2  0.000817126571205  1.14380981289e-05  2290.0  5.06746984749  -1.31690761735  -2.24990037433
0.266666666667  -0.933333333333  0.666666666667  0.500414142846  7.95087308984e-06  0.499577906281  -0.4  -1.2  0.00084418743751   1.59017461797e-05  2300.0  5.04543736989  -1.31687561133  -2.24985218759
0.266666666667  -0.933333333333  0.666666666667  0.500408563286  5.30058205957e-06  0.499586136132  -0.4  -1.2  0.000827727735323  1.06011641191e-05  2310.0  5.02359564968  -1.31689790272  -2.24988742356
0.266666666667  -0.933333333333  0.666666666667  0.500434926707  6.41649407227e-06  0.499558656799  -0.4  -1.2  0.000882686401943  1.28329881445e-05  2320.0  5.00194222015  -1.31684016935  -2.24980502854
0.266666666667  -0.933333333333  0.666666666667  0.500463103485  6.6954720752e-06   0.499530201043  -0.4  -1.2  0.000939597914584  1.33909441504e-05  2330.0  4.98047465697  -1.31678255011  -2.24972397515
0.266666666667  -0.933333333333  0.666666666667  0.50045822137   6.55598307422e-06  0.499535222647  -0.4  -1.2  0.000929554706471  1.31119661484e-05  2340.0  4.95919057724  -1.31679293677  -2.24973871386
0.266666666667  -0.933333333333  0.666666666667  0.500471472825  7.67189508594e-06  0.49952085528   -0.4  -1.2  0.000958289440794  1.53437901719e-05  2350.0  4.93808763862  -1.3167612629   -2.24969286791
0.266666666667  -0.933333333333  0.666666666667  0.500488629973  7.11393908008e-06  0.499504256088  -0.4  -1.2  0.000991487823168  1.42278781602e-05  2360.0  4.91716353845  -1.31672950588  -2.24964917063
0.266666666667  -0.933333333333  0.666666666667  0.500484166324  5.85853806641e-06  0.499509975137  -0.4  -1.2  0.00098004972504   1.17170761328e-05  2370.0  4.89641601298  -1.31674358346  -2.24967083641
0.266666666667  -0.933333333333  0.666666666667  0.500522246822  8.78780709863e-06  0.499468965371  -0.4  -1.2  0.00106206925796   1.75756141973e-05  2380.0  4.87584283645  -1.31665493234  -2.24954234723
0.266666666667  -0.933333333333  0.666666666667  0.500551260534  7.11393908008e-06  0.499441625527  -0.4  -1.2  0.00111674894658   1.42278781602e-05  2390.0  4.8554418204   -1.31660325479  -2.24947281509
0.266666666667  -0.933333333333  0.666666666667  0.500531313607  1.07406531211e-05  0.49945794574   -0.4  -1.2  0.00108410852021   2.14813062422e-05  2400.0  4.83521081281  -1.3166285982   -2.24950251055
