#mu0  mu1  mu2  x0              x1                 x2              mua   mub  xa                  xb                 T       b              u               phi
-0.3  0.1  0.2  0.5             0.0                0.5             -0.5  0.4  0.0                 0.0                30.0    386.816865025  -1.31774118     -1.21774118
-0.3  0.1  0.2  0.5             0.0                0.5             -0.5  0.4  0.0                 0.0                40.0    290.112648769  -1.31774118     -1.21774118
-0.3  0.1  0.2  0.5             0.0                0.5             -0.5  0.4  0.0                 0.0                50.0    232.090119015  -1.31774118     -1.21774118
-0.3  0.1  0.2  0.5             0.0                0.5             -0.5  0.4  0.0                 0.0                60.0    193.408432513  -1.31774118     -1.21774118
-0.3  0.1  0.2  0.5             0.0                0.5             -0.5  0.4  0.0                 0.0                70.0    165.778656439  -1.31774118     -1.21774118
-0.3  0.1  0.2  0.5             0.0                0.5             -0.5  0.4  0.0                 0.0                80.0    145.056324384  -1.31774118     -1.21774118
-0.3  0.1  0.2  0.5             0.0                0.5             -0.5  0.4  0.0                 0.0                90.0    128.938955008  -1.31774118     -1.21774118
-0.3  0.1  0.2  0.5             0.0                0.5             -0.5  0.4  0.0                 0.0                100.0   116.045059507  -1.31774118     -1.21774118
-0.3  0.1  0.2  0.5             0.0                0.5             -0.5  0.4  0.0                 0.0                110.0   105.495508643  -1.31774118     -1.21774118
-0.3  0.1  0.2  0.5             0.0                0.5             -0.5  0.4  0.0                 0.0                120.0   96.7042162563  -1.31774118     -1.21774118
-0.3  0.1  0.2  0.5             0.0                0.5             -0.5  0.4  0.0                 0.0                130.0   89.2654303904  -1.31774118     -1.21774118
-0.3  0.1  0.2  0.5             0.0                0.5             -0.5  0.4  0.0                 0.0                140.0   82.8893282196  -1.31774118     -1.21774118
-0.3  0.1  0.2  0.5             0.0                0.5             -0.5  0.4  0.0                 0.0                150.0   77.363373005   -1.31774118     -1.21774118
-0.3  0.1  0.2  0.5             0.0                0.5             -0.5  0.4  0.0                 0.0                160.0   72.5281621922  -1.31774118     -1.21774118
-0.3  0.1  0.2  0.5             0.0                0.5             -0.5  0.4  0.0                 0.0                170.0   68.2617997103  -1.31774118     -1.21774118
-0.3  0.1  0.2  0.5             0.0                0.5             -0.5  0.4  0.0                 0.0                180.0   64.4694775042  -1.31774118     -1.21774118
-0.3  0.1  0.2  0.5             0.0                0.5             -0.5  0.4  0.0                 0.0                190.0   61.0763471092  -1.31774118     -1.21774118
-0.3  0.1  0.2  0.5             0.0                0.5             -0.5  0.4  0.0                 0.0                200.0   58.0225297537  -1.31774118     -1.21774118
-0.3  0.1  0.2  0.5             0.0                0.5             -0.5  0.4  0.0                 0.0                210.0   55.2595521464  -1.31774118     -1.21774118
-0.3  0.1  0.2  0.5             0.0                0.5             -0.5  0.4  0.0                 0.0                220.0   52.7477543216  -1.31774118     -1.21774118
-0.3  0.1  0.2  0.5             0.0                0.5             -0.5  0.4  0.0                 0.0                230.0   50.4543736989  -1.31774118     -1.21774118
-0.3  0.1  0.2  0.5             0.0                0.5             -0.5  0.4  0.0                 0.0                240.0   48.3521081281  -1.31774118     -1.21774118
-0.3  0.1  0.2  0.5             0.0                0.5             -0.5  0.4  0.0                 0.0                250.0   46.418023803   -1.31774118     -1.21774118
-0.3  0.1  0.2  0.5             0.0                0.5             -0.5  0.4  0.0                 0.0                260.0   44.6327151952  -1.31774118     -1.21774118
-0.3  0.1  0.2  0.5             0.0                0.5             -0.5  0.4  0.0                 0.0                270.0   42.9796516694  -1.31774118     -1.21774118
-0.3  0.1  0.2  0.5             0.0                0.5             -0.5  0.4  0.0                 0.0                280.0   41.4446641098  -1.31774118     -1.21774118
-0.3  0.1  0.2  0.5             0.0                0.5             -0.5  0.4  0.0                 0.0                290.0   40.0155377612  -1.31774118     -1.21774118
-0.3  0.1  0.2  0.5             0.0                0.5             -0.5  0.4  0.0                 0.0                300.0   38.6816865025  -1.31774118     -1.21774118
-0.3  0.1  0.2  0.5             0.0                0.5             -0.5  0.4  0.0                 0.0                310.0   37.4338901637  -1.31774118     -1.21774118
-0.3  0.1  0.2  0.5             0.0                0.5             -0.5  0.4  0.0                 0.0                320.0   36.2640810961  -1.31774118     -1.21774118
-0.3  0.1  0.2  0.5             0.0                0.5             -0.5  0.4  0.0                 0.0                330.0   35.1651695477  -1.31774118     -1.21774118
-0.3  0.1  0.2  0.5             0.0                0.5             -0.5  0.4  0.0                 0.0                340.0   34.1308998551  -1.31774118     -1.21774118
-0.3  0.1  0.2  0.5             0.0                0.5             -0.5  0.4  0.0                 0.0                350.0   33.1557312879  -1.31774118     -1.21774118
-0.3  0.1  0.2  0.5             0.0                0.5             -0.5  0.4  0.0                 0.0                360.0   32.2347387521  -1.31774118     -1.21774118
-0.3  0.1  0.2  0.5             0.0                0.5             -0.5  0.4  0.0                 0.0                370.0   31.3635295966  -1.31774118     -1.21774118
-0.3  0.1  0.2  0.5             0.0                0.5             -0.5  0.4  0.0                 0.0                380.0   30.5381735546  -1.31774118     -1.21774118
-0.3  0.1  0.2  0.5             0.0                0.5             -0.5  0.4  0.0                 0.0                390.0   29.7551434635  -1.31774118     -1.21774118
-0.3  0.1  0.2  0.5             0.0                0.5             -0.5  0.4  0.0                 0.0                400.0   29.0112648769  -1.31774118     -1.21774118
-0.3  0.1  0.2  0.5             0.0                0.5             -0.5  0.4  0.0                 0.0                410.0   28.3036730506  -1.31774118     -1.21774118
-0.3  0.1  0.2  0.5             0.0                0.5             -0.5  0.4  0.0                 0.0                420.0   27.6297760732  -1.31774118     -1.21774118
-0.3  0.1  0.2  0.5             0.0                0.5             -0.5  0.4  0.0                 0.0                430.0   26.9872231413  -1.31774118     -1.21774118
-0.3  0.1  0.2  0.5             0.0                0.5             -0.5  0.4  0.0                 0.0                440.0   26.3738771608  -1.31774118     -1.21774118
-0.3  0.1  0.2  0.5             0.0                0.5             -0.5  0.4  0.0                 0.0                450.0   25.7877910017  -1.31774118     -1.21774118
-0.3  0.1  0.2  0.5             0.0                0.5             -0.5  0.4  0.0                 0.0                460.0   25.2271868495  -1.31774118     -1.21774118
-0.3  0.1  0.2  0.499999860511  1.39489001953e-07  0.5             -0.5  0.4  4.84892480985e-17   2.78978003906e-07  470.0   24.6904381931  -1.3177408845   -1.21774099609
-0.3  0.1  0.2  0.5             0.0                0.5             -0.5  0.4  0.0                 0.0                480.0   24.1760540641  -1.31774118     -1.21774118
-0.3  0.1  0.2  0.5             0.0                0.5             -0.5  0.4  0.0                 0.0                490.0   23.6826652056  -1.31774118     -1.21774118
-0.3  0.1  0.2  0.5             0.0                0.5             -0.5  0.4  0.0                 0.0                500.0   23.2090119015  -1.31774118     -1.21774118
-0.3  0.1  0.2  0.499999581533  4.18467004883e-07  0.5             -0.5  0.4  5.70836678978e-17   8.36934009766e-07  510.0   22.7539332368  -1.3177402935   -1.21774062827
-0.3  0.1  0.2  0.499999442044  5.57956005859e-07  0.5             -0.5  0.4  1.71888395986e-17   1.11591201172e-06  520.0   22.3163575976  -1.317739998    -1.21774044436
-0.3  0.1  0.2  0.5             0.0                0.5             -0.5  0.4  0.0                 0.0                530.0   21.8952942467  -1.31774118     -1.21774118
-0.3  0.1  0.2  0.499999302555  6.97445007813e-07  0.5             -0.5  0.4  6.56780876972e-17   1.39489001563e-06  540.0   21.4898258347  -1.3177397025   -1.21774026045
-0.3  0.1  0.2  0.499999442044  5.57956005859e-07  0.5             -0.5  0.4  1.71888395986e-17   1.11591201172e-06  550.0   21.0991017286  -1.317739998    -1.21774044436
-0.3  0.1  0.2  0.499999581533  4.18467004883e-07  0.5             -0.5  0.4  5.70836678978e-17   8.36934009766e-07  560.0   20.7223320549  -1.3177402935   -1.21774062827
-0.3  0.1  0.2  0.5             0.0                0.5             -0.5  0.4  0.0                 0.0                570.0   20.3587823697  -1.31774118     -1.21774118
-0.3  0.1  0.2  0.499998744599  1.25540101367e-06  0.5             -0.5  0.4  8.28669272958e-17   2.51080202734e-06  580.0   20.0077688806  -1.3177385205   -1.21773952482
-0.3  0.1  0.2  0.49999860511   1.39489001563e-06  0.5             -0.5  0.4  2.03338729318e-17   2.78978003125e-06  590.0   19.6686541538  -1.317738225    -1.21773934091
-0.3  0.1  0.2  0.49999721022   2.78978003125e-06  0.5             -0.5  0.4  4.06677458636e-17   5.5795600625e-06   600.0   19.3408432512  -1.31773526999  -1.21773750182
-0.3  0.1  0.2  0.499997628687  2.37131302637e-06  0.5             -0.5  0.4  -1.64159220343e-17  4.74262605273e-06  610.0   19.0237802471  -1.3177361565   -1.21773805355
-0.3  0.1  0.2  0.499996512775  3.48722503906e-06  0.5             -0.5  0.4  -4.67646890179e-18  6.97445007813e-06  620.0   18.7169450819  -1.31773379249  -1.21773658227
-0.3  0.1  0.2  0.499999442044  5.57956005859e-07  0.5             -0.5  0.4  1.71888395986e-17   1.11591201172e-06  630.0   18.4198507155  -1.317739998    -1.21774044436
-0.3  0.1  0.2  0.499997070731  2.9292690332e-06   0.5             -0.5  0.4  -2.18653085004e-17  5.85853806641e-06  640.0   18.132040548   -1.31773497449  -1.21773731791
-0.3  0.1  0.2  0.499996652264  3.34773603809e-06  0.5             -0.5  0.4  -7.58039430651e-17  6.69547207617e-06  650.0   17.8530860781  -1.31773408799  -1.21773676618
-0.3  0.1  0.2  0.499995396863  4.60313705176e-06  0.5             -0.5  0.4  7.06256071421e-18   9.20627410352e-06  660.0   17.5825847739  -1.31773142849  -1.217735111
-0.3  0.1  0.2  0.499996791753  3.20824703613e-06  0.5             -0.5  0.4  -1.32708887011e-17  6.41649407227e-06  670.0   17.3201581354  -1.31773438349  -1.21773695009
-0.3  0.1  0.2  0.499994280951  5.71904906445e-06  0.5             -0.5  0.4  1.88024373632e-17   1.14380981289e-05  680.0   17.0654499276  -1.31772906449  -1.21773363973
-0.3  0.1  0.2  0.499994978396  5.02160405664e-06  0.5             -0.5  0.4  6.41466521285e-17   1.00432081133e-05  690.0   16.8181245663  -1.31773054199  -1.21773455927
-0.3  0.1  0.2  0.499991491171  8.5088290957e-06   0.5             -0.5  0.4  -5.15521192358e-17  1.70176581914e-05  700.0   16.5778656439  -1.31772315432  -1.21772996138
-0.3  0.1  0.2  0.499985214166  1.4785834167e-05   0.5             -0.5  0.4  -3.81994918553e-17  2.9571668334e-05   710.0   16.3443745785  -1.31770985423  -1.2177216829
-0.3  0.1  0.2  0.49998884088   1.1159120126e-05   0.5             -0.5  0.4  2.90091843776e-17   2.2318240252e-05   720.0   16.117369376   -1.31771753998  -1.21772646727
-0.3  0.1  0.2  0.499983679787  1.63202131836e-05  0.5             -0.5  0.4  5.32614317234e-17   3.26404263672e-05  730.0   15.8965834942  -1.31770660567  -1.21771966184
-0.3  0.1  0.2  0.499981587452  1.8412548207e-05   0.5             -0.5  0.4  2.82502428568e-17   3.68250964141e-05  740.0   15.6817647983  -1.31770217396  -1.217716904
-0.3  0.1  0.2  0.499978518694  2.14813062422e-05  0.5             -0.5  0.4  -5.61481200076e-17  4.29626124844e-05  750.0   15.472674601   -1.31769567296  -1.217712858
-0.3  0.1  0.2  0.499979634606  2.03653942295e-05  0.5             -0.5  0.4  4.3134305806e-17    4.0730788459e-05   760.0   15.2690867773  -1.31769803696  -1.21771432928
-0.3  0.1  0.2  0.499975310447  2.46895532783e-05  0.5             -0.5  0.4  4.16028702373e-17   4.93791065566e-05  770.0   15.070786949   -1.31768887645  -1.21770862809
-0.3  0.1  0.2  0.49997489198   2.51080202832e-05  0.5             -0.5  0.4  -1.23361878438e-17  5.02160405664e-05  780.0   14.8775717317  -1.3176879939   -1.21770808032
-0.3  0.1  0.2  0.499968057019  3.19429813594e-05  0.5             -0.5  0.4  4.08473168484e-17   6.38859627188e-05  790.0   14.6892480389  -1.31767351132  -1.21769906571
-0.3  0.1  0.2  0.49997070731   2.92926903301e-05  0.5             -0.5  0.4  4.86671250174e-17   5.85853806602e-05  800.0   14.5056324384  -1.3176791267   -1.21770256085
-0.3  0.1  0.2  0.499955363519  4.46364805029e-05  0.5             -0.5  0.4  2.7653931662e-17    8.92729610059e-05  810.0   14.3265505565  -1.31764661806  -1.21768232724
-0.3  0.1  0.2  0.499956339943  4.36600574922e-05  0.5             -0.5  0.4  -4.66139171533e-17  8.73201149844e-05  820.0   14.1518365253  -1.31764868819  -1.21768361624
-0.3  0.1  0.2  0.499948807536  5.11924635762e-05  0.5             -0.5  0.4  -3.87805564571e-17  0.000102384927152  830.0   13.9813324708  -1.31763274754  -1.21767370151
-0.3  0.1  0.2  0.49994964447   5.03555295674e-05  0.5             -0.5  0.4  -6.45642393715e-17  0.000100711059135  840.0   13.8148880366  -1.3176344635   -1.21767474792
-0.3  0.1  0.2  0.499931789878  6.82101217686e-05  0.5             -0.5  0.4  -5.35053772122e-17  0.000136420243537  850.0   13.6523599421  -1.31759668085  -1.21765124895
-0.3  0.1  0.2  0.499932208345  6.77916547637e-05  0.5             -0.5  0.4  4.33680868994e-19   0.000135583309527  860.0   13.4936115706  -1.3175975782   -1.21765181152
-0.3  0.1  0.2  0.499922444115  7.7555884874e-05   0.5             -0.5  0.4  9.10729824888e-18   0.000155111769748  870.0   13.3385125871  -1.31757691051  -1.21763895522
-0.3  0.1  0.2  0.499916027621  8.39723789463e-05  0.5             -0.5  0.4  -1.74285499227e-17  0.000167944757893  880.0   13.1869385804  -1.3175633131   -1.217630491
-0.3  0.1  0.2  0.499905147479  9.48525210684e-05  0.5             -0.5  0.4  2.56278288521e-17   0.000189705042137  890.0   13.0387707312  -1.31754028827  -1.21761617028
-0.3  0.1  0.2  0.499897196606  0.000102803394158  0.5             -0.5  0.4  6.79117135791e-17   0.000205606788316  900.0   12.8938955008  -1.31752338534  -1.21760562805
-0.3  0.1  0.2  0.499888687777  0.000111312223254  0.5             -0.5  0.4  1.63579002774e-17   0.000222624446508  910.0   12.7522043415  -1.31750539712  -1.2175944469
-0.3  0.1  0.2  0.499869577784  0.000130422216469  0.5             -0.5  0.4  -7.31836466428e-19  0.000260844432938  920.0   12.6135934247  -1.31746491731  -1.21756925508
-0.3  0.1  0.2  0.499856186839  0.00014381316062   0.5             -0.5  0.4  -5.92787537806e-17  0.00028762632124   930.0   12.4779633879  -1.3174365718   -1.21755162233
-0.3  0.1  0.2  0.499862463844  0.000137536155549  0.5             -0.5  0.4  -7.26144405022e-17  0.000275072311098  940.0   12.3452190965  -1.31744985213  -1.21755988106
-0.3  0.1  0.2  0.499837216335  0.000162783664834  0.5             -0.5  0.4  7.45388993584e-17   0.000325567329668  950.0   12.2152694218  -1.31739639598  -1.21752662291
-0.3  0.1  0.2  0.499817269408  0.000182730592059  0.5             -0.5  0.4  6.06069014419e-17   0.000365461184117  960.0   12.088027032   -1.31735415397  -1.21750033845
-0.3  0.1  0.2  0.499806668244  0.000193331756178  0.5             -0.5  0.4  -1.59648769898e-17  0.000386663512355  970.0   11.9634081967  -1.31733170906  -1.21748637446
-0.3  0.1  0.2  0.499796346058  0.000203653942294  0.5             -0.5  0.4  9.89334482393e-18   0.000407307884588  980.0   11.8413326028  -1.31730979122  -1.21747271437
-0.3  0.1  0.2  0.499790905987  0.000209094013355  0.5             -0.5  0.4  2.01119502996e-17   0.000418188026711  990.0   11.7217231826  -1.3172983026   -1.21746557781
-0.3  0.1  0.2  0.499767332345  0.000232667654621  0.5             -0.5  0.4  -6.10405823109e-17  0.000465335309242  1000.0  11.6045059507  -1.31724840113  -1.21743453525
-0.3  0.1  0.2  0.499736784254  0.000263215745965  0.5             -0.5  0.4  7.04731412116e-17   0.00052643149193   1010.0  11.4896098522  -1.31718371446  -1.21739428705
-0.3  0.1  0.2  0.499721440464  0.000278559536138  0.5             -0.5  0.4  4.9493829174e-17    0.000557119072275  1020.0  11.3769666184  -1.31715118513  -1.21737403276
-0.3  0.1  0.2  0.499694519087  0.000305480913441  0.5             -0.5  0.4  3.52365706058e-18   0.000610961826883  1030.0  11.2665106318  -1.31709426626  -1.21733865099
-0.3  0.1  0.2  0.499704562295  0.000295437705328  0.5             -0.5  0.4  -1.37151574819e-17  0.000590875410656  1040.0  11.1581787988  -1.31711532115  -1.21735167131
-0.3  0.1  0.2  0.499655462166  0.000344537833881  0.5             -0.5  0.4  -2.74845250725e-17  0.000689075667762  1050.0  11.0519104293  -1.31701156139  -1.21728719166
-0.3  0.1  0.2  0.499639420931  0.000360579069062  0.5             -0.5  0.4  1.71846044339e-17   0.000721158138123  1060.0  10.9476471233  -1.31697738427  -1.21726584753
-0.3  0.1  0.2  0.499602874813  0.000397125187474  0.5             -0.5  0.4  -6.85757874097e-17  0.000794250374947  1070.0  10.8453326643  -1.31690010461  -1.21721780476
-0.3  0.1  0.2  0.499566049716  0.000433950283888  0.5             -0.5  0.4  -1.20888542232e-17  0.000867900567775  1080.0  10.7449129174  -1.31682208872  -1.21716924895
-0.3  0.1  0.2  0.499559354244  0.000440645755964  0.5             -0.5  0.4  5.83300768797e-17   0.000881291511928  1090.0  10.6463357346  -1.31680794723  -1.21716046384
-0.3  0.1  0.2  0.499527271774  0.000472728226325  0.5             -0.5  0.4  -7.43762690325e-17  0.00094545645265   1100.0  10.5495508643  -1.31673992985  -1.21711811243
-0.3  0.1  0.2  0.499499234484  0.000500765515641  0.5             -0.5  0.4  2.50450701844e-17   0.00100153103128   1110.0  10.4545098655  -1.31668077283  -1.21708138524
-0.3  0.1  0.2  0.49946073552   0.000539264480074  0.5             -0.5  0.4  -2.30935062739e-17  0.00107852896015   1120.0  10.3611660275  -1.31659930378  -1.21703071536
-0.3  0.1  0.2  0.49943144283   0.000568557170404  0.5             -0.5  0.4  2.55871712707e-17   0.00113711434081   1130.0  10.2694742927  -1.31653733063  -1.21699217637
-0.3  0.1  0.2  0.499392943865  0.000607056134838  0.5             -0.5  0.4  -2.26598254049e-17  0.00121411226968   1140.0  10.1793911849  -1.31645594009  -1.216941585
-0.3  0.1  0.2  0.499363232708  0.000636767292173  0.5             -0.5  0.4  8.30498864124e-17   0.00127353458435   1150.0  10.0908747398  -1.3163927706   -1.21690218444
-0.3  0.1  0.2  0.499307716085  0.0006924234038    0.499999860511  -0.5  0.4  2.789780039e-07     0.0013848468076    1160.0  10.0038844403  -1.31627478358  -1.21682858282
-0.3  0.1  0.2  0.499259034424  0.000741523532353  0.499999442044  -0.5  0.4  1.11591201176e-06   0.00148304706471   1170.0  9.91838115449  -1.31616988384  -1.21676254471
-0.3  0.1  0.2  0.499236716183  0.000763283816598  0.5             -0.5  0.4  2.99239799606e-17   0.0015265676332    1180.0  9.83432707691  -1.31612518487  -1.21673581193
-0.3  0.1  0.2  0.499197938241  0.000802061759034  0.5             -0.5  0.4  -9.75781955237e-18  0.00160412351807   1190.0  9.7516856729   -1.31604309591  -1.21668474531
-0.3  0.1  0.2  0.499129449141  0.000870690347808  0.499999860511  -0.5  0.4  2.78978003914e-07   0.00174138069562   1200.0  9.67042162562  -1.31589766575  -1.21659407854
-0.3  0.1  0.2  0.499108525791  0.000891753187045  0.499999721022  -0.5  0.4  5.57956005834e-07   0.00178350637409   1210.0  9.59050078574  -1.31585278058  -1.21656590415
-0.3  0.1  0.2  0.499072119162  0.000928159816455  0.499999721022  -0.5  0.4  5.5795600681e-07    0.00185631963291   1220.0  9.51189012357  -1.31577543806  -1.21651768693
-0.3  0.1  0.2  0.499013533781  0.000986745197114  0.499999721022  -0.5  0.4  5.57956005931e-07   0.00197349039423   1230.0  9.43455768354  -1.31565148905  -1.21644060623
-0.3  0.1  0.2  0.498957877669  0.00104240130874   0.499999721022  -0.5  0.4  5.57956005828e-07   0.00208480261748   1240.0  9.35847254093  -1.31553386199  -1.21636750406
-0.3  0.1  0.2  0.498902361047  0.00109791793137   0.499999721022  -0.5  0.4  5.57956005876e-07   0.00219583586273   1250.0  9.2836047606   -1.31541692645  -1.21629498182
-0.3  0.1  0.2  0.498835545815  0.00116473316312   0.499999721022  -0.5  0.4  5.57956005825e-07   0.00232946632624   1260.0  9.20992535774  -1.31527534902  -1.21620685657
-0.3  0.1  0.2  0.498793699114  0.00120657986359   0.499999721022  -0.5  0.4  5.57956005923e-07   0.00241315972718   1270.0  9.13740626043  -1.31518641507  -1.21615139998
-0.3  0.1  0.2  0.498709587246  0.00129097070954   0.499999442044  -0.5  0.4  1.11591201172e-06   0.00258194141908   1280.0  9.06602027402  -1.31500658248  -1.21603880109
-0.3  0.1  0.2  0.498647375152  0.00135304331524   0.499999581533  -0.5  0.4  8.36934008777e-07   0.00270608663048   1290.0  8.99574104709  -1.31487664935  -1.21595866554
-0.3  0.1  0.2  0.498611526478  0.00139000790066   0.499998465621  -0.5  0.4  3.06875803523e-06   0.00278001580131   1300.0  8.92654303904  -1.31479598888  -1.21590646083
-0.3  0.1  0.2  0.498571911602  0.0014290648211    0.499999023577  -0.5  0.4  1.9528460214e-06    0.00285812964219   1310.0  8.85840148912  -1.31471415847  -1.2158564339
-0.3  0.1  0.2  0.498503004035  0.00149727494287   0.499999721022  -0.5  0.4  5.57956005853e-07   0.00299454988573   1320.0  8.79129238693  -1.31457132587  -1.21576886684
-0.3  0.1  0.2  0.498442047341  0.00155851061455   0.499999442044  -0.5  0.4  1.11591201167e-06   0.00311702122911   1330.0  8.72519244417  -1.31444211985  -1.21568837039
-0.3  0.1  0.2  0.498376208533  0.0016246284013    0.499999163066  -0.5  0.4  1.67386801949e-06   0.0032492568026    1340.0  8.66007906772  -1.31430138787  -1.21560025365
-0.3  0.1  0.2  0.498315530817  0.001686422029     0.499998047154  -0.5  0.4  3.90569204494e-06   0.00337284405799   1350.0  8.59593033389  -1.31416804253  -1.21551522731
-0.3  0.1  0.2  0.498221794208  0.00177904272604   0.499999163066  -0.5  0.4  1.67386801957e-06   0.00355808545208   1360.0  8.53272496379  -1.31397453532  -1.21539693257
-0.3  0.1  0.2  0.498120106726  0.0018817066312    0.499998186643  -0.5  0.4  3.62671404104e-06   0.00376341326239   1370.0  8.47044229982  -1.31375525765  -1.2152588096
-0.3  0.1  0.2  0.498040179528  0.0019616338291    0.499998186643  -0.5  0.4  3.62671404103e-06   0.00392326765819   1380.0  8.40906228315  -1.31358605753  -1.21515355124
-0.3  0.1  0.2  0.497992055822  0.00200975753464   0.499998186643  -0.5  0.4  3.62671404105e-06   0.00401951506928   1390.0  8.34856543219  -1.3134847216   -1.21509071427
-0.3  0.1  0.2  0.497865957765  0.00213585559206   0.499998186643  -0.5  0.4  3.62671404103e-06   0.00427171118412   1400.0  8.28893282196  -1.31321833697  -1.21492520809
-0.3  0.1  0.2  0.497857169958  0.00214464339916   0.499998186643  -0.5  0.4  3.6267140411e-06    0.00428928679831   1410.0  8.23014606436  -1.31320037866  -1.21491428003
-0.3  0.1  0.2  0.497689783156  0.00231272764605   0.499997489198  -0.5  0.4  5.02160405663e-06   0.0046254552921    1420.0  8.17218728926  -1.3128417283   -1.21468939962
-0.3  0.1  0.2  0.49762771055   0.00237535820776   0.499996931242  -0.5  0.4  6.13751606831e-06   0.00475071641551   1430.0  8.1150391264   -1.31270999294  -1.21460721075
-0.3  0.1  0.2  0.497559779407  0.00244189446151   0.499998326132  -0.5  0.4  3.34773603813e-06   0.00488378892301   1440.0  8.05868468802  -1.31257156303  -1.21452340473
-0.3  0.1  0.2  0.497465763819  0.00253786289459   0.499996373286  -0.5  0.4  7.25342808217e-06   0.00507572578917   1450.0  8.00310755224  -1.31236478396  -1.21439144756
-0.3  0.1  0.2  0.497364494804  0.00263843446472   0.499997070731  -0.5  0.4  5.85853806639e-06   0.00527686892944   1460.0  7.94829174709  -1.31215315083  -1.21426096914
-0.3  0.1  0.2  0.497251229735  0.00275309442401   0.499995675841  -0.5  0.4  8.64831809767e-06   0.00550618884802   1470.0  7.8942217352   -1.31190843491  -1.21410658629
-0.3  0.1  0.2  0.497231422297  0.00277248339523   0.499996094308  -0.5  0.4  7.81138408788e-06   0.00554496679046   1480.0  7.84088239916  -1.31186924245  -1.21408332348
-0.3  0.1  0.2  0.497102534459  0.00290067378767   0.499996791753  -0.5  0.4  6.41649407225e-06   0.00580134757535   1490.0  7.78825902735  -1.3115988117   -1.21391614249
-0.3  0.1  0.2  0.496956071008  0.00304881110734   0.499995117885  -0.5  0.4  9.76423010935e-06   0.00609762221468   1500.0  7.7363373005   -1.31128375787  -1.21371792464
-0.3  0.1  0.2  0.496878515123  0.00312608801421   0.499995396863  -0.5  0.4  9.20627410353e-06   0.00625217602842   1510.0  7.68510327864  -1.31112077471  -1.21361704198
-0.3  0.1  0.2  0.496812815803  0.00319025295493   0.499996931242  -0.5  0.4  6.13751606825e-06   0.00638050590987   1520.0  7.63454338865  -1.31098779344  -1.21353692705
-0.3  0.1  0.2  0.496700248179  0.00330672627125   0.49999302555   -0.5  0.4  1.39489001573e-05   0.00661345254249   1530.0  7.58464441225  -1.31073354765  -1.21337195421
-0.3  0.1  0.2  0.496597584274  0.00340618192937   0.499996233797  -0.5  0.4  7.53240608391e-06   0.00681236385873   1540.0  7.53539347451  -1.31053018225  -1.21325136159
-0.3  0.1  0.2  0.496444564839  0.00356268858913   0.499992746572  -0.5  0.4  1.45068561631e-05   0.00712537717826   1550.0  7.48677803274  -1.31019321649  -1.21303611393
-0.3  0.1  0.2  0.496348456917  0.00365809906621   0.499993444017  -0.5  0.4  1.31119661484e-05   0.00731619813241   1560.0  7.43878586587  -1.30999313576  -1.21291305903
-0.3  0.1  0.2  0.496250535638  0.00375713625732   0.499992328105  -0.5  0.4  1.53437901729e-05   0.00751427251464   1570.0  7.39140506417  -1.30977995344  -1.21277799055
-0.3  0.1  0.2  0.496121229333  0.00388686102878   0.499991909638  -0.5  0.4  1.61807241816e-05   0.00777372205756   1580.0  7.34462401946  -1.30950381464  -1.2126052131
-0.3  0.1  0.2  0.495986343469  0.00402021251428   0.499993444017  -0.5  0.4  1.31119661475e-05   0.00804042502857   1590.0  7.29843141557  -1.30922632111  -1.21243593513
-0.3  0.1  0.2  0.495929292467  0.00408075074097   0.499989956792  -0.5  0.4  2.00864162265e-05   0.00816150148193   1600.0  7.25281621922  -1.309091306    -1.21234586339
-0.3  0.1  0.2  0.495717548163  0.00429263453435   0.499989817303  -0.5  0.4  2.03653942295e-05   0.00858526906871   1610.0  7.20776767127  -1.3086459889   -1.21206991383
-0.3  0.1  0.2  0.495645153371  0.00436377392515   0.499991072704  -0.5  0.4  1.78545922012e-05   0.00872754785031   1620.0  7.16327527824  -1.3084948578   -1.21197694964
-0.3  0.1  0.2  0.495513196775  0.00449614898764   0.499990654237  -0.5  0.4  1.86915262108e-05   0.00899229797529   1630.0  7.11932880414  -1.30821309694  -1.21180067037
-0.3  0.1  0.2  0.495436756803  0.00457496027353   0.499988282924  -0.5  0.4  2.34341522637e-05   0.00914992054706   1640.0  7.07591826265  -1.30804387434  -1.21169212549
-0.3  0.1  0.2  0.495331582095  0.00468111140373   0.499987306501  -0.5  0.4  2.53869982861e-05   0.00936222280746   1650.0  7.03303390954  -1.307819922    -1.21155211763
-0.3  0.1  0.2  0.495075619778  0.00493539985359   0.499988980369  -0.5  0.4  2.2039262249e-05    0.00987079970719   1660.0  6.99066623539  -1.3072839542   -1.21122125445
-0.3  0.1  0.2  0.494983417547  0.00503094981967   0.499985632633  -0.5  0.4  2.87347343242e-05   0.0100618996393    1670.0  6.94880595853  -1.3070778169   -1.21108820939
-0.3  0.1  0.2  0.494879358752  0.00513933277389   0.499981308474  -0.5  0.4  3.73830524218e-05   0.0102786655478    1680.0  6.9074440183   -1.30684145706  -1.21093423175
-0.3  0.1  0.2  0.494757166387  0.00525761944722   0.499985214166  -0.5  0.4  2.9571668333e-05    0.0105152388944    1690.0  6.86657156849  -1.30659728575  -1.21078859547
-0.3  0.1  0.2  0.494643482851  0.00537200042851   0.499984516721  -0.5  0.4  3.09665583486e-05   0.010744000857     1700.0  6.82617997103  -1.30635294125  -1.21063505831
-0.3  0.1  0.2  0.494491997795  0.00552836759927   0.499979634606  -0.5  0.4  4.07307884589e-05   0.0110567351985    1710.0  6.78626078991  -1.30601241006  -1.21041473874
-0.3  0.1  0.2  0.494372037254  0.00565446565669   0.49997349709   -0.5  0.4  5.30058205977e-05   0.0113089313134    1720.0  6.74680578532  -1.30573732176  -1.21023439138
-0.3  0.1  0.2  0.494268536414  0.00574973664476   0.499981726941  -0.5  0.4  3.6546118411e-05    0.0114994732895    1730.0  6.70780690795  -1.30555105584  -1.2101325721
-0.3  0.1  0.2  0.494047446347  0.00597570882731   0.499976844826  -0.5  0.4  4.63103485215e-05   0.0119514176546    1740.0  6.66925629353  -1.3050653218   -1.20982273369
-0.3  0.1  0.2  0.49392413807   0.00609818017069   0.49997768176   -0.5  0.4  4.46364805021e-05   0.0121963603414    1750.0  6.63114625757  -1.30480892664  -1.20966515254
-0.3  0.1  0.2  0.493792878919  0.00622999727717   0.499977123804  -0.5  0.4  4.57523925156e-05   0.0124599945543    1760.0  6.5934692902   -1.3045290234   -1.20949014503
-0.3  0.1  0.2  0.493622702337  0.00640603239716   0.499971265266  -0.5  0.4  5.74694686465e-05   0.0128120647943    1770.0  6.55621805127  -1.30414795646  -1.20924404765
-0.3  0.1  0.2  0.493435787075  0.00659322663727   0.499970986288  -0.5  0.4  5.80274246533e-05   0.0131864532745    1780.0  6.51938536559  -1.30375264     -1.2089982076
-0.3  0.1  0.2  0.493309549529  0.00671974316169   0.49997070731   -0.5  0.4  5.858538066e-05     0.0134394863234    1790.0  6.4829642183   -1.30348219822  -1.20882870005
-0.3  0.1  0.2  0.493194471102  0.00684012217005   0.499965406728  -0.5  0.4  6.91865447793e-05   0.0136802443401    1800.0  6.44694775042  -1.303219734    -1.20865723846
-0.3  0.1  0.2  0.492996536209  0.00703805706328   0.499965406728  -0.5  0.4  6.91865447793e-05   0.0140761141266    1810.0  6.41132925456  -1.30279694361  -1.20839279598
-0.3  0.1  0.2  0.492842958818  0.00719498219004   0.499962058992  -0.5  0.4  7.58820168544e-05   0.0143899643801    1820.0  6.37610217074  -1.30246191584  -1.20817996058
-0.3  0.1  0.2  0.492669992456  0.00736627468397   0.49996373286   -0.5  0.4  7.25342808164e-05   0.0147325493679    1830.0  6.34126008238  -1.30210577988  -1.20796253249
-0.3  0.1  0.2  0.492550589871  0.00749041989537   0.499958990234  -0.5  0.4  8.20195329238e-05   0.0149808397907    1840.0  6.30679671236  -1.30183613632  -1.20778746246
-0.3  0.1  0.2  0.492366743367  0.00766840786138   0.499964848772  -0.5  0.4  7.0302456791e-05    0.0153368157228    1850.0  6.27270591932  -1.30146946077  -1.20756903583
-0.3  0.1  0.2  0.492266032308  0.0077769303046    0.499957037388  -0.5  0.4  8.59252249688e-05   0.0155538606092    1860.0  6.23898169395  -1.30122131898  -1.20739990061
-0.3  0.1  0.2  0.492135610091  0.00791432697115   0.499950062937  -0.5  0.4  9.9874125125e-05    0.0158286539423    1870.0  6.20561815548  -1.30091976978  -1.20720129429
-0.3  0.1  0.2  0.491881461131  0.00816345432795   0.499955084541  -0.5  0.4  8.98309170117e-05   0.0163269086559    1880.0  6.17260954827  -1.30040283936  -1.20688868736
-0.3  0.1  0.2  0.49172509396   0.00832051894372   0.499954387096  -0.5  0.4  9.12258070274e-05   0.0166410378874    1890.0  6.13995023849  -1.30007503097  -1.20668583322
-0.3  0.1  0.2  0.491473037334  0.0085757838166    0.499951178849  -0.5  0.4  9.76423010997e-05   0.0171515676332    1900.0  6.10763471092  -1.29952590803  -1.20633771394
-0.3  0.1  0.2  0.49133801198   0.00871987595522   0.499942112064  -0.5  0.4  0.000115775871305   0.0174397519104    1910.0  6.07565756584  -1.29920107753  -1.20611909036
-0.3  0.1  0.2  0.491231721361  0.00882839839844   0.49993988024   -0.5  0.4  0.000120239519355   0.0176567967969    1920.0  6.04401351602  -1.29896598111  -1.20596858007
-0.3  0.1  0.2  0.490964878901  0.0090998439955    0.499935277103  -0.5  0.4  0.000129445793459   0.018199687991     1930.0  6.01269738381  -1.29839221531  -1.20560736761
-0.3  0.1  0.2  0.490915081328  0.00914587536602   0.499939043306  -0.5  0.4  0.000121913387373   0.018291750732     1940.0  5.98170409833  -1.29829737141  -1.20555311501
-0.3  0.1  0.2  0.490685063964  0.00938537798172   0.499929558054  -0.5  0.4  0.000140883891587   0.0187707559634    1950.0  5.95102869269  -1.29777337842  -1.20521123885
-0.3  0.1  0.2  0.490601370563  0.00946865291566   0.499929976521  -0.5  0.4  0.000140046957578   0.0189373058313    1960.0  5.9206663014   -1.29759868949  -1.20510358834
-0.3  0.1  0.2  0.490380977941  0.00968834809313   0.499930673966  -0.5  0.4  0.000138652067562   0.0193766961863    1970.0  5.89061215774  -1.29713588404  -1.20481723648
-0.3  0.1  0.2  0.490217357342  0.00985922212005   0.499923420538  -0.5  0.4  0.000153158923726   0.0197184442401    1980.0  5.86086159129  -1.29675927191  -1.20457007015
-0.3  0.1  0.2  0.490025141498  0.0100563200793    0.499918538423  -0.5  0.4  0.000162923153836   0.0201126401585    1990.0  5.8314100255   -1.29633127985  -1.20429487434
-0.3  0.1  0.2  0.48987812009   0.0102001332399    0.49992174667   -0.5  0.4  0.000156506659764   0.0204002664798    2000.0  5.80225297537  -1.29603485665  -1.20411670991
-0.3  0.1  0.2  0.489652426885  0.0104510739537    0.499896499161  -0.5  0.4  0.000207001678332   0.0209021479074    2010.0  5.77338604515  -1.295452039    -1.20370939732
-0.3  0.1  0.2  0.489411110913  0.0106823467183    0.499906542369  -0.5  0.4  0.000186915262105   0.0213646934367    2020.0  5.74480492611  -1.29499479211  -1.20344721186
-0.3  0.1  0.2  0.489409716023  0.0106907160584    0.499899567919  -0.5  0.4  0.000200864162262   0.0213814321168    2030.0  5.71650539446  -1.29495389138  -1.20340603214
-0.3  0.1  0.2  0.489170073918  0.0109318925421    0.49989803354   -0.5  0.4  0.000203932920297   0.0218637850843    2040.0  5.68848330919  -1.29444459685  -1.20308814442
-0.3  0.1  0.2  0.488900581167  0.0111962242001    0.499903194633  -0.5  0.4  0.000193610734182   0.0223924484002    2050.0  5.66073461012  -1.29389946124  -1.20275963524
-0.3  0.1  0.2  0.488716176707  0.0113941590933    0.4998896642    -0.5  0.4  0.000220671600486   0.0227883181867    2060.0  5.6332553159   -1.29345284189  -1.20245783336
-0.3  0.1  0.2  0.488590636605  0.0115238838648    0.49988547953   -0.5  0.4  0.00022904094058    0.0230477677296    2070.0  5.6060415221   -1.29316835275  -1.20227293937
-0.3  0.1  0.2  0.488458958988  0.0116622569544    0.499878784058  -0.5  0.4  0.00024243188473    0.0233245139087    2080.0  5.5790893994   -1.29286645799  -1.20207504761
-0.3  0.1  0.2  0.488101448677  0.0120339951436    0.499864556179  -0.5  0.4  0.000270887641051   0.0240679902871    2090.0  5.55239519175  -1.29205343851  -1.20154519081
-0.3  0.1  0.2  0.48805764913   0.012070401773     0.499871949097  -0.5  0.4  0.000256101806885   0.0241408035459    2100.0  5.52595521464  -1.29199212863  -1.20152039914
-0.3  0.1  0.2  0.487895562911  0.012251876964     0.499852560125  -0.5  0.4  0.000294879749321   0.024503753928     2110.0  5.49976585344  -1.29156309718  -1.20121715888
-0.3  0.1  0.2  0.487759003178  0.0123825781585    0.499858418663  -0.5  0.4  0.00028316267319    0.024765156317     2120.0  5.47382356168  -1.29130675612  -1.20107123731
-0.3  0.1  0.2  0.487421858261  0.0127167938062    0.499861347932  -0.5  0.4  0.000277304135123   0.0254335876125    2130.0  5.44812485951  -1.29059622003  -1.20063100301
-0.3  0.1  0.2  0.487292412468  0.0128462395997    0.499861347932  -0.5  0.4  0.000277304135123   0.0256924791994    2140.0  5.42266633213  -1.29032614168  -1.20046448129
-0.3  0.1  0.2  0.487152504999  0.0129964692544    0.499851025746  -0.5  0.4  0.000297948507357   0.0259929385088    2150.0  5.39744462826  -1.28998915789  -1.20023735904
-0.3  0.1  0.2  0.486910631071  0.0132574531763    0.499831915753  -0.5  0.4  0.000336168493787   0.0265149063527    2160.0  5.37245645868  -1.28939487912  -1.19983275741
-0.3  0.1  0.2  0.486676847504  0.013491236743     0.499831915753  -0.5  0.4  0.000336168493786   0.0269824734859    2170.0  5.34769859482  -1.28890533351  -1.19953023865
-0.3  0.1  0.2  0.486431346861  0.0137508257749    0.499817827364  -0.5  0.4  0.000364345272105   0.0275016515498    2180.0  5.32316786732  -1.28833057097  -1.19914905895
-0.3  0.1  0.2  0.486343329301  0.013846236252     0.499810434447  -0.5  0.4  0.000379131106271   0.0276924725039    2190.0  5.29886116473  -1.28811325587  -1.19900067932
-0.3  0.1  0.2  0.486113869894  0.0140648155174    0.499821314589  -0.5  0.4  0.000357370822025   0.0281296310349    2200.0  5.27477543216  -1.28767088575  -1.19874405275
-0.3  0.1  0.2  0.485984563589  0.0142158821061    0.499799554305  -0.5  0.4  0.000400891390516   0.0284317642123    2210.0  5.25090767002  -1.28730914491  -1.1984814049
-0.3  0.1  0.2  0.485632772327  0.014555956292     0.499811271381  -0.5  0.4  0.000377457238252   0.0291119125839    2220.0  5.22725493277  -1.28661067015  -1.19806670656
-0.3  0.1  0.2  0.485534014114  0.0146761958113    0.499789790075  -0.5  0.4  0.000420419850735   0.0293523916226    2230.0  5.20381432769  -1.28631199533  -1.19784274205
-0.3  0.1  0.2  0.485306368063  0.014913606092     0.499780025845  -0.5  0.4  0.000439948310956   0.029827212184     2240.0  5.18058301373  -1.28578771201  -1.19749862273
-0.3  0.1  0.2  0.485137446883  0.0150763897568    0.499786163361  -0.5  0.4  0.000427673278816   0.0301527795136    2250.0  5.15755820033  -1.28545896314  -1.19730623831
-0.3  0.1  0.2  0.485068678805  0.0151599436688    0.499771377526  -0.5  0.4  0.00045724494715    0.0303198873375    2260.0  5.13473714635  -1.28525192487  -1.19715125733
-0.3  0.1  0.2  0.484712842362  0.015533076748     0.49975408089   -0.5  0.4  0.00049183821954    0.0310661534959    2270.0  5.11211715892  -1.28442941586  -1.19660995814
-0.3  0.1  0.2  0.484607249188  0.0156309980271    0.499761752785  -0.5  0.4  0.000476494429367   0.0312619960541    2280.0  5.08969559243  -1.28424193149  -1.1965084827
-0.3  0.1  0.2  0.484404153201  0.0158463690455    0.499749477753  -0.5  0.4  0.000501044493644   0.031692738091     2290.0  5.06746984749  -1.28375364234  -1.19618021533
-0.3  0.1  0.2  0.484126151621  0.0161420857288    0.49973176265   -0.5  0.4  0.000536474700043   0.0322841714576    2300.0  5.04543736989  -1.28309253973  -1.19573797096
-0.3  0.1  0.2  0.483907572356  0.0163623388623    0.499730088782  -0.5  0.4  0.000539822436081   0.0327246777246    2310.0  5.02359564968  -1.2826269816   -1.19544694147
-0.3  0.1  0.2  0.483781474298  0.0165079653799    0.499710560322  -0.5  0.4  0.00057887935652    0.0330159307599    2320.0  5.00194222015  -1.28228314638  -1.195200079
-0.3  0.1  0.2  0.483452140766  0.0168377173797    0.499710141855  -0.5  0.4  0.000579716290529   0.0336754347593    2330.0  4.98047465697  -1.28157069839  -1.19475101415
-0.3  0.1  0.2  0.483298423886  0.0169914342594    0.499710141855  -0.5  0.4  0.000579716290529   0.0339828685188    2340.0  4.95919057724  -1.28125133101  -1.19455462027
-0.3  0.1  0.2  0.483109974245  0.0172002492947    0.499689776461  -0.5  0.4  0.000620447078988   0.0344004985895    2350.0  4.93808763862  -1.28076654749  -1.19421652339
-0.3  0.1  0.2  0.483079286664  0.0172348425671    0.499685870768  -0.5  0.4  0.000628258463076   0.0344696851343    2360.0  4.91716353845  -1.28068473008  -1.1941584749
-0.3  0.1  0.2  0.482742141748  0.0175927713452    0.499665086907  -0.5  0.4  0.000669826185545   0.0351855426903    2370.0  4.89641601298  -1.27989738394  -1.19363668792
-0.3  0.1  0.2  0.482465256079  0.0178718888373    0.499662855083  -0.5  0.4  0.000674289833595   0.0357437776746    2380.0  4.87584283645  -1.27929392955  -1.1932542957
-0.3  0.1  0.2  0.482468464327  0.0178837454024    0.499647790271  -0.5  0.4  0.000704419457934   0.0357674908049    2390.0  4.8554418204   -1.27922877872  -1.19318356531
-0.3  0.1  0.2  0.482264112939  0.0181060908709    0.49962979619   -0.5  0.4  0.00074040762034    0.0362121817419    2400.0  4.83521081281  -1.2787278679   -1.19284253678
