#mu0            mu1              mu2             x0              x1                 x2              mua  mub   xa                 xb                 T       b              u               phi
0.566666666667  -0.633333333333  0.066666666667  0.5             0.0                0.5             0.5  -1.2  0.0                0.0                30.0    386.816865025  -1.31774118     -1.95107451333
0.566666666667  -0.633333333333  0.066666666667  0.5             0.0                0.5             0.5  -1.2  0.0                0.0                40.0    290.112648769  -1.31774118     -1.95107451333
0.566666666667  -0.633333333333  0.066666666667  0.5             0.0                0.5             0.5  -1.2  0.0                0.0                50.0    232.090119015  -1.31774118     -1.95107451333
0.566666666667  -0.633333333333  0.066666666667  0.5             0.0                0.5             0.5  -1.2  0.0                0.0                60.0    193.408432513  -1.31774118     -1.95107451333
0.566666666667  -0.633333333333  0.066666666667  0.5             0.0                0.5             0.5  -1.2  0.0                0.0                70.0    165.778656439  -1.31774118     -1.95107451333
0.566666666667  -0.633333333333  0.066666666667  0.5             0.0                0.5             0.5  -1.2  0.0                0.0                80.0    145.056324384  -1.31774118     -1.95107451333
0.566666666667  -0.633333333333  0.066666666667  0.5             0.0                0.5             0.5  -1.2  0.0                0.0                90.0    128.938955008  -1.31774118     -1.95107451333
0.566666666667  -0.633333333333  0.066666666667  0.5             0.0                0.5             0.5  -1.2  0.0                0.0                100.0   116.045059507  -1.31774118     -1.95107451333
0.566666666667  -0.633333333333  0.066666666667  0.5             0.0                0.5             0.5  -1.2  0.0                0.0                110.0   105.495508643  -1.31774118     -1.95107451333
0.566666666667  -0.633333333333  0.066666666667  0.5             0.0                0.5             0.5  -1.2  0.0                0.0                120.0   96.7042162563  -1.31774118     -1.95107451333
0.566666666667  -0.633333333333  0.066666666667  0.5             0.0                0.5             0.5  -1.2  0.0                0.0                130.0   89.2654303904  -1.31774118     -1.95107451333
0.566666666667  -0.633333333333  0.066666666667  0.5             0.0                0.5             0.5  -1.2  0.0                0.0                140.0   82.8893282196  -1.31774118     -1.95107451333
0.566666666667  -0.633333333333  0.066666666667  0.5             0.0                0.5             0.5  -1.2  0.0                0.0                150.0   77.363373005   -1.31774118     -1.95107451333
0.566666666667  -0.633333333333  0.066666666667  0.5             0.0                0.5             0.5  -1.2  0.0                0.0                160.0   72.5281621922  -1.31774118     -1.95107451333
0.566666666667  -0.633333333333  0.066666666667  0.5             0.0                0.5             0.5  -1.2  0.0                0.0                170.0   68.2617997103  -1.31774118     -1.95107451333
0.566666666667  -0.633333333333  0.066666666667  0.5             0.0                0.5             0.5  -1.2  0.0                0.0                180.0   64.4694775042  -1.31774118     -1.95107451333
0.566666666667  -0.633333333333  0.066666666667  0.5             0.0                0.5             0.5  -1.2  0.0                0.0                190.0   61.0763471092  -1.31774118     -1.95107451333
0.566666666667  -0.633333333333  0.066666666667  0.5             0.0                0.5             0.5  -1.2  0.0                0.0                200.0   58.0225297537  -1.31774118     -1.95107451333
0.566666666667  -0.633333333333  0.066666666667  0.5             0.0                0.5             0.5  -1.2  0.0                0.0                210.0   55.2595521464  -1.31774118     -1.95107451333
0.566666666667  -0.633333333333  0.066666666667  0.5             0.0                0.5             0.5  -1.2  0.0                0.0                220.0   52.7477543216  -1.31774118     -1.95107451333
0.566666666667  -0.633333333333  0.066666666667  0.5             0.0                0.5             0.5  -1.2  0.0                0.0                230.0   50.4543736989  -1.31774118     -1.95107451333
0.566666666667  -0.633333333333  0.066666666667  0.5             0.0                0.5             0.5  -1.2  0.0                0.0                240.0   48.3521081281  -1.31774118     -1.95107451333
0.566666666667  -0.633333333333  0.066666666667  0.5             0.0                0.5             0.5  -1.2  0.0                0.0                250.0   46.418023803   -1.31774118     -1.95107451333
0.566666666667  -0.633333333333  0.066666666667  0.5             0.0                0.5             0.5  -1.2  0.0                0.0                260.0   44.6327151952  -1.31774118     -1.95107451333
0.566666666667  -0.633333333333  0.066666666667  0.5             0.0                0.5             0.5  -1.2  0.0                0.0                270.0   42.9796516694  -1.31774118     -1.95107451333
0.566666666667  -0.633333333333  0.066666666667  0.5             0.0                0.5             0.5  -1.2  0.0                0.0                280.0   41.4446641098  -1.31774118     -1.95107451333
0.566666666667  -0.633333333333  0.066666666667  0.5             0.0                0.5             0.5  -1.2  0.0                0.0                290.0   40.0155377612  -1.31774118     -1.95107451333
0.566666666667  -0.633333333333  0.066666666667  0.5             0.0                0.5             0.5  -1.2  0.0                0.0                300.0   38.6816865025  -1.31774118     -1.95107451333
0.566666666667  -0.633333333333  0.066666666667  0.5             0.0                0.5             0.5  -1.2  0.0                0.0                310.0   37.4338901637  -1.31774118     -1.95107451333
0.566666666667  -0.633333333333  0.066666666667  0.5             0.0                0.5             0.5  -1.2  0.0                0.0                320.0   36.2640810961  -1.31774118     -1.95107451333
0.566666666667  -0.633333333333  0.066666666667  0.5             0.0                0.5             0.5  -1.2  0.0                0.0                330.0   35.1651695477  -1.31774118     -1.95107451333
0.566666666667  -0.633333333333  0.066666666667  0.5             0.0                0.5             0.5  -1.2  0.0                0.0                340.0   34.1308998551  -1.31774118     -1.95107451333
0.566666666667  -0.633333333333  0.066666666667  0.500000139489  0.0                0.499999860511  0.5  -1.2  2.78978003809e-07  0.0                350.0   33.1557312879  -1.31774089958  -1.95107437241
0.566666666667  -0.633333333333  0.066666666667  0.500000139489  0.0                0.499999860511  0.5  -1.2  2.78978003809e-07  0.0                360.0   32.2347387521  -1.31774089958  -1.95107437241
0.566666666667  -0.633333333333  0.066666666667  0.5             0.0                0.5             0.5  -1.2  0.0                0.0                370.0   31.3635295966  -1.31774118     -1.95107451333
0.566666666667  -0.633333333333  0.066666666667  0.5             0.0                0.5             0.5  -1.2  0.0                0.0                380.0   30.5381735546  -1.31774118     -1.95107451333
0.566666666667  -0.633333333333  0.066666666667  0.500000139489  0.0                0.499999860511  0.5  -1.2  2.78978003809e-07  0.0                390.0   29.7551434635  -1.31774089958  -1.95107437241
0.566666666667  -0.633333333333  0.066666666667  0.500000139489  0.0                0.499999860511  0.5  -1.2  2.78978003809e-07  0.0                400.0   29.0112648769  -1.31774089958  -1.95107437241
0.566666666667  -0.633333333333  0.066666666667  0.500000697445  0.0                0.499999302555  0.5  -1.2  1.39489001572e-06  0.0                410.0   28.3036730506  -1.31773977792  -1.9510738087
0.566666666667  -0.633333333333  0.066666666667  0.500000976423  0.0                0.499999023577  0.5  -1.2  1.95284602156e-06  0.0                420.0   27.6297760732  -1.31773921708  -1.95107352684
0.566666666667  -0.633333333333  0.066666666667  0.500000557956  0.0                0.499999442044  0.5  -1.2  1.11591201168e-06  0.0                430.0   26.9872231413  -1.31774005833  -1.95107394962
0.566666666667  -0.633333333333  0.066666666667  0.500001673868  0.0                0.499998326132  0.5  -1.2  3.34773603705e-06  0.0                440.0   26.3738771608  -1.317737815    -1.9510728222
0.566666666667  -0.633333333333  0.066666666667  0.500001673868  0.0                0.499998326132  0.5  -1.2  3.34773603705e-06  0.0                450.0   25.7877910017  -1.317737815    -1.9510728222
0.566666666667  -0.633333333333  0.066666666667  0.500000418467  0.0                0.499999581533  0.5  -1.2  8.36934009874e-07  0.0                460.0   25.2271868495  -1.31774033875  -1.95107409055
0.566666666667  -0.633333333333  0.066666666667  0.50000139489   0.0                0.49999860511   0.5  -1.2  2.7897800311e-06   0.0                470.0   24.6904381931  -1.31773837583  -1.95107310406
0.566666666667  -0.633333333333  0.066666666667  0.500002929269  0.0                0.499997070731  0.5  -1.2  5.85853806634e-06  0.0                480.0   24.1760540641  -1.31773529125  -1.95107155385
0.566666666667  -0.633333333333  0.066666666667  0.500003068758  0.0                0.499996931242  0.5  -1.2  6.13751606826e-06  0.0                490.0   23.6826652056  -1.31773501083  -1.95107141292
0.566666666667  -0.633333333333  0.066666666667  0.500004882115  0.0                0.499995117885  0.5  -1.2  9.76423010934e-06  0.0                500.0   23.2090119015  -1.31773136542  -1.95106958086
0.566666666667  -0.633333333333  0.066666666667  0.500005021604  0.0                0.499994978396  0.5  -1.2  1.00432081132e-05  0.0                510.0   22.7539332368  -1.317731085    -1.95106943994
0.566666666667  -0.633333333333  0.066666666667  0.500007113939  0.0                0.499992886061  0.5  -1.2  1.42278781601e-05  0.0                520.0   22.3163575976  -1.31772687875  -1.95106732602
0.566666666667  -0.633333333333  0.066666666667  0.500007253428  0.0                0.499992746572  0.5  -1.2  1.45068561642e-05  0.0                530.0   21.8952942467  -1.31772659833  -1.95106718509
0.566666666667  -0.633333333333  0.066666666667  0.500011438098  0.0                0.499988561902  0.5  -1.2  2.28761962577e-05  0.0                540.0   21.4898258347  -1.31771818583  -1.95106295726
0.566666666667  -0.633333333333  0.066666666667  0.500009206274  0.0                0.499990793726  0.5  -1.2  1.8412548207e-05   0.0                550.0   21.0991017286  -1.3177226725   -1.95106521211
0.566666666667  -0.633333333333  0.066666666667  0.500015622768  0.0                0.499984377232  0.5  -1.2  3.12455363516e-05  0.0                560.0   20.7223320549  -1.31770977333  -1.95105872943
0.566666666667  -0.633333333333  0.066666666667  0.500019388971  0.0                0.499980611029  0.5  -1.2  3.87779424376e-05  0.0                570.0   20.3587823697  -1.31770220208  -1.95105492439
0.566666666667  -0.633333333333  0.066666666667  0.500020365394  0.0                0.499979634606  0.5  -1.2  4.07307884589e-05  0.0                580.0   20.0077688806  -1.31770023879  -1.95105393752
0.566666666667  -0.633333333333  0.066666666667  0.500022457729  0.0                0.499977542271  0.5  -1.2  4.49154585058e-05  0.0                590.0   19.6686541538  -1.31769603292  -1.95105182398
0.566666666667  -0.633333333333  0.066666666667  0.500030966558  0.0                0.499969033442  0.5  -1.2  6.19331166973e-05  0.0                600.0   19.3408432512  -1.31767893475  -1.95104323464
0.566666666667  -0.633333333333  0.066666666667  0.500031524514  0.0                0.499968475486  0.5  -1.2  6.30490287108e-05  0.0                610.0   19.0237802471  -1.31767780583  -1.95104266368
0.566666666667  -0.633333333333  0.066666666667  0.500038080497  0.0                0.499961919503  0.5  -1.2  7.61609948574e-05  0.0                620.0   18.7169450819  -1.31766462625  -1.95103604008
0.566666666667  -0.633333333333  0.066666666667  0.500042404656  0.0                0.499957595344  0.5  -1.2  8.48093129551e-05  0.0                630.0   18.4198507155  -1.31765593364  -1.95103167163
0.566666666667  -0.633333333333  0.066666666667  0.500053703266  0.0                0.499946296734  0.5  -1.2  0.000107406531209  0.0                640.0   18.132040548   -1.31763324577  -1.95102028237
0.566666666667  -0.633333333333  0.066666666667  0.500054121733  0.0                0.499945878267  0.5  -1.2  0.000108243465219  0.0                650.0   17.8530860781  -1.31763237759  -1.95101983265
0.566666666667  -0.633333333333  0.066666666667  0.500071976325  0.0                0.499928023675  0.5  -1.2  0.000143952649621  0.0                660.0   17.5825847739  -1.31759649061  -1.95100180027
0.566666666667  -0.633333333333  0.066666666667  0.500082019533  0.0                0.499917980467  0.5  -1.2  0.000164039065848  0.0                670.0   17.3201581354  -1.31757624415  -1.95099159702
0.566666666667  -0.633333333333  0.066666666667  0.500088296538  0.0                0.499911703462  0.5  -1.2  0.000176593075988  0.0                680.0   17.0654499276  -1.31756368739  -1.95098531726
0.566666666667  -0.633333333333  0.066666666667  0.500104895729  0.0                0.499895104271  0.5  -1.2  0.000209791458363  0.0                690.0   16.8181245663  -1.31753031617  -1.95096854523
0.566666666667  -0.633333333333  0.066666666667  0.5001103358    0.0                0.4998896642    0.5  -1.2  0.000220671600486  0.0                700.0   16.5778656439  -1.3175193789   -1.95096304803
0.566666666667  -0.633333333333  0.066666666667  0.500130143238  0.0                0.499869856762  0.5  -1.2  0.000260286476932  0.0                710.0   16.3443745785  -1.31747956955  -1.95094304613
0.566666666667  -0.633333333333  0.066666666667  0.500152461479  0.0                0.499847538521  0.5  -1.2  0.000304922957435  0.0                720.0   16.117369376   -1.31743469663  -1.95092049144
0.566666666667  -0.633333333333  0.066666666667  0.50016069133   0.0                0.49983930867   0.5  -1.2  0.000321382659619  0.0                730.0   15.8965834942  -1.31741815595  -1.95091218062
0.566666666667  -0.633333333333  0.066666666667  0.500182870081  0.0                0.499817129919  0.5  -1.2  0.000365740162119  0.0                740.0   15.6817647983  -1.31737357219  -1.9508897756
0.566666666667  -0.633333333333  0.066666666667  0.500206862189  0.0                0.499793137811  0.5  -1.2  0.00041372437866   0.0                750.0   15.472674601   -1.31732534022  -1.95086553574
0.566666666667  -0.633333333333  0.066666666667  0.500207838612  0.0                0.499792161388  0.5  -1.2  0.000415677224682  0.0                760.0   15.2690867773  -1.31732336862  -1.95086454056
0.566666666667  -0.633333333333  0.066666666667  0.50025010378   0.0                0.49974989622   0.5  -1.2  0.000500207559635  0.0                770.0   15.070786949   -1.31723843673  -1.95082187385
0.566666666667  -0.633333333333  0.066666666667  0.500275909245  0.0                0.499724090755  0.5  -1.2  0.000551818490215  0.0                780.0   14.8775717317  -1.31718657323  -1.9507958158
0.566666666667  -0.633333333333  0.066666666667  0.500312873831  0.0                0.499687126169  0.5  -1.2  0.000625747661049  0.0                790.0   14.6892480389  -1.31711221957  -1.95075842673
0.566666666667  -0.633333333333  0.066666666667  0.500339097763  0.0                0.499660902237  0.5  -1.2  0.000678195525639  0.0                800.0   14.5056324384  -1.31705952632  -1.95073195742
0.566666666667  -0.633333333333  0.066666666667  0.500346630169  0.0                0.499653369831  0.5  -1.2  0.000693260337809  0.0                810.0   14.3265505565  -1.31704438451  -1.95072434802
0.566666666667  -0.633333333333  0.066666666667  0.500369645854  0.0                0.499630354146  0.5  -1.2  0.000739291708328  0.0                820.0   14.1518365253  -1.31699819746  -1.95070117665
0.566666666667  -0.633333333333  0.066666666667  0.50044845714   0.0                0.49955154286   0.5  -1.2  0.000896914280103  0.0                830.0   13.9813324708  -1.31683973159  -1.95062152206
0.566666666667  -0.633333333333  0.066666666667  0.500467427644  0.0                0.499532572356  0.5  -1.2  0.000934855288529  0.0                840.0   13.8148880366  -1.31680170368  -1.95060246465
0.566666666667  -0.633333333333  0.066666666667  0.500501323472  0.0                0.499498676528  0.5  -1.2  0.00100264694329   0.0                850.0   13.6523599421  -1.31673353975  -1.95056819655
0.566666666667  -0.633333333333  0.066666666667  0.500550284111  0.0                0.499449715889  0.5  -1.2  0.0011005682224    0.0                860.0   13.4936115706  -1.31663486227  -1.95051847971
0.566666666667  -0.633333333333  0.066666666667  0.500592270301  0.0                0.499407729699  0.5  -1.2  0.00118454060134   0.0                870.0   13.3385125871  -1.31655061507  -1.9504762187
0.566666666667  -0.633333333333  0.066666666667  0.500647368456  0.0                0.499352631544  0.5  -1.2  0.00129473691258   0.0                880.0   13.1869385804  -1.31644006343  -1.95042076522
0.566666666667  -0.633333333333  0.066666666667  0.50070972004   0.0                0.49929027996   0.5  -1.2  0.00141944007999   0.0                890.0   13.0387707312  -1.31631462989  -1.95035768326
0.566666666667  -0.633333333333  0.066666666667  0.500751706229  0.0                0.499248293771  0.5  -1.2  0.00150341245893   0.0                900.0   12.8938955008  -1.31623027067  -1.95031531023
0.566666666667  -0.633333333333  0.066666666667  0.50080610694   0.0                0.49919389306   0.5  -1.2  0.00161221388016   0.0                910.0   12.7522043415  -1.31612087532  -1.95026031559
0.566666666667  -0.633333333333  0.066666666667  0.500856322981  0.0                0.499143677019  0.5  -1.2  0.00171264596129   0.0                920.0   12.6135934247  -1.3160199669   -1.95020962322
0.566666666667  -0.633333333333  0.066666666667  0.500923277701  0.0                0.499076722299  0.5  -1.2  0.0018465554028    0.0                930.0   12.4779633879  -1.31588537699  -1.95014198803
0.566666666667  -0.633333333333  0.066666666667  0.50096540338   0.0                0.49903459662   0.5  -1.2  0.00193080675975   0.0                940.0   12.3452190965  -1.31580068628  -1.950099423
0.566666666667  -0.633333333333  0.066666666667  0.501008784459  0.0                0.498991215541  0.5  -1.2  0.00201756891873   0.0                950.0   12.2152694218  -1.31571376146  -1.95005587925
0.566666666667  -0.633333333333  0.066666666667  0.501100010266  0.0                0.498899989734  0.5  -1.2  0.00220002053278   0.0                960.0   12.088027032   -1.31553003287  -1.94996337647
0.566666666667  -0.633333333333  0.066666666667  0.50119165454   0.0                0.49880834546   0.5  -1.2  0.00238330908085   0.0                970.0   11.9634081967  -1.31534616945  -1.94987115733
0.566666666667  -0.633333333333  0.066666666667  0.501245218317  0.0                0.498754781683  0.5  -1.2  0.00249043663405   0.0                980.0   11.8413326028  -1.31523859547  -1.94981714712
0.566666666667  -0.633333333333  0.066666666667  0.501350253535  0.0                0.498649746465  0.5  -1.2  0.00270050707042   0.0                990.0   11.7217231826  -1.31502705201  -1.94971063887
0.566666666667  -0.633333333333  0.066666666667  0.501421671904  0.0                0.498578328096  0.5  -1.2  0.00284334380803   0.0                1000.0  11.6045059507  -1.31488367898  -1.94963868421
0.566666666667  -0.633333333333  0.066666666667  0.501477885972  0.0                0.498522114028  0.5  -1.2  0.00295577194329   0.0                1010.0  11.4896098522  -1.31477089018  -1.94958210948
0.566666666667  -0.633333333333  0.066666666667  0.501585013525  0.0                0.498414986475  0.5  -1.2  0.00317002704971   0.0                1020.0  11.3769666184  -1.31455528075  -1.94947362761
0.566666666667  -0.633333333333  0.066666666667  0.501634113653  0.0                0.498365886347  0.5  -1.2  0.00326822730681   0.0                1030.0  11.2665106318  -1.31445691845  -1.94942436544
0.566666666667  -0.633333333333  0.066666666667  0.501787551555  0.0                0.498212448445  0.5  -1.2  0.00357510311027   0.0                1040.0  11.1581787988  -1.3141482149   -1.94926909979
0.566666666667  -0.633333333333  0.066666666667  0.501889657504  0.0                0.498110342496  0.5  -1.2  0.00377931500857   0.0                1050.0  11.0519104293  -1.31394361754  -1.94916660838
0.566666666667  -0.633333333333  0.066666666667  0.501944476682  0.0                0.498055523318  0.5  -1.2  0.0038889533638    0.0                1060.0  10.9476471233  -1.31383298461  -1.94911079462
0.566666666667  -0.633333333333  0.066666666667  0.50203277322   0.0                0.49796722678   0.5  -1.2  0.00406554643979   0.0                1070.0  10.8453326643  -1.31365626628  -1.94902237283
0.566666666667  -0.633333333333  0.066666666667  0.502130694499  0.0                0.497869305501  0.5  -1.2  0.004261388998     0.0                1080.0  10.7449129174  -1.3134592251   -1.94892325293
0.566666666667  -0.633333333333  0.066666666667  0.502299894658  0.0                0.497700105342  0.5  -1.2  0.00459978931581   0.0                1090.0  10.6463357346  -1.31311868866  -1.94875191666
0.566666666667  -0.633333333333  0.066666666667  0.502396560536  0.0                0.497603439464  0.5  -1.2  0.00479312107199   0.0                1100.0  10.5495508643  -1.31292393456  -1.94865382843
0.566666666667  -0.633333333333  0.066666666667  0.502476208756  0.0                0.497523791244  0.5  -1.2  0.00495241751178   0.0                1110.0  10.4545098655  -1.3127646037   -1.94857414579
0.566666666667  -0.633333333333  0.066666666667  0.502570503321  0.0                0.497429496679  0.5  -1.2  0.00514100664191   0.0                1120.0  10.3611660275  -1.31257531018  -1.94847914683
0.566666666667  -0.633333333333  0.066666666667  0.50276202172   0.0                0.49723797828   0.5  -1.2  0.00552404344022   0.0                1130.0  10.2694742927  -1.31218966726  -1.94828502231
0.566666666667  -0.633333333333  0.066666666667  0.502857571686  0.0                0.497142428314  0.5  -1.2  0.00571514337237   0.0                1140.0  10.1793911849  -1.31199772852  -1.94818863354
0.566666666667  -0.633333333333  0.066666666667  0.503000687402  0.0                0.496999312598  0.5  -1.2  0.0060013748036    0.0                1150.0  10.0908747398  -1.31171027728  -1.94804429801
0.566666666667  -0.633333333333  0.066666666667  0.503106838532  0.0                0.496893161468  0.5  -1.2  0.00621367706399   0.0                1160.0  10.0038844403  -1.31149698735  -1.94793715921
0.566666666667  -0.633333333333  0.066666666667  0.503275480735  0.0                0.496724519265  0.5  -1.2  0.00655096146979   0.0                1170.0  9.91838115449  -1.31115871931  -1.94776753338
0.566666666667  -0.633333333333  0.066666666667  0.503407716308  0.0                0.496592283692  0.5  -1.2  0.00681543261677   0.0                1180.0  9.83432707691  -1.31089147312  -1.94763252276
0.566666666667  -0.633333333333  0.066666666667  0.503569384061  0.0                0.496430615939  0.5  -1.2  0.00713876812241   0.0                1190.0  9.7516856729   -1.31056716423  -1.94746988162
0.566666666667  -0.633333333333  0.066666666667  0.503721985029  0.0                0.496278014971  0.5  -1.2  0.00744397005785   0.0                1200.0  9.67042162562  -1.31026053896  -1.94731585732
0.566666666667  -0.633333333333  0.066666666667  0.503847385641  0.0                0.496152614359  0.5  -1.2  0.00769477128267   0.0                1210.0  9.59050078574  -1.31000721794  -1.94718793691
0.566666666667  -0.633333333333  0.066666666667  0.504018817624  0.0                0.495981182376  0.5  -1.2  0.00803763524854   0.0                1220.0  9.51189012357  -1.30966496768  -1.94701711863
0.566666666667  -0.633333333333  0.066666666667  0.504105719272  0.0                0.495894280728  0.5  -1.2  0.00821143854449   0.0                1230.0  9.43455768354  -1.30948899711  -1.94692804972
0.566666666667  -0.633333333333  0.066666666667  0.504249253455  0.0                0.495750746545  0.5  -1.2  0.00849850690973   0.0                1240.0  9.35847254093  -1.30920074472  -1.94678333151
0.566666666667  -0.633333333333  0.066666666667  0.504431844558  0.0                0.495568155442  0.5  -1.2  0.00886368911584   0.0                1250.0  9.2836047606   -1.30883511603  -1.94660029392
0.566666666667  -0.633333333333  0.066666666667  0.504591977932  0.0                0.495408022068  0.5  -1.2  0.00918395586345   0.0                1260.0  9.20992535774  -1.30851133614  -1.94643664741
0.566666666667  -0.633333333333  0.066666666667  0.504754622108  0.0                0.495245377892  0.5  -1.2  0.00950924421511   0.0                1270.0  9.13740626043  -1.30818534134  -1.94627329678
0.566666666667  -0.633333333333  0.066666666667  0.504915452926  0.0                0.495084547074  0.5  -1.2  0.00983090585273   0.0                1280.0  9.06602027402  -1.30786213253  -1.94611091879
0.566666666667  -0.633333333333  0.066666666667  0.505090511623  0.0                0.494909488377  0.5  -1.2  0.0101810232467    0.0                1290.0  8.99574104709  -1.30751017803  -1.94593402299
0.566666666667  -0.633333333333  0.066666666667  0.505277845352  0.0                0.494722154648  0.5  -1.2  0.0105556907049    0.0                1300.0  8.92654303904  -1.3071334522   -1.94574463089
0.566666666667  -0.633333333333  0.066666666667  0.505510234029  0.0                0.494489765971  0.5  -1.2  0.0110204680581    0.0                1310.0  8.85840148912  -1.30666672296  -1.94551029032
0.566666666667  -0.633333333333  0.066666666667  0.505659766239  0.0                0.494340233761  0.5  -1.2  0.0113195324775    0.0                1320.0  8.79129238693  -1.30636531545  -1.94535841502
0.566666666667  -0.633333333333  0.066666666667  0.505818644212  0.0                0.494181355788  0.5  -1.2  0.0116372884231    0.0                1330.0  8.72519244417  -1.30604413138  -1.94519610892
0.566666666667  -0.633333333333  0.066666666667  0.505970826712  0.0                0.494029173288  0.5  -1.2  0.0119416534245    0.0                1340.0  8.66007906772  -1.3057388102   -1.94504297025
0.566666666667  -0.633333333333  0.066666666667  0.506211863707  0.0                0.493788136293  0.5  -1.2  0.0124237274139    0.0                1350.0  8.59593033389  -1.30525450684  -1.94479970388
0.566666666667  -0.633333333333  0.066666666667  0.506340612055  0.0                0.493659387945  0.5  -1.2  0.0126812241108    0.0                1360.0  8.53272496379  -1.30499569136  -1.94466963675
0.566666666667  -0.633333333333  0.066666666667  0.506543289575  0.0                0.493456710425  0.5  -1.2  0.0130865791494    0.0                1370.0  8.47044229982  -1.30458609852  -1.94446272143
0.566666666667  -0.633333333333  0.066666666667  0.506742898336  0.0                0.493257101664  0.5  -1.2  0.0134857966719    0.0                1380.0  8.40906228315  -1.30418609979  -1.94426233146
0.566666666667  -0.633333333333  0.066666666667  0.506918793967  0.0                0.493081206033  0.5  -1.2  0.0138375879339    0.0                1390.0  8.34856543219  -1.30383141744  -1.94408354474
0.566666666667  -0.633333333333  0.066666666667  0.507190100075  0.0                0.492809899925  0.5  -1.2  0.01438020015      0.0                1400.0  8.28893282196  -1.30328650426  -1.94380993767
0.566666666667  -0.633333333333  0.066666666667  0.507370180376  0.0                0.492629819624  0.5  -1.2  0.014740360752     0.0                1410.0  8.23014606436  -1.30292684559  -1.9436303593
0.566666666667  -0.633333333333  0.066666666667  0.507494325587  0.0                0.492505674413  0.5  -1.2  0.0149886511748    0.0                1420.0  8.17218728926  -1.30267348322  -1.94350114214
0.566666666667  -0.633333333333  0.066666666667  0.507765352717  0.0                0.492234647283  0.5  -1.2  0.0155307054349    0.0                1430.0  8.1150391264   -1.30212779885  -1.9432264849
0.566666666667  -0.633333333333  0.066666666667  0.507993975191  0.0                0.492006024809  0.5  -1.2  0.0159879503821    0.0                1440.0  8.05868468802  -1.30166957338  -1.94299688191
0.566666666667  -0.633333333333  0.066666666667  0.508072089032  0.0                0.491927910968  0.5  -1.2  0.0161441780638    0.0                1450.0  8.00310755224  -1.3015079804   -1.94291340277
0.566666666667  -0.633333333333  0.066666666667  0.508474514801  0.0                0.491525485199  0.5  -1.2  0.0169490296029    0.0                1460.0  7.94829174709  -1.30070082023  -1.94250866837
0.566666666667  -0.633333333333  0.066666666667  0.508671891739  0.0                0.491328108261  0.5  -1.2  0.0173437834774    0.0                1470.0  7.8942217352   -1.30030222334  -1.94230744841
0.566666666667  -0.633333333333  0.066666666667  0.50881975008   0.0                0.49118024992   0.5  -1.2  0.0176395001607    0.0                1480.0  7.84088239916  -1.30001148118  -1.94216456459
0.566666666667  -0.633333333333  0.066666666667  0.509103331221  0.0                0.490896668779  0.5  -1.2  0.0182066624411    0.0                1490.0  7.78825902735  -1.29943396406  -1.94187062861
0.566666666667  -0.633333333333  0.066666666667  0.509287456703  0.0                0.490712543297  0.5  -1.2  0.0185749134052    0.0                1500.0  7.7363373005   -1.29906549822  -1.94168628826
0.566666666667  -0.633333333333  0.066666666667  0.509473535031  0.0                0.490526464969  0.5  -1.2  0.0189470700614    0.0                1510.0  7.68510327864  -1.29868697732  -1.94149384568
0.566666666667  -0.633333333333  0.066666666667  0.509756418726  0.0                0.490243581274  0.5  -1.2  0.0195128374518    0.0                1520.0  7.63454338865  -1.29812092325  -1.94121067531
0.566666666667  -0.633333333333  0.066666666667  0.509937196472  0.0                0.490062803528  0.5  -1.2  0.0198743929439    0.0                1530.0  7.58464441225  -1.29775553946  -1.94102606927
0.566666666667  -0.633333333333  0.066666666667  0.51011769524   0.0                0.48988230476   0.5  -1.2  0.0202353904799    0.0                1540.0  7.53539347451  -1.29738725877  -1.94083828735
0.566666666667  -0.633333333333  0.066666666667  0.510387048502  0.0                0.489612951498  0.5  -1.2  0.020774097004     0.0                1550.0  7.48677803274  -1.29684816719  -1.94056854903
0.566666666667  -0.633333333333  0.066666666667  0.510673837889  0.0                0.489326162111  0.5  -1.2  0.0213476757785    0.0                1560.0  7.43878586587  -1.29627095582  -1.94027812704
0.566666666667  -0.633333333333  0.066666666667  0.510838853378  2.7897800293e-07   0.489160867644  0.5  -1.2  0.0216782647122    5.57956005859e-07  1570.0  7.39140506417  -1.29593619685  -1.940107993
0.566666666667  -0.633333333333  0.066666666667  0.511045715567  0.0                0.488954284433  0.5  -1.2  0.0220914311348    0.0                1580.0  7.34462401946  -1.29552273935  -1.93990178825
0.566666666667  -0.633333333333  0.066666666667  0.511369190562  0.0                0.488630809438  0.5  -1.2  0.0227383811241    0.0                1590.0  7.29843141557  -1.29486491415  -1.93956743805
0.566666666667  -0.633333333333  0.066666666667  0.51169364198   0.0                0.48830635802   0.5  -1.2  0.0233872839594    0.0                1600.0  7.25281621922  -1.2942147901   -1.93924176542
0.566666666667  -0.633333333333  0.066666666667  0.511825180108  0.0                0.488174819892  0.5  -1.2  0.0236503602164    0.0                1610.0  7.20776767127  -1.29394732076  -1.93910583421
0.566666666667  -0.633333333333  0.066666666667  0.512219655005  2.7897800293e-07   0.487780066017  0.5  -1.2  0.0244398679653    5.57956005859e-07  1620.0  7.16327527824  -1.29315273487  -1.93870533264
0.566666666667  -0.633333333333  0.066666666667  0.512369605681  1.39489001953e-07  0.48763025483   0.5  -1.2  0.0247394903407    2.78978003906e-07  1630.0  7.11932880414  -1.29284680946  -1.93854955319
0.566666666667  -0.633333333333  0.066666666667  0.512646630838  0.0                0.487353369162  0.5  -1.2  0.0252932616769    0.0                1640.0  7.07591826265  -1.29228855895  -1.93826852312
0.566666666667  -0.633333333333  0.066666666667  0.51283368559   5.57956005859e-07  0.487165756454  0.5  -1.2  0.0256684870911    1.11591201172e-06  1650.0  7.03303390954  -1.29190864867  -1.93807488645
0.566666666667  -0.633333333333  0.066666666667  0.51307528054   0.0                0.48692471946   0.5  -1.2  0.0261505610806    0.0                1660.0  6.99066623539  -1.29142343855  -1.93783205242
0.566666666667  -0.633333333333  0.066666666667  0.513359559125  0.0                0.486640440875  0.5  -1.2  0.026719118251     0.0                1670.0  6.94880595853  -1.29085557482  -1.93754846728
0.566666666667  -0.633333333333  0.066666666667  0.513662668726  2.7897800293e-07   0.486337052296  0.5  -1.2  0.0273258954078    5.57956005859e-07  1680.0  6.9074440183   -1.29023567901  -1.9372312905
0.566666666667  -0.633333333333  0.066666666667  0.513820291298  0.0                0.486179708702  0.5  -1.2  0.0276405825953    0.0                1690.0  6.86657156849  -1.28991864879  -1.93707227342
0.566666666667  -0.633333333333  0.066666666667  0.514032593558  0.0                0.485967406442  0.5  -1.2  0.0280651871161    0.0                1700.0  6.82617997103  -1.28949044127  -1.93685636816
0.566666666667  -0.633333333333  0.066666666667  0.51439554394   1.1159120127e-06   0.485603340148  0.5  -1.2  0.0287933197043    2.23182402539e-06  1710.0  6.78626078991  -1.28875977851  -1.93648709351
0.566666666667  -0.633333333333  0.066666666667  0.514755844031  1.39489001953e-07  0.48524401648   0.5  -1.2  0.0295119670404    2.78978003906e-07  1720.0  6.74680578532  -1.28803125772  -1.9361202398
0.566666666667  -0.633333333333  0.066666666667  0.514880547199  4.18467004883e-07  0.485119034334  0.5  -1.2  0.0297619313312    8.36934009766e-07  1730.0  6.70780690795  -1.28777823767  -1.93599153234
0.566666666667  -0.633333333333  0.066666666667  0.515182261909  0.0                0.484817738091  0.5  -1.2  0.030364523818     0.0                1740.0  6.66925629353  -1.28717253142  -1.93568812666
0.566666666667  -0.633333333333  0.066666666667  0.515324401202  1.39489001953e-07  0.484675459309  0.5  -1.2  0.0306490813812    2.78978003906e-07  1750.0  6.63114625757  -1.28687377104  -1.93553131029
0.566666666667  -0.633333333333  0.066666666667  0.515675216041  0.0                0.484324783959  0.5  -1.2  0.0313504320811    0.0                1760.0  6.5934692902   -1.28616828039  -1.93517682976
0.566666666667  -0.633333333333  0.066666666667  0.515822795404  1.39489001953e-07  0.484177065107  0.5  -1.2  0.0316458697865    2.78978003906e-07  1770.0  6.55621805127  -1.28587182249  -1.93502775595
0.566666666667  -0.633333333333  0.066666666667  0.516111956104  0.0                0.483888043896  0.5  -1.2  0.032223912209     0.0                1780.0  6.51938536559  -1.28528143235  -1.93472672179
0.566666666667  -0.633333333333  0.066666666667  0.516382146301  2.7897800293e-07   0.483617574721  0.5  -1.2  0.0327648505571    5.57956005859e-07  1790.0  6.4829642183   -1.284733291    -1.93444838006
0.566666666667  -0.633333333333  0.066666666667  0.516660147881  1.39489001953e-07  0.48333971263   0.5  -1.2  0.0333205747393    2.78978003906e-07  1800.0  6.44694775042  -1.28417867829  -1.93417196422
0.566666666667  -0.633333333333  0.066666666667  0.51696618675   6.97445007813e-07  0.483033115805  0.5  -1.2  0.0339337683902    1.39489001563e-06  1810.0  6.41132925456  -1.2835552455   -1.93385378916
0.566666666667  -0.633333333333  0.066666666667  0.517191461488  5.57956005859e-07  0.482807980556  0.5  -1.2  0.0343840388873    1.11591201172e-06  1820.0  6.37610217074  -1.2830948751   -1.93361888878
0.566666666667  -0.633333333333  0.066666666667  0.517376284415  5.57956005859e-07  0.482623157629  0.5  -1.2  0.0347536847415    1.11591201172e-06  1830.0  6.34126008238  -1.28271049173  -1.93341932834
0.566666666667  -0.633333333333  0.066666666667  0.517689437223  9.76423010742e-07  0.482309586354  0.5  -1.2  0.0353808272925    1.95284602148e-06  1840.0  6.30679671236  -1.28208408204  -1.93310548561
0.566666666667  -0.633333333333  0.066666666667  0.518038438705  1.1159120127e-06   0.481960445383  0.5  -1.2  0.0360791092344    2.23182402539e-06  1850.0  6.27270591932  -1.28136982413  -1.93274003389
0.566666666667  -0.633333333333  0.066666666667  0.518241116224  0.0                0.481758883776  0.5  -1.2  0.0364822324489    0.0                1860.0  6.23898169395  -1.28096791948  -1.93254236904
0.566666666667  -0.633333333333  0.066666666667  0.51853655393   5.57956005859e-07  0.481462888114  0.5  -1.2  0.0370742237716    1.11591201172e-06  1870.0  6.20561815548  -1.28036854836  -1.93223765449
0.566666666667  -0.633333333333  0.066666666667  0.518796561429  2.7897800293e-07   0.481203159593  0.5  -1.2  0.0375936808135    5.57956005859e-07  1880.0  6.17260954827  -1.27983962042  -1.93196912461
0.566666666667  -0.633333333333  0.066666666667  0.519007747777  9.76423010742e-07  0.4809912758    0.5  -1.2  0.0380174484002    1.95284602148e-06  1890.0  6.13995023849  -1.27939872445  -1.93173843857
0.566666666667  -0.633333333333  0.066666666667  0.519397201069  1.39489001953e-07  0.480602659442  0.5  -1.2  0.038794681117     2.78978003906e-07  1900.0  6.10763471092  -1.27862161588  -1.93135195499
0.566666666667  -0.633333333333  0.066666666667  0.519472385641  1.39489001953e-07  0.48052747487   0.5  -1.2  0.0389450502607    2.78978003906e-07  1910.0  6.07565756584  -1.27845943041  -1.9312649541
0.566666666667  -0.633333333333  0.066666666667  0.519810367492  4.18467004883e-07  0.480189214041  0.5  -1.2  0.0396215719183    8.36934009766e-07  1920.0  6.04401351602  -1.27778600779  -1.93092912277
0.566666666667  -0.633333333333  0.066666666667  0.520080139221  1.53437901758e-06  0.4799183264    0.5  -1.2  0.0401633472004    3.06875803516e-06  1930.0  6.01269738381  -1.2772304269   -1.93064175133
0.566666666667  -0.633333333333  0.066666666667  0.520445600405  8.36934009766e-07  0.479553562661  0.5  -1.2  0.0408928746786    1.67386801953e-06  1940.0  5.98170409833  -1.27648616982  -1.93026393185
0.566666666667  -0.633333333333  0.066666666667  0.520787069481  8.36934009766e-07  0.479212093585  0.5  -1.2  0.0415758128303    1.67386801953e-06  1950.0  5.95102869269  -1.27578459499  -1.9299038261
0.566666666667  -0.633333333333  0.066666666667  0.521004951302  4.18467004883e-07  0.478994630231  0.5  -1.2  0.0420107395372    8.36934009766e-07  1960.0  5.9206663014   -1.27534496938  -1.92968266816
0.566666666667  -0.633333333333  0.066666666667  0.521304434188  1.39489001953e-07  0.478695426323  0.5  -1.2  0.0426091473539    2.78978003906e-07  1970.0  5.89061215774  -1.27474120339  -1.92937877563
0.566666666667  -0.633333333333  0.066666666667  0.521442946767  6.97445007813e-07  0.478556355788  0.5  -1.2  0.0428872884231    1.39489001563e-06  1980.0  5.86086159129  -1.2744597139   -1.92923501758
0.566666666667  -0.633333333333  0.066666666667  0.521855276255  9.76423010742e-07  0.478143747322  0.5  -1.2  0.0437125053564    1.95284602148e-06  1990.0  5.8314100255   -1.27361445773  -1.92880170033
0.566666666667  -0.633333333333  0.066666666667  0.522123234627  8.36934009766e-07  0.477875928439  0.5  -1.2  0.0442481431224    1.67386801953e-06  2000.0  5.80225297537  -1.27307119477  -1.92852659102
0.566666666667  -0.633333333333  0.066666666667  0.52238965862   6.97445007813e-07  0.477609643935  0.5  -1.2  0.0447807121304    1.39489001563e-06  2010.0  5.77338604515  -1.27252849138  -1.92825050691
0.566666666667  -0.633333333333  0.066666666667  0.522614235913  1.53437901758e-06  0.477384229708  0.5  -1.2  0.0452315405835    3.06875803516e-06  2020.0  5.74480492611  -1.27207021274  -1.92801563386
0.566666666667  -0.633333333333  0.066666666667  0.522934084193  5.57956005859e-07  0.477065357851  0.5  -1.2  0.0458692842987    1.11591201172e-06  2030.0  5.71650539446  -1.27141729539  -1.92768393177
0.566666666667  -0.633333333333  0.066666666667  0.523264812616  9.76423010742e-07  0.476734210961  0.5  -1.2  0.0465315780781    1.95284602148e-06  2040.0  5.68848330919  -1.27073242657  -1.92732920552
0.566666666667  -0.633333333333  0.066666666667  0.523465258311  2.23182402539e-06  0.476532509865  0.5  -1.2  0.0469349802707    4.46364805078e-06  2050.0  5.66073461012  -1.2703301895   -1.92712565659
0.566666666667  -0.633333333333  0.066666666667  0.523615766944  4.18467004883e-07  0.476383814589  0.5  -1.2  0.047232370822     8.36934009766e-07  2060.0  5.6332553159   -1.27002062004  -1.92696913447
0.566666666667  -0.633333333333  0.066666666667  0.523948727191  2.23182402539e-06  0.476049040985  0.5  -1.2  0.0479019180296    4.46364805078e-06  2070.0  5.6060415221   -1.26933765592  -1.92661659189
0.566666666667  -0.633333333333  0.066666666667  0.524357150987  2.78978003125e-06  0.475640059233  0.5  -1.2  0.0487198815348    5.5795600625e-06   2080.0  5.5790893994   -1.26849398849  -1.92618056711
0.566666666667  -0.633333333333  0.066666666667  0.524540718513  1.39489001563e-06  0.475457886597  0.5  -1.2  0.0490842268069    2.78978003125e-06  2090.0  5.55239519175  -1.26812497112  -1.92599707012
0.566666666667  -0.633333333333  0.066666666667  0.52478287142   1.1159120127e-06   0.475216012668  0.5  -1.2  0.0495679746643    2.23182402539e-06  2100.0  5.52595521464  -1.26762492899  -1.92573957147
0.566666666667  -0.633333333333  0.066666666667  0.525171208801  1.25540101367e-06  0.474827535798  0.5  -1.2  0.0503449284031    2.51080202734e-06  2110.0  5.49976585344  -1.26684565413  -1.9253484387
0.566666666667  -0.633333333333  0.066666666667  0.52542410236   1.81335702051e-06  0.474574084283  0.5  -1.2  0.0508518314348    3.62671404102e-06  2120.0  5.47382356168  -1.26632632722  -1.92508122421
0.566666666667  -0.633333333333  0.066666666667  0.525753714871  2.37131302637e-06  0.474243913816  0.5  -1.2  0.0515121723682    4.74262605273e-06  2130.0  5.44812485951  -1.26564459228  -1.92472832064
0.566666666667  -0.633333333333  0.066666666667  0.525951649764  2.65029103027e-06  0.474045699945  0.5  -1.2  0.0519086001107    5.30058206055e-06  2140.0  5.42266633213  -1.26523958695  -1.92452085964
0.566666666667  -0.633333333333  0.066666666667  0.526198266319  2.37131302637e-06  0.473799362368  0.5  -1.2  0.0524012752642    4.74262605273e-06  2150.0  5.39744462826  -1.26472139947  -1.92424967928
0.566666666667  -0.633333333333  0.066666666667  0.52650556059   2.37131302637e-06  0.473492068097  0.5  -1.2  0.0530158638052    4.74262605273e-06  2160.0  5.37245645868  -1.26410636585  -1.92394193994
0.566666666667  -0.633333333333  0.066666666667  0.526600273622  3.06875803418e-06  0.47339665762   0.5  -1.2  0.0532066847593    6.13751606836e-06  2170.0  5.34769859482  -1.26390236662  -1.92383167731
0.566666666667  -0.633333333333  0.066666666667  0.526903522711  3.62671404102e-06  0.473092850575  0.5  -1.2  0.0538142988502    7.25342808203e-06  2180.0  5.32316786732  -1.26327486398  -1.92350664263
0.566666666667  -0.633333333333  0.066666666667  0.527171481083  5.85853806641e-06  0.472822660379  0.5  -1.2  0.0543546792423    1.17170761328e-05  2190.0  5.29886116473  -1.2627170132   -1.92321362566
0.566666666667  -0.633333333333  0.066666666667  0.527458130981  2.37131302637e-06  0.472539497706  0.5  -1.2  0.0549210045886    4.74262605273e-06  2200.0  5.27477543216  -1.26214599197  -1.92293413644
0.566666666667  -0.633333333333  0.066666666667  0.527813688446  4.88211505469e-06  0.472181429439  0.5  -1.2  0.0556371411227    9.76423010938e-06  2210.0  5.25090767002  -1.26140856973  -1.92254875655
0.566666666667  -0.633333333333  0.066666666667  0.528192261597  3.48722503906e-06  0.471804251178  0.5  -1.2  0.0563914976432    6.97445007813e-06  2220.0  5.22725493277  -1.26063869991  -1.92215941273
0.566666666667  -0.633333333333  0.066666666667  0.528382245617  4.88211505469e-06  0.471612872268  0.5  -1.2  0.0567742554635    9.76423010938e-06  2230.0  5.20381432769  -1.26024423102  -1.92195297501
0.566666666667  -0.633333333333  0.066666666667  0.528738500527  6.13751606934e-06  0.471255361957  0.5  -1.2  0.0574892760856    1.22750321387e-05  2240.0  5.18058301373  -1.25949941607  -1.92156265741
0.566666666667  -0.633333333333  0.066666666667  0.528895704631  5.30058205957e-06  0.471098994786  0.5  -1.2  0.0578020104271    1.06011641191e-05  2250.0  5.15755820033  -1.25917408135  -1.9213956985
0.566666666667  -0.633333333333  0.066666666667  0.529058348807  6.55598307422e-06  0.47093509521   0.5  -1.2  0.0581298095808    1.31119661484e-05  2260.0  5.13473714635  -1.25883002953  -1.9212125333
0.566666666667  -0.633333333333  0.066666666667  0.529504434634  7.39291708301e-06  0.470488172449  0.5  -1.2  0.0590236551028    1.4785834166e-05   2270.0  5.11211715892  -1.25792062837  -1.92074804626
0.566666666667  -0.633333333333  0.066666666667  0.529587012123  8.09036209082e-06  0.470404897515  0.5  -1.2  0.0591902049707    1.61807241816e-05  2280.0  5.08969559243  -1.25772928887  -1.92063830782
0.566666666667  -0.633333333333  0.066666666667  0.529964329873  5.85853806641e-06  0.470029811589  0.5  -1.2  0.0599403768212    1.17170761328e-05  2290.0  5.06746984749  -1.25697337358  -1.92026283483
0.566666666667  -0.633333333333  0.066666666667  0.530320305805  5.85853806641e-06  0.469673835657  0.5  -1.2  0.0606523286852    1.17170761328e-05  2300.0  5.04543736989  -1.25623015068  -1.91987558787
0.566666666667  -0.633333333333  0.066666666667  0.530694833774  7.11393908008e-06  0.469298052287  0.5  -1.2  0.0614038954257    1.42278781602e-05  2310.0  5.02359564968  -1.25547003821  -1.91948824581
0.566666666667  -0.633333333333  0.066666666667  0.530932523032  8.92729610059e-06  0.469058549671  0.5  -1.2  0.061882900657     1.78545922012e-05  2320.0  5.00194222015  -1.2549792485   -1.91923260665
0.566666666667  -0.633333333333  0.066666666667  0.531119856762  6.97445007813e-06  0.468873168788  0.5  -1.2  0.0622536624232    1.39489001563e-05  2330.0  4.98047465697  -1.25457435833  -1.91901778419
0.566666666667  -0.633333333333  0.066666666667  0.531426174609  6.55598307422e-06  0.468567269408  0.5  -1.2  0.0628654611841    1.31119661484e-05  2340.0  4.95919057724  -1.25395226306  -1.91870259262
0.566666666667  -0.633333333333  0.066666666667  0.531660097665  9.20627410352e-06  0.468330696061  0.5  -1.2  0.0633386078774    1.8412548207e-05   2350.0  4.93808763862  -1.25346296081  -1.91844350302
0.566666666667  -0.633333333333  0.066666666667  0.531939773113  9.34576310547e-06  0.468050881124  0.5  -1.2  0.0638982377517    1.86915262109e-05  2360.0  4.91716353845  -1.25287828958  -1.91813831196
0.566666666667  -0.633333333333  0.066666666667  0.532084283718  8.78780709863e-06  0.467906928475  0.5  -1.2  0.064186143051     1.75756141973e-05  2370.0  4.89641601298  -1.25258013255  -1.91798544667
0.566666666667  -0.633333333333  0.066666666667  0.532352660557  8.92729610059e-06  0.467638412146  0.5  -1.2  0.064723175707     1.78545922012e-05  2380.0  4.87584283645  -1.25202639422  -1.9176998899
0.566666666667  -0.633333333333  0.066666666667  0.532697756347  8.92729610059e-06  0.467293316357  0.5  -1.2  0.0654133672868    1.78545922012e-05  2390.0  4.8554418204   -1.25132020979  -1.91733880125
0.566666666667  -0.633333333333  0.066666666667  0.533064333443  1.07406531211e-05  0.466924925903  0.5  -1.2  0.0661501481931    2.14813062422e-05  2400.0  4.83521081281  -1.2505434093   -1.91692603916
