#mu0            mu1              mu2             x0              x1                 x2              mua  mub   xa                 xb                 T       b              u               phi
0.666666666667  -0.833333333333  0.166666666667  0.5             0.0                0.5             0.5  -1.5  0.0                0.0                30.0    386.816865025  -1.31774118     -2.15107451333
0.666666666667  -0.833333333333  0.166666666667  0.5             0.0                0.5             0.5  -1.5  0.0                0.0                40.0    290.112648769  -1.31774118     -2.15107451333
0.666666666667  -0.833333333333  0.166666666667  0.5             0.0                0.5             0.5  -1.5  0.0                0.0                50.0    232.090119015  -1.31774118     -2.15107451333
0.666666666667  -0.833333333333  0.166666666667  0.5             0.0                0.5             0.5  -1.5  0.0                0.0                60.0    193.408432513  -1.31774118     -2.15107451333
0.666666666667  -0.833333333333  0.166666666667  0.5             0.0                0.5             0.5  -1.5  0.0                0.0                70.0    165.778656439  -1.31774118     -2.15107451333
0.666666666667  -0.833333333333  0.166666666667  0.5             0.0                0.5             0.5  -1.5  0.0                0.0                80.0    145.056324384  -1.31774118     -2.15107451333
0.666666666667  -0.833333333333  0.166666666667  0.5             0.0                0.5             0.5  -1.5  0.0                0.0                90.0    128.938955008  -1.31774118     -2.15107451333
0.666666666667  -0.833333333333  0.166666666667  0.5             0.0                0.5             0.5  -1.5  0.0                0.0                100.0   116.045059507  -1.31774118     -2.15107451333
0.666666666667  -0.833333333333  0.166666666667  0.5             0.0                0.5             0.5  -1.5  0.0                0.0                110.0   105.495508643  -1.31774118     -2.15107451333
0.666666666667  -0.833333333333  0.166666666667  0.5             0.0                0.5             0.5  -1.5  0.0                0.0                120.0   96.7042162563  -1.31774118     -2.15107451333
0.666666666667  -0.833333333333  0.166666666667  0.5             0.0                0.5             0.5  -1.5  0.0                0.0                130.0   89.2654303904  -1.31774118     -2.15107451333
0.666666666667  -0.833333333333  0.166666666667  0.5             0.0                0.5             0.5  -1.5  0.0                0.0                140.0   82.8893282196  -1.31774118     -2.15107451333
0.666666666667  -0.833333333333  0.166666666667  0.5             0.0                0.5             0.5  -1.5  0.0                0.0                150.0   77.363373005   -1.31774118     -2.15107451333
0.666666666667  -0.833333333333  0.166666666667  0.5             0.0                0.5             0.5  -1.5  0.0                0.0                160.0   72.5281621922  -1.31774118     -2.15107451333
0.666666666667  -0.833333333333  0.166666666667  0.5             0.0                0.5             0.5  -1.5  0.0                0.0                170.0   68.2617997103  -1.31774118     -2.15107451333
0.666666666667  -0.833333333333  0.166666666667  0.5             0.0                0.5             0.5  -1.5  0.0                0.0                180.0   64.4694775042  -1.31774118     -2.15107451333
0.666666666667  -0.833333333333  0.166666666667  0.5             0.0                0.5             0.5  -1.5  0.0                0.0                190.0   61.0763471092  -1.31774118     -2.15107451333
0.666666666667  -0.833333333333  0.166666666667  0.5             0.0                0.5             0.5  -1.5  0.0                0.0                200.0   58.0225297537  -1.31774118     -2.15107451333
0.666666666667  -0.833333333333  0.166666666667  0.5             0.0                0.5             0.5  -1.5  0.0                0.0                210.0   55.2595521464  -1.31774118     -2.15107451333
0.666666666667  -0.833333333333  0.166666666667  0.5             0.0                0.5             0.5  -1.5  0.0                0.0                220.0   52.7477543216  -1.31774118     -2.15107451333
0.666666666667  -0.833333333333  0.166666666667  0.5             0.0                0.5             0.5  -1.5  0.0                0.0                230.0   50.4543736989  -1.31774118     -2.15107451333
0.666666666667  -0.833333333333  0.166666666667  0.5             0.0                0.5             0.5  -1.5  0.0                0.0                240.0   48.3521081281  -1.31774118     -2.15107451333
0.666666666667  -0.833333333333  0.166666666667  0.5             0.0                0.5             0.5  -1.5  0.0                0.0                250.0   46.418023803   -1.31774118     -2.15107451333
0.666666666667  -0.833333333333  0.166666666667  0.5             0.0                0.5             0.5  -1.5  0.0                0.0                260.0   44.6327151952  -1.31774118     -2.15107451333
0.666666666667  -0.833333333333  0.166666666667  0.5             0.0                0.5             0.5  -1.5  0.0                0.0                270.0   42.9796516694  -1.31774118     -2.15107451333
0.666666666667  -0.833333333333  0.166666666667  0.5             0.0                0.5             0.5  -1.5  0.0                0.0                280.0   41.4446641098  -1.31774118     -2.15107451333
0.666666666667  -0.833333333333  0.166666666667  0.5             0.0                0.5             0.5  -1.5  0.0                0.0                290.0   40.0155377612  -1.31774118     -2.15107451333
0.666666666667  -0.833333333333  0.166666666667  0.5             0.0                0.5             0.5  -1.5  0.0                0.0                300.0   38.6816865025  -1.31774118     -2.15107451333
0.666666666667  -0.833333333333  0.166666666667  0.5             0.0                0.5             0.5  -1.5  0.0                0.0                310.0   37.4338901637  -1.31774118     -2.15107451333
0.666666666667  -0.833333333333  0.166666666667  0.5             0.0                0.5             0.5  -1.5  0.0                0.0                320.0   36.2640810961  -1.31774118     -2.15107451333
0.666666666667  -0.833333333333  0.166666666667  0.5             0.0                0.5             0.5  -1.5  0.0                0.0                330.0   35.1651695477  -1.31774118     -2.15107451333
0.666666666667  -0.833333333333  0.166666666667  0.5             0.0                0.5             0.5  -1.5  0.0                0.0                340.0   34.1308998551  -1.31774118     -2.15107451333
0.666666666667  -0.833333333333  0.166666666667  0.5             0.0                0.5             0.5  -1.5  0.0                0.0                350.0   33.1557312879  -1.31774118     -2.15107451333
0.666666666667  -0.833333333333  0.166666666667  0.5             0.0                0.5             0.5  -1.5  0.0                0.0                360.0   32.2347387521  -1.31774118     -2.15107451333
0.666666666667  -0.833333333333  0.166666666667  0.500000139489  0.0                0.499999860511  0.5  -1.5  2.78978003809e-07  0.0                370.0   31.3635295966  -1.31774089958  -2.15107437241
0.666666666667  -0.833333333333  0.166666666667  0.500000418467  0.0                0.499999581533  0.5  -1.5  8.36934009874e-07  0.0                380.0   30.5381735546  -1.31774033875  -2.15107409055
0.666666666667  -0.833333333333  0.166666666667  0.500000278978  0.0                0.499999721022  0.5  -1.5  5.57956005842e-07  0.0                390.0   29.7551434635  -1.31774061917  -2.15107423148
0.666666666667  -0.833333333333  0.166666666667  0.500000278978  0.0                0.499999721022  0.5  -1.5  5.57956005842e-07  0.0                400.0   29.0112648769  -1.31774061917  -2.15107423148
0.666666666667  -0.833333333333  0.166666666667  0.500000557956  0.0                0.499999442044  0.5  -1.5  1.11591201168e-06  0.0                410.0   28.3036730506  -1.31774005833  -2.15107394962
0.666666666667  -0.833333333333  0.166666666667  0.500000278978  0.0                0.499999721022  0.5  -1.5  5.57956005842e-07  0.0                420.0   27.6297760732  -1.31774061917  -2.15107423148
0.666666666667  -0.833333333333  0.166666666667  0.500000139489  0.0                0.499999860511  0.5  -1.5  2.78978003809e-07  0.0                430.0   26.9872231413  -1.31774089958  -2.15107437241
0.666666666667  -0.833333333333  0.166666666667  0.500001255401  0.0                0.499998744599  0.5  -1.5  2.5108020274e-06   0.0                440.0   26.3738771608  -1.31773865625  -2.15107324498
0.666666666667  -0.833333333333  0.166666666667  0.500000836934  0.0                0.499999163066  0.5  -1.5  1.67386801941e-06  0.0                450.0   25.7877910017  -1.3177394975   -2.15107366777
0.666666666667  -0.833333333333  0.166666666667  0.500001673868  0.0                0.499998326132  0.5  -1.5  3.34773603705e-06  0.0                460.0   25.2271868495  -1.317737815    -2.1510728222
0.666666666667  -0.833333333333  0.166666666667  0.500001813357  0.0                0.499998186643  0.5  -1.5  3.62671404108e-06  0.0                470.0   24.6904381931  -1.31773753458  -2.15107268127
0.666666666667  -0.833333333333  0.166666666667  0.500002231824  0.0                0.499997768176  0.5  -1.5  4.46364805073e-06  0.0                480.0   24.1760540641  -1.31773669333  -2.15107225849
0.666666666667  -0.833333333333  0.166666666667  0.500002510802  0.0                0.499997489198  0.5  -1.5  5.02160405658e-06  0.0                490.0   23.6826652056  -1.3177361325   -2.15107197664
0.666666666667  -0.833333333333  0.166666666667  0.500004882115  0.0                0.499995117885  0.5  -1.5  9.76423010934e-06  0.0                500.0   23.2090119015  -1.31773136542  -2.15106958086
0.666666666667  -0.833333333333  0.166666666667  0.500004463648  0.0                0.499995536352  0.5  -1.5  8.92729609969e-06  0.0                510.0   22.7539332368  -1.31773220667  -2.15107000365
0.666666666667  -0.833333333333  0.166666666667  0.500005021604  0.0                0.499994978396  0.5  -1.5  1.00432081132e-05  0.0                520.0   22.3163575976  -1.317731085    -2.15106943994
0.666666666667  -0.833333333333  0.166666666667  0.500007532406  0.0                0.499992467594  0.5  -1.5  1.50648121701e-05  0.0                530.0   21.8952942467  -1.3177260375   -2.15106690324
0.666666666667  -0.833333333333  0.166666666667  0.500009206274  0.0                0.499990793726  0.5  -1.5  1.8412548207e-05   0.0                540.0   21.4898258347  -1.3177226725   -2.15106521211
0.666666666667  -0.833333333333  0.166666666667  0.500010740653  0.0                0.499989259347  0.5  -1.5  2.14813062422e-05  0.0                550.0   21.0991017286  -1.31771958792  -2.1510636619
0.666666666667  -0.833333333333  0.166666666667  0.5000139489    0.0                0.4999860511    0.5  -1.5  2.78978003143e-05  0.0                560.0   20.7223320549  -1.31771313833  -2.15106042057
0.666666666667  -0.833333333333  0.166666666667  0.500014785834  0.0                0.499985214166  0.5  -1.5  2.95716683341e-05  0.0                570.0   20.3587823697  -1.31771145583  -2.151059575
0.666666666667  -0.833333333333  0.166666666667  0.500018412548  0.0                0.499981587452  0.5  -1.5  3.6825096414e-05   0.0                580.0   20.0077688806  -1.317704165    -2.15105591088
0.666666666667  -0.833333333333  0.166666666667  0.500024410575  0.0                0.499975589425  0.5  -1.5  4.88211505507e-05  0.0                590.0   19.6686541538  -1.31769210708  -2.15104985099
0.666666666667  -0.833333333333  0.166666666667  0.500030269113  0.0                0.499969730887  0.5  -1.5  6.05382266815e-05  0.0                600.0   19.3408432512  -1.3176803314   -2.15104393384
0.666666666667  -0.833333333333  0.166666666667  0.500033756338  0.0                0.499966243662  0.5  -1.5  6.75126767598e-05  0.0                610.0   19.0237802471  -1.31767332098  -2.15104041065
0.666666666667  -0.833333333333  0.166666666667  0.500037522541  0.0                0.499962477459  0.5  -1.5  7.50450828457e-05  0.0                620.0   18.7169450819  -1.31766574792  -2.15103660379
0.666666666667  -0.833333333333  0.166666666667  0.500047286772  0.0                0.499952713228  0.5  -1.5  9.45735430644e-05  0.0                630.0   18.4198507155  -1.31764611875  -2.15102673885
0.666666666667  -0.833333333333  0.166666666667  0.500049379107  0.0                0.499950620893  0.5  -1.5  9.87582131131e-05  0.0                640.0   18.132040548   -1.31764191531  -2.15102462775
0.666666666667  -0.833333333333  0.166666666667  0.500058027425  0.0                0.499941972575  0.5  -1.5  0.000116054849307  0.0                650.0   17.8530860781  -1.31762451327  -2.15101587402
0.666666666667  -0.833333333333  0.166666666667  0.500074208149  0.0                0.499925791851  0.5  -1.5  0.000148416297672  0.0                660.0   17.5825847739  -1.31759200377  -2.15099954525
0.666666666667  -0.833333333333  0.166666666667  0.500081601066  0.0                0.499918398934  0.5  -1.5  0.000163202131838  0.0                670.0   17.3201581354  -1.31757714207  -2.15099207647
0.666666666667  -0.833333333333  0.166666666667  0.50008104311   0.0                0.49991895689   0.5  -1.5  0.000162086219826  0.0                680.0   17.0654499276  -1.31757825973  -2.15099263617
0.666666666667  -0.833333333333  0.166666666667  0.500101687482  0.0                0.499898312518  0.5  -1.5  0.000203374964291  0.0                690.0   16.8181245663  -1.31753676784  -2.15097178866
0.666666666667  -0.833333333333  0.166666666667  0.500119542074  0.0                0.499880457926  0.5  -1.5  0.000239084148693  0.0                700.0   16.5778656439  -1.31750087538  -2.15095375079
0.666666666667  -0.833333333333  0.166666666667  0.500128050903  0.0                0.499871949097  0.5  -1.5  0.000256101806885  0.0                710.0   16.3443745785  -1.31748377533  -2.15094515957
0.666666666667  -0.833333333333  0.166666666667  0.500143394694  0.0                0.499856605306  0.5  -1.5  0.00028678938723   0.0                720.0   16.117369376   -1.31745293599  -2.15092966402
0.666666666667  -0.833333333333  0.166666666667  0.50016906067   0.0                0.49983093933   0.5  -1.5  0.000338121339809  0.0                730.0   15.8965834942  -1.31740134603  -2.15090374003
0.666666666667  -0.833333333333  0.166666666667  0.500180917235  0.0                0.499819082765  0.5  -1.5  0.000361834470076  0.0                740.0   15.6817647983  -1.31737750403  -2.1508917546
0.666666666667  -0.833333333333  0.166666666667  0.500208536057  0.0                0.499791463943  0.5  -1.5  0.000417072114697  0.0                750.0   15.472674601   -1.31732198102  -2.15086385041
0.666666666667  -0.833333333333  0.166666666667  0.500218997732  0.0                0.499781002268  0.5  -1.5  0.000437995464934  0.0                760.0   15.2690867773  -1.31730089198  -2.15085322305
0.666666666667  -0.833333333333  0.166666666667  0.500242989841  0.0                0.499757010159  0.5  -1.5  0.000485979681475  0.0                770.0   15.070786949   -1.31725276634  -2.15082908951
0.666666666667  -0.833333333333  0.166666666667  0.500268516328  0.0                0.499731483672  0.5  -1.5  0.000537032656049  0.0                780.0   14.8775717317  -1.31720142294  -2.1508032726
0.666666666667  -0.833333333333  0.166666666667  0.500294042815  0.0                0.499705957185  0.5  -1.5  0.000588085630625  0.0                790.0   14.6892480389  -1.31715014866  -2.15077752481
0.666666666667  -0.833333333333  0.166666666667  0.500343421922  0.0                0.499656578078  0.5  -1.5  0.000686843843736  0.0                800.0   14.5056324384  -1.31705082522  -2.15072758048
0.666666666667  -0.833333333333  0.166666666667  0.500356812866  0.0                0.499643187134  0.5  -1.5  0.000713625732039  0.0                810.0   14.3265505565  -1.3170239319   -2.1507140781
0.666666666667  -0.833333333333  0.166666666667  0.500393219495  0.0                0.499606780505  0.5  -1.5  0.000786438990858  0.0                820.0   14.1518365253  -1.31695071033  -2.15067726316
0.666666666667  -0.833333333333  0.166666666667  0.50045543159   0.0                0.49954456841   0.5  -1.5  0.00091086318026   0.0                830.0   13.9813324708  -1.31682565808  -2.150614423
0.666666666667  -0.833333333333  0.166666666667  0.500474402094  0.0                0.499525597906  0.5  -1.5  0.000948804188687  0.0                840.0   13.8148880366  -1.31678759882  -2.15059533424
0.666666666667  -0.833333333333  0.166666666667  0.500510529746  0.0                0.499489470254  0.5  -1.5  0.0010210594915    0.0                850.0   13.6523599421  -1.31671497418  -2.15055883726
0.666666666667  -0.833333333333  0.166666666667  0.500547912798  0.0                0.499452087202  0.5  -1.5  0.00109582559634   0.0                860.0   13.4936115706  -1.31663980149  -2.15052104763
0.666666666667  -0.833333333333  0.166666666667  0.500588783076  0.0                0.499411216924  0.5  -1.5  0.00117756615126   0.0                870.0   13.3385125871  -1.31655779306  -2.15047990947
0.666666666667  -0.833333333333  0.166666666667  0.500635790869  0.0                0.499364209131  0.5  -1.5  0.00127158173832   0.0                880.0   13.1869385804  -1.31646313895  -2.15043226315
0.666666666667  -0.833333333333  0.166666666667  0.500684333042  0.0                0.499315666958  0.5  -1.5  0.00136866608342   0.0                890.0   13.0387707312  -1.31636570233  -2.1503833687
0.666666666667  -0.833333333333  0.166666666667  0.500751985207  0.0                0.499248014793  0.5  -1.5  0.00150397041494   0.0                900.0   12.8938955008  -1.31622971833  -2.15031503687
0.666666666667  -0.833333333333  0.166666666667  0.500799690446  0.0                0.499200309554  0.5  -1.5  0.00159938089202   0.0                910.0   12.7522043415  -1.31613370001  -2.15026672379
0.666666666667  -0.833333333333  0.166666666667  0.500884499759  0.0                0.499115500241  0.5  -1.5  0.00176899951793   0.0                920.0   12.6135934247  -1.31596323799  -2.15018107109
0.666666666667  -0.833333333333  0.166666666667  0.500874875018  0.0                0.499125124982  0.5  -1.5  0.00174975003571   0.0                930.0   12.4779633879  -1.31598280598  -2.15019101433
0.666666666667  -0.833333333333  0.166666666667  0.500973075275  0.0                0.499026924725  0.5  -1.5  0.00194615054992   0.0                940.0   12.3452190965  -1.31578546958  -2.15009187819
0.666666666667  -0.833333333333  0.166666666667  0.501001252053  0.0                0.498998747947  0.5  -1.5  0.00200250410656   0.0                950.0   12.2152694218  -1.31572856115  -2.15006314653
0.666666666667  -0.833333333333  0.166666666667  0.50108829319   0.0                0.49891170681   0.5  -1.5  0.00217658638052   0.0                960.0   12.088027032   -1.31555382919  -2.14997545571
0.666666666667  -0.833333333333  0.166666666667  0.501176031772  0.0                0.498823968228  0.5  -1.5  0.00235206354449   0.0                970.0   11.9634081967  -1.3153773812   -2.14988674631
0.666666666667  -0.833333333333  0.166666666667  0.501247031674  0.0                0.498752968326  0.5  -1.5  0.00249406334809   0.0                980.0   11.8413326028  -1.31523456619  -2.1498149312
0.666666666667  -0.833333333333  0.166666666667  0.501318729021  0.0                0.498681270979  0.5  -1.5  0.00263745804171   0.0                990.0   11.7217231826  -1.31509092282  -2.14974298518
0.666666666667  -0.833333333333  0.166666666667  0.501384846808  0.0                0.498615153192  0.5  -1.5  0.0027696936152    0.0                1000.0  11.6045059507  -1.31495794574  -2.14967612588
0.666666666667  -0.833333333333  0.166666666667  0.501510107931  0.0                0.498489892069  0.5  -1.5  0.00302021586202   0.0                1010.0  11.4896098522  -1.31470606487  -2.14954950614
0.666666666667  -0.833333333333  0.166666666667  0.501607889721  0.0                0.498392110279  0.5  -1.5  0.00321577944222   0.0                1020.0  11.3769666184  -1.31450927122  -2.14945049427
0.666666666667  -0.833333333333  0.166666666667  0.501669125393  0.0                0.498330874607  0.5  -1.5  0.0033382507856    0.0                1030.0  11.2665106318  -1.31438686851  -2.14938932724
0.666666666667  -0.833333333333  0.166666666667  0.501760211711  0.0                0.498239788289  0.5  -1.5  0.00352042342165   0.0                1040.0  11.1581787988  -1.31420320478  -2.14929674982
0.666666666667  -0.833333333333  0.166666666667  0.501835535772  0.0                0.498164464228  0.5  -1.5  0.00367107154335   0.0                1050.0  11.0519104293  -1.3140518972   -2.14922076631
0.666666666667  -0.833333333333  0.166666666667  0.501905419761  0.0                0.498094580239  0.5  -1.5  0.00381083952293   0.0                1060.0  10.9476471233  -1.31391131671  -2.14915006981
0.666666666667  -0.833333333333  0.166666666667  0.502048256499  0.0                0.497951743501  0.5  -1.5  0.00409651299814   0.0                1070.0  10.8453326643  -1.31362405622  -2.14900564605
0.666666666667  -0.833333333333  0.166666666667  0.502161103101  0.0                0.497838896899  0.5  -1.5  0.00432220620269   0.0                1080.0  10.7449129174  -1.3133978899   -2.14889232633
0.666666666667  -0.833333333333  0.166666666667  0.502278134374  0.0                0.497721865626  0.5  -1.5  0.00455626874732   0.0                1090.0  10.6463357346  -1.31316215494  -2.14877362265
0.666666666667  -0.833333333333  0.166666666667  0.502360293396  0.0                0.497639706604  0.5  -1.5  0.00472058679117   0.0                1100.0  10.5495508643  -1.31299729741  -2.14869092414
0.666666666667  -0.833333333333  0.166666666667  0.502484159629  0.0                0.497515840371  0.5  -1.5  0.00496831925796   0.0                1110.0  10.4545098655  -1.31274838343  -2.1485658764
0.666666666667  -0.833333333333  0.166666666667  0.502605375571  0.0                0.497394624429  0.5  -1.5  0.00521075114269   0.0                1120.0  10.3611660275  -1.31250537272  -2.14844408163
0.666666666667  -0.833333333333  0.166666666667  0.502707202542  0.0                0.497292797458  0.5  -1.5  0.00541440508499   0.0                1130.0  10.2694742927  -1.31230003967  -2.14834057555
0.666666666667  -0.833333333333  0.166666666667  0.502778620911  0.0                0.497221379089  0.5  -1.5  0.0055572418226    0.0                1140.0  10.1793911849  -1.31215593634  -2.14826789059
0.666666666667  -0.833333333333  0.166666666667  0.502941962532  0.0                0.497058037468  0.5  -1.5  0.00588392506428   0.0                1150.0  10.0908747398  -1.3118277176   -2.14810301347
0.666666666667  -0.833333333333  0.166666666667  0.503148685232  0.0                0.496851314768  0.5  -1.5  0.00629737046493   0.0                1160.0  10.0038844403  -1.31141232494  -2.14789434351
0.666666666667  -0.833333333333  0.166666666667  0.503180907192  0.0                0.496819092808  0.5  -1.5  0.00636181438366   0.0                1170.0  9.91838115449  -1.31134778526  -2.14786202579
0.666666666667  -0.833333333333  0.166666666667  0.50337674975   0.0                0.49662325025   0.5  -1.5  0.00675349950007   0.0                1180.0  9.83432707691  -1.31095356001  -2.14766364309
0.666666666667  -0.833333333333  0.166666666667  0.503485132704  0.0                0.496514867296  0.5  -1.5  0.00697026540851   0.0                1190.0  9.7516856729   -1.31073653909  -2.14755500513
0.666666666667  -0.833333333333  0.166666666667  0.503689902559  0.0                0.496310097441  0.5  -1.5  0.00737980511713   0.0                1200.0  9.67042162562  -1.31032559947  -2.14734883536
0.666666666667  -0.833333333333  0.166666666667  0.503836505499  0.0                0.496163494501  0.5  -1.5  0.00767301099843   0.0                1210.0  9.59050078574  -1.31003104597  -2.1472008848
0.666666666667  -0.833333333333  0.166666666667  0.503973204721  0.0                0.496026795279  0.5  -1.5  0.00794640944151   0.0                1220.0  9.51189012357  -1.3097570954   -2.14706363345
0.666666666667  -0.833333333333  0.166666666667  0.504074055269  0.0                0.495925944731  0.5  -1.5  0.00814811053778   0.0                1230.0  9.43455768354  -1.30955212569  -2.14695951429
0.666666666667  -0.833333333333  0.166666666667  0.504248834988  0.0                0.495751165012  0.5  -1.5  0.00849766997572   0.0                1240.0  9.35847254093  -1.30920111673  -2.14678328505
0.666666666667  -0.833333333333  0.166666666667  0.504410363252  0.0                0.495589636748  0.5  -1.5  0.00882072650336   0.0                1250.0  9.2836047606   -1.30887577717  -2.14661947376
0.666666666667  -0.833333333333  0.166666666667  0.504574402318  0.0                0.495425597682  0.5  -1.5  0.00914880463505   0.0                1260.0  9.20992535774  -1.30854702615  -2.1464547618
0.666666666667  -0.833333333333  0.166666666667  0.504686272497  0.0                0.495313727503  0.5  -1.5  0.00937254499357   0.0                1270.0  9.13740626043  -1.30832156204  -2.14634116787
0.666666666667  -0.833333333333  0.166666666667  0.504891739796  0.0                0.495108260204  0.5  -1.5  0.0097834795922    0.0                1280.0  9.06602027402  -1.30790937229  -2.14613444542
0.666666666667  -0.833333333333  0.166666666667  0.505089674689  0.0                0.494910325311  0.5  -1.5  0.0101793493787    0.0                1290.0  8.99574104709  -1.30751143841  -2.14593444643
0.666666666667  -0.833333333333  0.166666666667  0.505314112493  0.0                0.494685887507  0.5  -1.5  0.0106282249857    0.0                1300.0  8.92654303904  -1.30705904087  -2.14570648669
0.666666666667  -0.833333333333  0.166666666667  0.505538410807  0.0                0.494461589193  0.5  -1.5  0.0110768216148    0.0                1310.0  8.85840148912  -1.30660911984  -2.14548086398
0.666666666667  -0.833333333333  0.166666666667  0.50563019457   0.0                0.49436980543   0.5  -1.5  0.0112603891408    0.0                1320.0  8.79129238693  -1.30642292404  -2.14538645195
0.666666666667  -0.833333333333  0.166666666667  0.505872068499  0.0                0.494127931501  0.5  -1.5  0.0117441369983    0.0                1330.0  8.72519244417  -1.30594004192  -2.14514544375
0.666666666667  -0.833333333333  0.166666666667  0.506002072249  0.0                0.493997927751  0.5  -1.5  0.0120041444972    0.0                1340.0  8.66007906772  -1.30567571499  -2.14501112057
0.666666666667  -0.833333333333  0.166666666667  0.506189405978  0.0                0.493810594022  0.5  -1.5  0.0123788119554    0.0                1350.0  8.59593033389  -1.30529977218  -2.14482251149
0.666666666667  -0.833333333333  0.166666666667  0.506431558884  0.0                0.493568441116  0.5  -1.5  0.0128631177689    0.0                1360.0  8.53272496379  -1.30481203711  -2.14457692933
0.666666666667  -0.833333333333  0.166666666667  0.506548450668  0.0                0.493451549332  0.5  -1.5  0.0130969013355    0.0                1370.0  8.47044229982  -1.30457759575  -2.14445937976
0.666666666667  -0.833333333333  0.166666666667  0.506740248045  0.0                0.493259751955  0.5  -1.5  0.0134804960898    0.0                1380.0  8.40906228315  -1.30419111817  -2.14426469955
0.666666666667  -0.833333333333  0.166666666667  0.506857697784  0.0                0.493142302216  0.5  -1.5  0.0137153955685    0.0                1390.0  8.34856543219  -1.30395452502  -2.14414555613
0.666666666667  -0.833333333333  0.166666666667  0.50711951864   0.0                0.49288048136   0.5  -1.5  0.0142390372804    0.0                1400.0  8.28893282196  -1.30343063013  -2.14388348211
0.666666666667  -0.833333333333  0.166666666667  0.507316058643  0.0                0.492683941357  0.5  -1.5  0.0146321172868    0.0                1410.0  8.23014606436  -1.30303054233  -2.1436799343
0.666666666667  -0.833333333333  0.166666666667  0.507475634061  0.0                0.492524365939  0.5  -1.5  0.0149512681224    0.0                1420.0  8.17218728926  -1.3027132391   -2.1435222065
0.666666666667  -0.833333333333  0.166666666667  0.507743034477  0.0                0.492256965523  0.5  -1.5  0.0154860689544    0.0                1430.0  8.1150391264   -1.30217337388  -2.14324974169
0.666666666667  -0.833333333333  0.166666666667  0.507922138355  0.0                0.492077861645  0.5  -1.5  0.0158442767105    0.0                1440.0  8.05868468802  -1.30181330303  -2.14306877471
0.666666666667  -0.833333333333  0.166666666667  0.508203069204  0.0                0.491796930796  0.5  -1.5  0.0164061384088    0.0                1450.0  8.00310755224  -1.30124771657  -2.14278411911
0.666666666667  -0.833333333333  0.166666666667  0.508401422565  0.0                0.491598577435  0.5  -1.5  0.0168028451293    0.0                1460.0  7.94829174709  -1.30084641083  -2.14258116673
0.666666666667  -0.833333333333  0.166666666667  0.508593359431  0.0                0.491406640569  0.5  -1.5  0.0171867188616    0.0                1470.0  7.8942217352   -1.30046160752  -2.14238830028
0.666666666667  -0.833333333333  0.166666666667  0.508814728476  0.0                0.491185271524  0.5  -1.5  0.0176294569526    0.0                1480.0  7.84088239916  -1.30001941662  -2.14216747843
0.666666666667  -0.833333333333  0.166666666667  0.509090637721  0.0                0.490909362279  0.5  -1.5  0.0181812754428    0.0                1490.0  7.78825902735  -1.29946290562  -2.14188687668
0.666666666667  -0.833333333333  0.166666666667  0.509254676787  0.0                0.490745323213  0.5  -1.5  0.0185093535745    0.0                1500.0  7.7363373005   -1.29913103266  -2.14171904278
0.666666666667  -0.833333333333  0.166666666667  0.509537420993  0.0                0.490462579007  0.5  -1.5  0.0190748419869    0.0                1510.0  7.68510327864  -1.29856164298  -2.14143239731
0.666666666667  -0.833333333333  0.166666666667  0.509781526746  0.0                0.490218473254  0.5  -1.5  0.0195630534924    0.0                1520.0  7.63454338865  -1.29807041162  -2.1411852717
0.666666666667  -0.833333333333  0.166666666667  0.509975834925  0.0                0.490024165075  0.5  -1.5  0.0199516698507    0.0                1530.0  7.58464441225  -1.29767943834  -2.1409886066
0.666666666667  -0.833333333333  0.166666666667  0.51025174417   0.0                0.48974825583   0.5  -1.5  0.020503488341     0.0                1540.0  7.53539347451  -1.29711982392  -2.14070490143
0.666666666667  -0.833333333333  0.166666666667  0.510351199829  0.0                0.489648800171  0.5  -1.5  0.0207023996572    0.0                1550.0  7.48677803274  -1.29691817941  -2.14060271257
0.666666666667  -0.833333333333  0.166666666667  0.510684578542  0.0                0.489315421458  0.5  -1.5  0.0213691570847    0.0                1560.0  7.43878586587  -1.29624606255  -2.14026397443
0.666666666667  -0.833333333333  0.166666666667  0.510933147943  0.0                0.489066852057  0.5  -1.5  0.0218662958863    0.0                1570.0  7.39140506417  -1.29574900607  -2.14001548735
0.666666666667  -0.833333333333  0.166666666667  0.511216171127  0.0                0.488783828873  0.5  -1.5  0.0224323422547    0.0                1580.0  7.34462401946  -1.29517647258  -2.13972597704
0.666666666667  -0.833333333333  0.166666666667  0.51136946954   0.0                0.48863053046   0.5  -1.5  0.0227389390801    0.0                1590.0  7.29843141557  -1.29486838325  -2.13957118613
0.666666666667  -0.833333333333  0.166666666667  0.511674113519  0.0                0.488325886481  0.5  -1.5  0.023348227039     0.0                1600.0  7.25281621922  -1.29425287112  -2.13926031797
0.666666666667  -0.833333333333  0.166666666667  0.51187804644   0.0                0.48812195356   0.5  -1.5  0.0237560928796    0.0                1610.0  7.20776767127  -1.29384257379  -2.13905395356
0.666666666667  -0.833333333333  0.166666666667  0.512030786897  0.0                0.487969213103  0.5  -1.5  0.024061573793     0.0                1620.0  7.16327527824  -1.29353384174  -2.13889796197
0.666666666667  -0.833333333333  0.166666666667  0.51230139556   0.0                0.48769860444   0.5  -1.5  0.0246027911191    0.0                1630.0  7.11932880414  -1.29298740177  -2.13862213066
0.666666666667  -0.833333333333  0.166666666667  0.512542153576  0.0                0.487457846424  0.5  -1.5  0.0250843071525    0.0                1640.0  7.07591826265  -1.29250378231  -2.13837926922
0.666666666667  -0.833333333333  0.166666666667  0.512866883972  0.0                0.487133116028  0.5  -1.5  0.0257337679439    0.0                1650.0  7.03303390954  -1.29184798444  -2.13804820174
0.666666666667  -0.833333333333  0.166666666667  0.513138608547  0.0                0.486861391453  0.5  -1.5  0.026277217094     0.0                1660.0  6.99066623539  -1.29130074737  -2.13777268925
0.666666666667  -0.833333333333  0.166666666667  0.513255081863  0.0                0.486744918137  0.5  -1.5  0.0265101637266    0.0                1670.0  6.94880595853  -1.29105957898  -2.13764799417
0.666666666667  -0.833333333333  0.166666666667  0.513585949775  0.0                0.486414050225  0.5  -1.5  0.0271718995501    0.0                1680.0  6.9074440183   -1.29038990741  -2.13730919052
0.666666666667  -0.833333333333  0.166666666667  0.513874692008  0.0                0.486125307992  0.5  -1.5  0.0277493840166    0.0                1690.0  6.86657156849  -1.28981047982  -2.13701850516
0.666666666667  -0.833333333333  0.166666666667  0.514037057206  0.0                0.485962942794  0.5  -1.5  0.0280741144122    0.0                1700.0  6.82617997103  -1.28948386687  -2.13685425741
0.666666666667  -0.833333333333  0.166666666667  0.51439693883   0.0                0.48560306117   0.5  -1.5  0.0287938776603    0.0                1710.0  6.78626078991  -1.28875585905  -2.13648613121
0.666666666667  -0.833333333333  0.166666666667  0.51462472437   0.0                0.48537527563   0.5  -1.5  0.0292494487395    0.0                1720.0  6.74680578532  -1.28829554609  -2.13625360379
0.666666666667  -0.833333333333  0.166666666667  0.514833399916  0.0                0.485166600084  0.5  -1.5  0.0296667998322    0.0                1730.0  6.70780690795  -1.28786859285  -2.1360353261
0.666666666667  -0.833333333333  0.166666666667  0.51524782174   0.0                0.48475217826   0.5  -1.5  0.0304956434795    0.0                1740.0  6.66925629353  -1.28703523714  -2.13561639221
0.666666666667  -0.833333333333  0.166666666667  0.515229548681  0.0                0.484770451319  0.5  -1.5  0.0304590973611    0.0                1750.0  6.63114625757  -1.28707201129  -2.1356348933
0.666666666667  -0.833333333333  0.166666666667  0.515621233797  0.0                0.484378766203  0.5  -1.5  0.0312424675939    0.0                1760.0  6.5934692902   -1.2862792642   -2.13523383133
0.666666666667  -0.833333333333  0.166666666667  0.515897700998  0.0                0.484102299002  0.5  -1.5  0.0317954019961    0.0                1770.0  6.55621805127  -1.28572108917  -2.1349521235
0.666666666667  -0.833333333333  0.166666666667  0.516142085729  4.18467004883e-07  0.483857495804  0.5  -1.5  0.0322850083917    8.36934009766e-07  1780.0  6.51938536559  -1.28521810442  -2.13469268655
0.666666666667  -0.833333333333  0.166666666667  0.516355224923  1.39489001953e-07  0.483644635588  0.5  -1.5  0.0327107288245    2.78978003906e-07  1790.0  6.4829642183   -1.28478858117  -2.13447686045
0.666666666667  -0.833333333333  0.166666666667  0.516640340442  0.0                0.483359659558  0.5  -1.5  0.0332806808849    0.0                1800.0  6.44694775042  -1.28421005527  -2.13418372905
0.666666666667  -0.833333333333  0.166666666667  0.516945402889  0.0                0.483054597111  0.5  -1.5  0.0338908057777    0.0                1810.0  6.41132925456  -1.2835970349   -2.13387577112
0.666666666667  -0.833333333333  0.166666666667  0.517267064526  0.0                0.482732935474  0.5  -1.5  0.034534129053     0.0                1820.0  6.37610217074  -1.28293776685  -2.13353816471
0.666666666667  -0.833333333333  0.166666666667  0.517478529853  0.0                0.482521470147  0.5  -1.5  0.0349570597058    0.0                1830.0  6.34126008238  -1.2825191768   -2.13333103998
0.666666666667  -0.833333333333  0.166666666667  0.517770201355  0.0                0.482229798645  0.5  -1.5  0.0355404027103    0.0                1840.0  6.30679671236  -1.28192574877  -2.13302928346
0.666666666667  -0.833333333333  0.166666666667  0.518147240126  0.0                0.481852759874  0.5  -1.5  0.0362944802528    0.0                1850.0  6.27270591932  -1.28116274478  -2.13264331824
0.666666666667  -0.833333333333  0.166666666667  0.518235257686  0.0                0.481764742314  0.5  -1.5  0.0364705153728    0.0                1860.0  6.23898169395  -1.28097852409  -2.13254711511
0.666666666667  -0.833333333333  0.166666666667  0.518506284816  0.0                0.481493715184  0.5  -1.5  0.0370125696329    0.0                1870.0  6.20561815548  -1.28043511696  -2.13227473511
0.666666666667  -0.833333333333  0.166666666667  0.518911918833  1.39489001953e-07  0.481087941678  0.5  -1.5  0.0378241166441    2.78978003906e-07  1880.0  6.17260954827  -1.27960735215  -2.13185232534
0.666666666667  -0.833333333333  0.166666666667  0.519135380214  0.0                0.480864619786  0.5  -1.5  0.0382707604271    0.0                1890.0  6.13995023849  -1.27915350074  -2.13162221429
0.666666666667  -0.833333333333  0.166666666667  0.519414916173  4.18467004883e-07  0.48058466536   0.5  -1.5  0.0388306692794    8.36934009766e-07  1900.0  6.10763471092  -1.27857587033  -2.13132328291
0.666666666667  -0.833333333333  0.166666666667  0.519620801939  0.0                0.480379198061  0.5  -1.5  0.039241603878     0.0                1910.0  6.07565756584  -1.27816428006  -2.13111841533
0.666666666667  -0.833333333333  0.166666666667  0.519848866457  0.0                0.480151133543  0.5  -1.5  0.0396977329132    0.0                1920.0  6.04401351602  -1.27770599298  -2.13088819277
0.666666666667  -0.833333333333  0.166666666667  0.520130215773  6.97445007813e-07  0.479869086782  0.5  -1.5  0.0402618264355    1.39489001563e-06  1930.0  6.01269738381  -1.27712492314  -2.13058707736
0.666666666667  -0.833333333333  0.166666666667  0.520423142676  0.0                0.479576857324  0.5  -1.5  0.0408462853521    0.0                1940.0  5.98170409833  -1.27653387331  -2.13029034932
0.666666666667  -0.833333333333  0.166666666667  0.520712303376  0.0                0.479287696624  0.5  -1.5  0.0414246067526    0.0                1950.0  5.95102869269  -1.27593815212  -2.12998378883
0.666666666667  -0.833333333333  0.166666666667  0.520905495643  0.0                0.479094504357  0.5  -1.5  0.041810991287     0.0                1960.0  5.9206663014   -1.27555260005  -2.12979142903
0.666666666667  -0.833333333333  0.166666666667  0.521224646479  1.39489001953e-07  0.478775214032  0.5  -1.5  0.0424495719362    2.78978003906e-07  1970.0  5.89061215774  -1.27490482647  -2.12946252731
0.666666666667  -0.833333333333  0.166666666667  0.521559978039  0.0                0.478440021961  0.5  -1.5  0.0431199560777    0.0                1980.0  5.86086159129  -1.27421171713  -2.1291050285
0.666666666667  -0.833333333333  0.166666666667  0.521849138739  0.0                0.478150861261  0.5  -1.5  0.0436982774782    0.0                1990.0  5.8314100255   -1.27363186853  -2.12881434061
0.666666666667  -0.833333333333  0.166666666667  0.522071902675  2.7897800293e-07   0.477927818347  0.5  -1.5  0.0441443633052    5.57956005859e-07  2000.0  5.80225297537  -1.27318375043  -2.12858842849
0.666666666667  -0.833333333333  0.166666666667  0.522490648657  8.36934009766e-07  0.477508514409  0.5  -1.5  0.0449829711827    1.67386801953e-06  2010.0  5.77338604515  -1.27231877914  -2.12814108727
0.666666666667  -0.833333333333  0.166666666667  0.5225712733    0.0                0.4774287267    0.5  -1.5  0.0451425466005    0.0                2020.0  5.74480492611  -1.27215310036  -2.12805770699
0.666666666667  -0.833333333333  0.166666666667  0.522871872099  0.0                0.477128127901  0.5  -1.5  0.0457437441973    0.0                2030.0  5.71650539446  -1.27153291484  -2.12773812027
0.666666666667  -0.833333333333  0.166666666667  0.523221710515  2.7897800293e-07   0.476778010507  0.5  -1.5  0.0464439789851    5.57956005859e-07  2040.0  5.68848330919  -1.2708349284   -2.12738941429
0.666666666667  -0.833333333333  0.166666666667  0.523585776809  1.39489001953e-07  0.476414083702  0.5  -1.5  0.0471718325953    2.78978003906e-07  2050.0  5.66073461012  -1.27008327661  -2.12700210778
0.666666666667  -0.833333333333  0.166666666667  0.523829603583  0.0                0.476170396417  0.5  -1.5  0.0476592071668    0.0                2060.0  5.6332553159   -1.26959738263  -2.12676031954
0.666666666667  -0.833333333333  0.166666666667  0.524088355681  4.18467004883e-07  0.475911225852  0.5  -1.5  0.0481775482967    8.36934009766e-07  2070.0  5.6060415221   -1.26904932329  -2.12647017538
0.666666666667  -0.833333333333  0.166666666667  0.524304424145  1.95284602246e-06  0.475693623009  0.5  -1.5  0.0486127539816    3.90569204492e-06  2080.0  5.5790893994   -1.26861052244  -2.12624437423
0.666666666667  -0.833333333333  0.166666666667  0.524590516087  1.25540101367e-06  0.475408228512  0.5  -1.5  0.049183542976     2.51080202734e-06  2090.0  5.55239519175  -1.26801747706  -2.12593881568
0.666666666667  -0.833333333333  0.166666666667  0.524873818249  4.18467004883e-07  0.475125763284  0.5  -1.5  0.0497484734324    8.36934009766e-07  2100.0  5.52595521464  -1.26745094996  -2.12565726461
0.666666666667  -0.833333333333  0.166666666667  0.525212218567  1.39489001953e-07  0.474787641944  0.5  -1.5  0.050424716112     2.78978003906e-07  2110.0  5.49976585344  -1.26674642097  -2.12529169389
0.666666666667  -0.833333333333  0.166666666667  0.525400528719  0.0                0.474599471281  0.5  -1.5  0.0508010574382    0.0                2120.0  5.47382356168  -1.26637621349  -2.12511007554
0.666666666667  -0.833333333333  0.166666666667  0.525546434215  6.97445007813e-07  0.47445286834   0.5  -1.5  0.0510942633195    1.39489001563e-06  2130.0  5.44812485951  -1.2660758387   -2.12495421136
0.666666666667  -0.833333333333  0.166666666667  0.525786913253  0.0                0.474213086747  0.5  -1.5  0.0515738265069    0.0                2140.0  5.42266633213  -1.26558137532  -2.12470162191
0.666666666667  -0.833333333333  0.166666666667  0.526305533361  1.39489001953e-07  0.47369432715   0.5  -1.5  0.0526113457006    2.78978003906e-07  2150.0  5.39744462826  -1.26453821867  -2.12417680638
0.666666666667  -0.833333333333  0.166666666667  0.526595391507  4.18467004883e-07  0.473404190026  0.5  -1.5  0.0531916199472    8.36934009766e-07  2160.0  5.37245645868  -1.26392003956  -2.12384792747
0.666666666667  -0.833333333333  0.166666666667  0.526739344156  0.0                0.473260655844  0.5  -1.5  0.0534786883124    0.0                2170.0  5.34769859482  -1.2636301465   -2.12370282399
0.666666666667  -0.833333333333  0.166666666667  0.526839636748  5.57956005859e-07  0.473159805296  0.5  -1.5  0.0536803894087    1.11591201172e-06  2180.0  5.32316786732  -1.26341312253  -2.1235849767
0.666666666667  -0.833333333333  0.166666666667  0.527338588907  5.57956005859e-07  0.472660853137  0.5  -1.5  0.0546782937259    1.11591201172e-06  2190.0  5.29886116473  -1.26239984014  -2.12307064647
0.666666666667  -0.833333333333  0.166666666667  0.527563584666  2.7897800293e-07   0.472436136356  0.5  -1.5  0.055127727289     5.57956005859e-07  2200.0  5.27477543216  -1.26194603892  -2.12284239896
0.666666666667  -0.833333333333  0.166666666667  0.527858185438  5.57956005859e-07  0.472141256606  0.5  -1.5  0.0557174867876    1.11591201172e-06  2210.0  5.25090767002  -1.26131715533  -2.12250755819
0.666666666667  -0.833333333333  0.166666666667  0.528157528835  1.25540101367e-06  0.471841215764  0.5  -1.5  0.0563175684724    2.51080202734e-06  2220.0  5.22725493277  -1.26071720491  -2.12220555627
0.666666666667  -0.833333333333  0.166666666667  0.528432322168  5.57956005859e-07  0.471567119876  0.5  -1.5  0.0568657602485    1.11591201172e-06  2230.0  5.20381432769  -1.26014825874  -2.12191279833
0.666666666667  -0.833333333333  0.166666666667  0.528710602726  6.97445007813e-07  0.471288699829  0.5  -1.5  0.0574226003428    1.39489001563e-06  2240.0  5.18058301373  -1.25958460984  -2.12162715101
0.666666666667  -0.833333333333  0.166666666667  0.529058069829  1.25540101367e-06  0.47094067477   0.5  -1.5  0.0581186504606    2.51080202734e-06  2250.0  5.15755820033  -1.25884720714  -2.1212360995
0.666666666667  -0.833333333333  0.166666666667  0.529168545119  1.53437901758e-06  0.470829920502  0.5  -1.5  0.0583401589951    3.06875803516e-06  2260.0  5.13473714635  -1.2586280527   -2.1211268624
0.666666666667  -0.833333333333  0.166666666667  0.529456868885  1.53437901758e-06  0.470541596736  0.5  -1.5  0.0589168065276    3.06875803516e-06  2270.0  5.11211715892  -1.25803755949  -2.12082469295
0.666666666667  -0.833333333333  0.166666666667  0.529752027612  4.18467004883e-07  0.470247553921  0.5  -1.5  0.0595048921583    8.36934009766e-07  2280.0  5.08969559243  -1.25743544275  -2.12051996676
0.666666666667  -0.833333333333  0.166666666667  0.530009105842  9.76423010742e-07  0.469989917735  0.5  -1.5  0.0600201645301    1.95284602148e-06  2290.0  5.06746984749  -1.25689617862  -2.12023666495
0.666666666667  -0.833333333333  0.166666666667  0.530425620001  1.25540101367e-06  0.469573124598  0.5  -1.5  0.0608537508035    2.51080202734e-06  2300.0  5.04543736989  -1.25603690738  -2.11979334991
0.666666666667  -0.833333333333  0.166666666667  0.53054306974   1.1159120127e-06   0.469455814348  0.5  -1.5  0.0610883713041    2.23182402539e-06  2310.0  5.02359564968  -1.25578101314  -2.11965518439
0.666666666667  -0.833333333333  0.166666666667  0.530752861198  2.23182402539e-06  0.469244906978  0.5  -1.5  0.0615101860449    4.46364805078e-06  2320.0  5.00194222015  -1.25536054166  -2.11944227254
0.666666666667  -0.833333333333  0.166666666667  0.531161563973  3.06875803418e-06  0.468835367269  0.5  -1.5  0.0623292654621    6.13751606836e-06  2330.0  4.98047465697  -1.25451987844  -2.11900863823
0.666666666667  -0.833333333333  0.166666666667  0.53136591536   2.78978003125e-06  0.46863129486   0.5  -1.5  0.0627374102807    5.5795600625e-06   2340.0  4.95919057724  -1.25409813566  -2.1187918048
0.666666666667  -0.833333333333  0.166666666667  0.531708918815  1.67386801855e-06  0.468289407317  0.5  -1.5  0.0634211853664    3.34773603711e-06  2350.0  4.93808763862  -1.2533947168   -2.11843362121
0.666666666667  -0.833333333333  0.166666666667  0.53190378495   2.65029103027e-06  0.468093564759  0.5  -1.5  0.0638128704828    5.30058206055e-06  2360.0  4.91716353845  -1.25298933251  -2.11822115021
0.666666666667  -0.833333333333  0.166666666667  0.532248043806  2.78978003125e-06  0.467749166414  0.5  -1.5  0.0645016671725    5.5795600625e-06   2370.0  4.89641601298  -1.25226408321  -2.11783988079
0.666666666667  -0.833333333333  0.166666666667  0.532512375464  2.65029103027e-06  0.467484974245  0.5  -1.5  0.0650300515105    5.30058206055e-06  2380.0  4.87584283645  -1.25172457068  -2.1175649789
0.666666666667  -0.833333333333  0.166666666667  0.532850915271  1.53437901758e-06  0.46714755035   0.5  -1.5  0.0657048993001    3.06875803516e-06  2390.0  4.8554418204   -1.25103245168  -2.11721363152
0.666666666667  -0.833333333333  0.166666666667  0.532905873938  1.67386801855e-06  0.467092452194  0.5  -1.5  0.0658150956113    3.34773603711e-06  2400.0  4.83521081281  -1.2509189403   -2.11715479983
