#mu0            mu1              mu2             x0              x1                 x2              mua  mub   xa                 xb                 T       b              u               phi
0.633333333333  -0.666666666667  0.033333333333  0.5             0.0                0.5             0.6  -1.3  0.0                0.0                30.0    386.816865025  -1.31774118     -1.98440784667
0.633333333333  -0.666666666667  0.033333333333  0.5             0.0                0.5             0.6  -1.3  0.0                0.0                40.0    290.112648769  -1.31774118     -1.98440784667
0.633333333333  -0.666666666667  0.033333333333  0.5             0.0                0.5             0.6  -1.3  0.0                0.0                50.0    232.090119015  -1.31774118     -1.98440784667
0.633333333333  -0.666666666667  0.033333333333  0.5             0.0                0.5             0.6  -1.3  0.0                0.0                60.0    193.408432513  -1.31774118     -1.98440784667
0.633333333333  -0.666666666667  0.033333333333  0.5             0.0                0.5             0.6  -1.3  0.0                0.0                70.0    165.778656439  -1.31774118     -1.98440784667
0.633333333333  -0.666666666667  0.033333333333  0.5             0.0                0.5             0.6  -1.3  0.0                0.0                80.0    145.056324384  -1.31774118     -1.98440784667
0.633333333333  -0.666666666667  0.033333333333  0.5             0.0                0.5             0.6  -1.3  0.0                0.0                90.0    128.938955008  -1.31774118     -1.98440784667
0.633333333333  -0.666666666667  0.033333333333  0.5             0.0                0.5             0.6  -1.3  0.0                0.0                100.0   116.045059507  -1.31774118     -1.98440784667
0.633333333333  -0.666666666667  0.033333333333  0.5             0.0                0.5             0.6  -1.3  0.0                0.0                110.0   105.495508643  -1.31774118     -1.98440784667
0.633333333333  -0.666666666667  0.033333333333  0.5             0.0                0.5             0.6  -1.3  0.0                0.0                120.0   96.7042162563  -1.31774118     -1.98440784667
0.633333333333  -0.666666666667  0.033333333333  0.5             0.0                0.5             0.6  -1.3  0.0                0.0                130.0   89.2654303904  -1.31774118     -1.98440784667
0.633333333333  -0.666666666667  0.033333333333  0.5             0.0                0.5             0.6  -1.3  0.0                0.0                140.0   82.8893282196  -1.31774118     -1.98440784667
0.633333333333  -0.666666666667  0.033333333333  0.5             0.0                0.5             0.6  -1.3  0.0                0.0                150.0   77.363373005   -1.31774118     -1.98440784667
0.633333333333  -0.666666666667  0.033333333333  0.5             0.0                0.5             0.6  -1.3  0.0                0.0                160.0   72.5281621922  -1.31774118     -1.98440784667
0.633333333333  -0.666666666667  0.033333333333  0.5             0.0                0.5             0.6  -1.3  0.0                0.0                170.0   68.2617997103  -1.31774118     -1.98440784667
0.633333333333  -0.666666666667  0.033333333333  0.5             0.0                0.5             0.6  -1.3  0.0                0.0                180.0   64.4694775042  -1.31774118     -1.98440784667
0.633333333333  -0.666666666667  0.033333333333  0.5             0.0                0.5             0.6  -1.3  0.0                0.0                190.0   61.0763471092  -1.31774118     -1.98440784667
0.633333333333  -0.666666666667  0.033333333333  0.5             0.0                0.5             0.6  -1.3  0.0                0.0                200.0   58.0225297537  -1.31774118     -1.98440784667
0.633333333333  -0.666666666667  0.033333333333  0.5             0.0                0.5             0.6  -1.3  0.0                0.0                210.0   55.2595521464  -1.31774118     -1.98440784667
0.633333333333  -0.666666666667  0.033333333333  0.5             0.0                0.5             0.6  -1.3  0.0                0.0                220.0   52.7477543216  -1.31774118     -1.98440784667
0.633333333333  -0.666666666667  0.033333333333  0.5             0.0                0.5             0.6  -1.3  0.0                0.0                230.0   50.4543736989  -1.31774118     -1.98440784667
0.633333333333  -0.666666666667  0.033333333333  0.5             0.0                0.5             0.6  -1.3  0.0                0.0                240.0   48.3521081281  -1.31774118     -1.98440784667
0.633333333333  -0.666666666667  0.033333333333  0.5             0.0                0.5             0.6  -1.3  0.0                0.0                250.0   46.418023803   -1.31774118     -1.98440784667
0.633333333333  -0.666666666667  0.033333333333  0.5             0.0                0.5             0.6  -1.3  0.0                0.0                260.0   44.6327151952  -1.31774118     -1.98440784667
0.633333333333  -0.666666666667  0.033333333333  0.5             0.0                0.5             0.6  -1.3  0.0                0.0                270.0   42.9796516694  -1.31774118     -1.98440784667
0.633333333333  -0.666666666667  0.033333333333  0.5             0.0                0.5             0.6  -1.3  0.0                0.0                280.0   41.4446641098  -1.31774118     -1.98440784667
0.633333333333  -0.666666666667  0.033333333333  0.500000139489  0.0                0.499999860511  0.6  -1.3  2.78978003809e-07  0.0                290.0   40.0155377612  -1.31774089958  -1.98440773364
0.633333333333  -0.666666666667  0.033333333333  0.5             0.0                0.5             0.6  -1.3  0.0                0.0                300.0   38.6816865025  -1.31774118     -1.98440784667
0.633333333333  -0.666666666667  0.033333333333  0.500000278978  0.0                0.499999721022  0.6  -1.3  5.57956005842e-07  0.0                310.0   37.4338901637  -1.31774061917  -1.98440762061
0.633333333333  -0.666666666667  0.033333333333  0.5             0.0                0.5             0.6  -1.3  0.0                0.0                320.0   36.2640810961  -1.31774118     -1.98440784667
0.633333333333  -0.666666666667  0.033333333333  0.500000139489  0.0                0.499999860511  0.6  -1.3  2.78978003809e-07  0.0                330.0   35.1651695477  -1.31774089958  -1.98440773364
0.633333333333  -0.666666666667  0.033333333333  0.500000557956  0.0                0.499999442044  0.6  -1.3  1.11591201168e-06  0.0                340.0   34.1308998551  -1.31774005833  -1.98440739455
0.633333333333  -0.666666666667  0.033333333333  0.500000697445  0.0                0.499999302555  0.6  -1.3  1.39489001572e-06  0.0                350.0   33.1557312879  -1.31773977792  -1.98440728152
0.633333333333  -0.666666666667  0.033333333333  0.50000139489   0.0                0.49999860511   0.6  -1.3  2.7897800311e-06   0.0                360.0   32.2347387521  -1.31773837583  -1.98440671637
0.633333333333  -0.666666666667  0.033333333333  0.500002092335  0.0                0.499997907665  0.6  -1.3  4.18467004693e-06  0.0                370.0   31.3635295966  -1.31773697375  -1.98440615122
0.633333333333  -0.666666666667  0.033333333333  0.500001673868  0.0                0.499998326132  0.6  -1.3  3.34773603705e-06  0.0                380.0   30.5381735546  -1.317737815    -1.98440649031
0.633333333333  -0.666666666667  0.033333333333  0.50000139489   0.0                0.49999860511   0.6  -1.3  2.7897800311e-06   0.0                390.0   29.7551434635  -1.31773837583  -1.98440671637
0.633333333333  -0.666666666667  0.033333333333  0.500003766203  0.0                0.499996233797  0.6  -1.3  7.53240608387e-06  0.0                400.0   29.0112648769  -1.31773360875  -1.98440479486
0.633333333333  -0.666666666667  0.033333333333  0.500003905692  0.0                0.499996094308  0.6  -1.3  7.81138408801e-06  0.0                410.0   28.3036730506  -1.31773332833  -1.98440468183
0.633333333333  -0.666666666667  0.033333333333  0.500007113939  0.0                0.499992886061  0.6  -1.3  1.42278781601e-05  0.0                420.0   27.6297760732  -1.31772687875  -1.98440208214
0.633333333333  -0.666666666667  0.033333333333  0.500007392917  0.0                0.499992607083  0.6  -1.3  1.47858341659e-05  0.0                430.0   26.9872231413  -1.31772631792  -1.98440185608
0.633333333333  -0.666666666667  0.033333333333  0.500012832988  0.0                0.499987167012  0.6  -1.3  2.56659762892e-05  0.0                440.0   26.3738771608  -1.31771538167  -1.98439744792
0.633333333333  -0.666666666667  0.033333333333  0.500010182697  0.0                0.499989817303  0.6  -1.3  2.03653942287e-05  0.0                450.0   25.7877910017  -1.31772070958  -1.98439959549
0.633333333333  -0.666666666667  0.033333333333  0.500019388971  0.0                0.499980611029  0.6  -1.3  3.87779424376e-05  0.0                460.0   25.2271868495  -1.31770220208  -1.98439213551
0.633333333333  -0.666666666667  0.033333333333  0.500023992108  0.0                0.499976007892  0.6  -1.3  4.79842165411e-05  0.0                470.0   24.6904381931  -1.31769294833  -1.98438840553
0.633333333333  -0.666666666667  0.033333333333  0.500025247509  0.0                0.499974752491  0.6  -1.3  5.04950185682e-05  0.0                480.0   24.1760540641  -1.31769042458  -1.98438738826
0.633333333333  -0.666666666667  0.033333333333  0.500030408602  0.0                0.499969591398  0.6  -1.3  6.08172046856e-05  0.0                490.0   23.6826652056  -1.31768005415  -1.98438321113
0.633333333333  -0.666666666667  0.033333333333  0.500036964585  0.0                0.499963035415  0.6  -1.3  7.39291708322e-05  0.0                500.0   23.2090119015  -1.31766686958  -1.98437789375
0.633333333333  -0.666666666667  0.033333333333  0.500047426261  0.0                0.499952573739  0.6  -1.3  9.48525210684e-05  0.0                510.0   22.7539332368  -1.31764584014  -1.98436941832
0.633333333333  -0.666666666667  0.033333333333  0.500053424288  0.0                0.499946575712  0.6  -1.3  0.000106848575203  0.0                520.0   22.3163575976  -1.31763378186  -1.98436455767
0.633333333333  -0.666666666667  0.033333333333  0.500063467496  0.0                0.499936532504  0.6  -1.3  0.00012693499143   0.0                530.0   21.8952942467  -1.31761359041  -1.98435641808
0.633333333333  -0.666666666667  0.033333333333  0.500085506758  0.0                0.499914493242  0.6  -1.3  0.000171013515926  0.0                540.0   21.4898258347  -1.31756929244  -1.98433856722
0.633333333333  -0.666666666667  0.033333333333  0.500096805367  0.0                0.499903194633  0.6  -1.3  0.000193610734182  0.0                550.0   21.0991017286  -1.31754657545  -1.98432940856
0.633333333333  -0.666666666667  0.033333333333  0.500116194338  0.0                0.499883805662  0.6  -1.3  0.000232388676617  0.0                560.0   20.7223320549  -1.31750759708  -1.98431369696
0.633333333333  -0.666666666667  0.033333333333  0.50011870514   0.0                0.49988129486   0.6  -1.3  0.000237410280674  0.0                570.0   20.3587823697  -1.31750256416  -1.98431167699
0.633333333333  -0.666666666667  0.033333333333  0.50015511177   0.0                0.49984488823   0.6  -1.3  0.000310223539494  0.0                580.0   20.0077688806  -1.31742939227  -1.98428219306
0.633333333333  -0.666666666667  0.033333333333  0.500163341621  0.0                0.499836658379  0.6  -1.3  0.00032668324168   0.0                590.0   19.6686541538  -1.31741283065  -1.98427550726
0.633333333333  -0.666666666667  0.033333333333  0.500204490876  0.0                0.499795509124  0.6  -1.3  0.000408981752607  0.0                600.0   19.3408432512  -1.3173301122   -1.98424216792
0.633333333333  -0.666666666667  0.033333333333  0.500228901452  0.0                0.499771098548  0.6  -1.3  0.000457802903156  0.0                610.0   19.0237802471  -1.31728104675  -1.98422239516
0.633333333333  -0.666666666667  0.033333333333  0.500263355235  0.0                0.499736644765  0.6  -1.3  0.000526710469933  0.0                620.0   18.7169450819  -1.31721179537  -1.98419448832
0.633333333333  -0.666666666667  0.033333333333  0.500271864064  0.0                0.499728135936  0.6  -1.3  0.000543728128125  0.0                630.0   18.4198507155  -1.31719472226  -1.98418762581
0.633333333333  -0.666666666667  0.033333333333  0.500322917039  0.0                0.499677082961  0.6  -1.3  0.000645834077275  0.0                640.0   18.132040548   -1.31709209286  -1.98414625997
0.633333333333  -0.666666666667  0.033333333333  0.500371877678  0.0                0.499628122322  0.6  -1.3  0.000743755356377  0.0                650.0   17.8530860781  -1.31699364857  -1.98410656845
0.633333333333  -0.666666666667  0.033333333333  0.500415119269  0.0                0.499584880731  0.6  -1.3  0.000830238537351  0.0                660.0   17.5825847739  -1.3169068074   -1.98407161719
0.633333333333  -0.666666666667  0.033333333333  0.500451665387  0.0                0.499548334613  0.6  -1.3  0.000903330774176  0.0                670.0   17.3201581354  -1.31683343144  -1.98404209657
0.633333333333  -0.666666666667  0.033333333333  0.500515830328  0.0                0.499484169672  0.6  -1.3  0.00103166065562   0.0                680.0   17.0654499276  -1.31670434232  -1.98399000538
0.633333333333  -0.666666666667  0.033333333333  0.500545123018  0.0                0.499454876982  0.6  -1.3  0.00109024603628   0.0                690.0   16.8181245663  -1.31664546701  -1.9839662813
0.633333333333  -0.666666666667  0.033333333333  0.500601755553  0.0                0.499398244447  0.6  -1.3  0.00120351110556   0.0                700.0   16.5778656439  -1.31653166805  -1.98392044138
0.633333333333  -0.666666666667  0.033333333333  0.500680845817  0.0                0.499319154183  0.6  -1.3  0.00136169163334   0.0                710.0   16.3443745785  -1.31637249502  -1.98385617667
0.633333333333  -0.666666666667  0.033333333333  0.500706093326  0.0                0.499293906674  0.6  -1.3  0.00141218665191   0.0                720.0   16.117369376   -1.31632197884  -1.98383595749
0.633333333333  -0.666666666667  0.033333333333  0.50080610694   0.0                0.49919389306   0.6  -1.3  0.00161221388016   0.0                730.0   15.8965834942  -1.31612099681  -1.9837549918
0.633333333333  -0.666666666667  0.033333333333  0.500868458524  0.0                0.499131541476  0.6  -1.3  0.00173691704756   0.0                740.0   15.6817647983  -1.31599577384  -1.98370459074
0.633333333333  -0.666666666667  0.033333333333  0.500944759008  0.0                0.499055240992  0.6  -1.3  0.00188951801528   0.0                750.0   15.472674601   -1.31584236107  -1.98364273855
0.633333333333  -0.666666666667  0.033333333333  0.501019525112  0.0                0.498980474888  0.6  -1.3  0.00203905022497   0.0                760.0   15.2690867773  -1.31569210109  -1.9835821979
0.633333333333  -0.666666666667  0.033333333333  0.501120933617  0.0                0.498879066383  0.6  -1.3  0.00224186723325   0.0                770.0   15.070786949   -1.31548835028  -1.98350013729
0.633333333333  -0.666666666667  0.033333333333  0.501198628991  0.0                0.498801371009  0.6  -1.3  0.002397257981     0.0                780.0   14.8775717317  -1.315332211    -1.98343723245
0.633333333333  -0.666666666667  0.033333333333  0.501266141667  0.0                0.498733858333  0.6  -1.3  0.00253228333452   0.0                790.0   14.6892480389  -1.3151965086   -1.98338254527
0.633333333333  -0.666666666667  0.033333333333  0.501397958774  0.0                0.498602041226  0.6  -1.3  0.00279591754749   0.0                800.0   14.5056324384  -1.31493173551  -1.98327595271
0.633333333333  -0.666666666667  0.033333333333  0.5014711905    0.0                0.4985288095    0.6  -1.3  0.00294238099914   0.0                810.0   14.3265505565  -1.31478434574  -1.98321644101
0.633333333333  -0.666666666667  0.033333333333  0.501570088202  0.0                0.498429911798  0.6  -1.3  0.00314017640337   0.0                820.0   14.1518365253  -1.31458566293  -1.98313643544
0.633333333333  -0.666666666667  0.033333333333  0.50169744166   0.0                0.49830255834   0.6  -1.3  0.00339488332024   0.0                830.0   13.9813324708  -1.31432984209  -1.98303343875
0.633333333333  -0.666666666667  0.033333333333  0.50181893658   0.0                0.49818106342   0.6  -1.3  0.00363787316098   0.0                840.0   13.8148880366  -1.31408606123  -1.9829354518
0.633333333333  -0.666666666667  0.033333333333  0.501994274255  0.0                0.498005725745  0.6  -1.3  0.00398854851093   0.0                850.0   13.6523599421  -1.31373392326  -1.98279371903
0.633333333333  -0.666666666667  0.033333333333  0.502049372411  0.0                0.497950627589  0.6  -1.3  0.00409874482217   0.0                860.0   13.4936115706  -1.31362250643  -1.98274841999
0.633333333333  -0.666666666667  0.033333333333  0.502189558858  0.0                0.497810441142  0.6  -1.3  0.00437911771533   0.0                870.0   13.3385125871  -1.31334168234  -1.98263581964
0.633333333333  -0.666666666667  0.033333333333  0.502301568526  0.0                0.497698431474  0.6  -1.3  0.00460313705185   0.0                880.0   13.1869385804  -1.31311626171  -1.9825448106
0.633333333333  -0.666666666667  0.033333333333  0.502521403192  0.0                0.497478596808  0.6  -1.3  0.0050428063848    0.0                890.0   13.0387707312  -1.31267497504  -1.98236732554
0.633333333333  -0.666666666667  0.033333333333  0.50266423993   0.0                0.49733576007   0.6  -1.3  0.00532847986002   0.0                900.0   12.8938955008  -1.31238786002  -1.9822516146
0.633333333333  -0.666666666667  0.033333333333  0.502850736725  0.0                0.497149263275  0.6  -1.3  0.00570147345022   0.0                910.0   12.7522043415  -1.31201367485  -1.98210122559
0.633333333333  -0.666666666667  0.033333333333  0.502918109913  0.0                0.497081890087  0.6  -1.3  0.00583621982574   0.0                920.0   12.6135934247  -1.31187875201  -1.98204715058
0.633333333333  -0.666666666667  0.033333333333  0.503088704962  0.0                0.496911295038  0.6  -1.3  0.00617740992358   0.0                930.0   12.4779633879  -1.31153467983  -1.98190779245
0.633333333333  -0.666666666667  0.033333333333  0.503211734261  0.0                0.496788265739  0.6  -1.3  0.00642346852235   0.0                940.0   12.3452190965  -1.31128768865  -1.98180843643
0.633333333333  -0.666666666667  0.033333333333  0.503438682867  0.0                0.496561317133  0.6  -1.3  0.00687736573347   0.0                950.0   12.2152694218  -1.31083241819  -1.9816255043
0.633333333333  -0.666666666667  0.033333333333  0.503680417306  0.0                0.496319582694  0.6  -1.3  0.00736083461291   0.0                960.0   12.088027032   -1.31034628226  -1.98142944969
0.633333333333  -0.666666666667  0.033333333333  0.503801075293  0.0                0.496198924707  0.6  -1.3  0.00760215058563   0.0                970.0   11.9634081967  -1.31010389863  -1.98133185565
0.633333333333  -0.666666666667  0.033333333333  0.503957023997  0.0                0.496042976003  0.6  -1.3  0.00791404799314   0.0                980.0   11.8413326028  -1.30979164567  -1.98120674113
0.633333333333  -0.666666666667  0.033333333333  0.504211172957  0.0                0.495788827043  0.6  -1.3  0.00842234591487   0.0                990.0   11.7217231826  -1.30928118352  -1.98100125774
0.633333333333  -0.666666666667  0.033333333333  0.504345779844  0.0                0.495654220156  0.6  -1.3  0.0086915596879    0.0                1000.0  11.6045059507  -1.3090101323   -1.98089173478
0.633333333333  -0.666666666667  0.033333333333  0.504569520202  0.0                0.495430479798  0.6  -1.3  0.00913904040494   0.0                1010.0  11.4896098522  -1.30856115874  -1.98071124965
0.633333333333  -0.666666666667  0.033333333333  0.504744299921  0.0                0.495255700079  0.6  -1.3  0.00948859984288   0.0                1020.0  11.3769666184  -1.30820944032  -1.9805692669
0.633333333333  -0.666666666667  0.033333333333  0.505061218933  0.0                0.494938781067  0.6  -1.3  0.010122437866     0.0                1030.0  11.2665106318  -1.30757278942  -1.9803129188
0.633333333333  -0.666666666667  0.033333333333  0.505226931867  0.0                0.494773068133  0.6  -1.3  0.0104538637338    0.0                1040.0  11.1581787988  -1.30723852945  -1.98017751436
0.633333333333  -0.666666666667  0.033333333333  0.50535498277   0.0                0.49464501723   0.6  -1.3  0.0107099655406    0.0                1050.0  11.0519104293  -1.30698275142  -1.98007539741
0.633333333333  -0.666666666667  0.033333333333  0.5056260099    0.0                0.4943739901    0.6  -1.3  0.0112520198007    0.0                1060.0  10.9476471233  -1.3064389684   -1.97985684694
0.633333333333  -0.666666666667  0.033333333333  0.505916565491  0.0                0.494083434509  0.6  -1.3  0.0118331309813    0.0                1070.0  10.8453326643  -1.30585592785  -1.9796224731
0.633333333333  -0.666666666667  0.033333333333  0.50611645323   0.0                0.49388354677   0.6  -1.3  0.0122329064598    0.0                1080.0  10.7449129174  -1.30545217463  -1.97945858517
0.633333333333  -0.666666666667  0.033333333333  0.506305181849  0.0                0.493694818151  0.6  -1.3  0.012610363698     0.0                1090.0  10.6463357346  -1.30507309298  -1.97930597787
0.633333333333  -0.666666666667  0.033333333333  0.50661666079   0.0                0.49338333921   0.6  -1.3  0.0132333215791    0.0                1100.0  10.5495508643  -1.30444804678  -1.97905470639
0.633333333333  -0.666666666667  0.033333333333  0.506833566187  0.0                0.493166433813  0.6  -1.3  0.0136671323739    0.0                1110.0  10.4545098655  -1.30401450922  -1.97888145531
0.633333333333  -0.666666666667  0.033333333333  0.507113102146  0.0                0.492886897854  0.6  -1.3  0.0142262042922    0.0                1120.0  10.3611660275  -1.30345163116  -1.9786540204
0.633333333333  -0.666666666667  0.033333333333  0.507297785584  0.0                0.492702214416  0.6  -1.3  0.0145955711684    0.0                1130.0  10.2694742927  -1.30307881253  -1.9785028219
0.633333333333  -0.666666666667  0.033333333333  0.507530592728  0.0                0.492469407272  0.6  -1.3  0.0150611854556    0.0                1140.0  10.1793911849  -1.30261384025  -1.97831721819
0.633333333333  -0.666666666667  0.033333333333  0.507883081435  0.0                0.492116918565  0.6  -1.3  0.0157661628696    0.0                1150.0  10.0908747398  -1.30190479351  -1.9780311579
0.633333333333  -0.666666666667  0.033333333333  0.508126768721  0.0                0.491873231279  0.6  -1.3  0.0162535374411    0.0                1160.0  10.0038844403  -1.30141139821  -1.97783018734
0.633333333333  -0.666666666667  0.033333333333  0.508429738832  0.0                0.491570261168  0.6  -1.3  0.0168594776639    0.0                1170.0  9.91838115449  -1.3008052547   -1.97758760796
0.633333333333  -0.666666666667  0.033333333333  0.508549559884  0.0                0.491450440116  0.6  -1.3  0.0170991197686    0.0                1180.0  9.83432707691  -1.30056292731  -1.97748906584
0.633333333333  -0.666666666667  0.033333333333  0.50876813915   0.0                0.49123186085   0.6  -1.3  0.0175362782995    0.0                1190.0  9.7516856729   -1.30012366341  -1.97731209706
0.633333333333  -0.666666666667  0.033333333333  0.50912439406   0.0                0.49087560594   0.6  -1.3  0.0182487881196    0.0                1200.0  9.67042162562  -1.29940934119  -1.97702528073
0.633333333333  -0.666666666667  0.033333333333  0.509503943633  0.0                0.490496056367  0.6  -1.3  0.0190078872661    0.0                1210.0  9.59050078574  -1.29864675962  -1.97671815865
0.633333333333  -0.666666666667  0.033333333333  0.509713037646  0.0                0.490286962354  0.6  -1.3  0.0194260752928    0.0                1220.0  9.51189012357  -1.29822227739  -1.97654458923
0.633333333333  -0.666666666667  0.033333333333  0.510048648184  0.0                0.489951351816  0.6  -1.3  0.0200972963684    0.0                1230.0  9.43455768354  -1.29755022143  -1.97627526592
0.633333333333  -0.666666666667  0.033333333333  0.510318419913  0.0                0.489681580087  0.6  -1.3  0.0206368398265    0.0                1240.0  9.35847254093  -1.29700784086  -1.97605661142
0.633333333333  -0.666666666667  0.033333333333  0.510584006972  0.0                0.489415993028  0.6  -1.3  0.0211680139444    0.0                1250.0  9.2836047606   -1.29647353313  -1.97584100816
0.633333333333  -0.666666666667  0.033333333333  0.510950444579  0.0                0.489049555421  0.6  -1.3  0.0219008891587    0.0                1260.0  9.20992535774  -1.29573598832  -1.97554318848
0.633333333333  -0.666666666667  0.033333333333  0.51103832265   0.0                0.48896167735   0.6  -1.3  0.0220766453007    0.0                1270.0  9.13740626043  -1.29555866278  -1.97547131662
0.633333333333  -0.666666666667  0.033333333333  0.511504355405  0.0                0.488495644595  0.6  -1.3  0.0230087108092    0.0                1280.0  9.06602027402  -1.29462261324  -1.97509450639
0.633333333333  -0.666666666667  0.033333333333  0.511824343174  0.0                0.488175656826  0.6  -1.3  0.0236486863484    0.0                1290.0  8.99574104709  -1.29398345419  -1.97483933266
0.633333333333  -0.666666666667  0.033333333333  0.512092022568  0.0                0.487907977432  0.6  -1.3  0.0241840451364    0.0                1300.0  8.92654303904  -1.29343901078  -1.97461610453
0.633333333333  -0.666666666667  0.033333333333  0.512457344263  0.0                0.487542655737  0.6  -1.3  0.0249146885266    0.0                1310.0  8.85840148912  -1.29269879145  -1.97431427123
0.633333333333  -0.666666666667  0.033333333333  0.512681084622  0.0                0.487318915378  0.6  -1.3  0.0253621692437    0.0                1320.0  8.79129238693  -1.29225657958  -1.97414054779
0.633333333333  -0.666666666667  0.033333333333  0.513130378696  0.0                0.486869621304  0.6  -1.3  0.0262607573918    0.0                1330.0  8.72519244417  -1.29135185536  -1.97377497646
0.633333333333  -0.666666666667  0.033333333333  0.513311016953  0.0                0.486688983047  0.6  -1.3  0.0266220339059    0.0                1340.0  8.66007906772  -1.29098121548  -1.97362110249
0.633333333333  -0.666666666667  0.033333333333  0.513572558831  0.0                0.486427441169  0.6  -1.3  0.0271451176618    0.0                1350.0  8.59593033389  -1.29045472164  -1.97340845891
0.633333333333  -0.666666666667  0.033333333333  0.51398056416   0.0                0.48601943584   0.6  -1.3  0.027961128321     0.0                1360.0  8.53272496379  -1.28963842235  -1.97308176601
0.633333333333  -0.666666666667  0.033333333333  0.514195377223  0.0                0.485804622777  0.6  -1.3  0.0283907544458    0.0                1370.0  8.47044229982  -1.28920439968  -1.97290551901
0.633333333333  -0.666666666667  0.033333333333  0.514694468871  0.0                0.485305531129  0.6  -1.3  0.029388937741     0.0                1380.0  8.40906228315  -1.28819823888  -1.97249826819
0.633333333333  -0.666666666667  0.033333333333  0.514996602048  0.0                0.485003397952  0.6  -1.3  0.0299932040958    0.0                1390.0  8.34856543219  -1.28758053503  -1.97224312416
0.633333333333  -0.666666666667  0.033333333333  0.515231780505  0.0                0.484768219495  0.6  -1.3  0.0304635610091    0.0                1400.0  8.28893282196  -1.28711145239  -1.97205625566
0.633333333333  -0.666666666667  0.033333333333  0.515510340041  0.0                0.484489659959  0.6  -1.3  0.0310206800814    0.0                1410.0  8.23014606436  -1.28655184153  -1.97183091625
0.633333333333  -0.666666666667  0.033333333333  0.515891423993  0.0                0.484108576007  0.6  -1.3  0.031782847986     0.0                1420.0  8.17218728926  -1.28578158657  -1.97151796203
0.633333333333  -0.666666666667  0.033333333333  0.51613776157   0.0                0.48386223843   0.6  -1.3  0.0322755231396    0.0                1430.0  8.1150391264   -1.28528278516  -1.97131476572
0.633333333333  -0.666666666667  0.033333333333  0.516509639248  0.0                0.483490360752  0.6  -1.3  0.0330192784959    0.0                1440.0  8.05868468802  -1.28452940041  -1.97100763418
0.633333333333  -0.666666666667  0.033333333333  0.516764346165  0.0                0.483235653835  0.6  -1.3  0.0335286923297    0.0                1450.0  8.00310755224  -1.28401991905  -1.97080380111
0.633333333333  -0.666666666667  0.033333333333  0.517004964693  0.0                0.482995035307  0.6  -1.3  0.0340099293851    0.0                1460.0  7.94829174709  -1.28353725536  -1.97060987966
0.633333333333  -0.666666666667  0.033333333333  0.517521073998  0.0                0.482478926002  0.6  -1.3  0.0350421479967    0.0                1470.0  7.8942217352   -1.28248921033  -1.9701811658
0.633333333333  -0.666666666667  0.033333333333  0.517778291717  0.0                0.482221708283  0.6  -1.3  0.0355565834345    0.0                1480.0  7.84088239916  -1.28196718694  -1.96996780367
0.633333333333  -0.666666666667  0.033333333333  0.518129385534  0.0                0.481870614466  0.6  -1.3  0.0362587710684    0.0                1490.0  7.78825902735  -1.28125881919  -1.9696807485
0.633333333333  -0.666666666667  0.033333333333  0.518492614894  0.0                0.481507385106  0.6  -1.3  0.0369852297886    0.0                1500.0  7.7363373005   -1.28052444616  -1.9693822507
0.633333333333  -0.666666666667  0.033333333333  0.518741044806  0.0                0.481258955194  0.6  -1.3  0.0374820896122    0.0                1510.0  7.68510327864  -1.28002620743  -1.96918212786
0.633333333333  -0.666666666667  0.033333333333  0.519055174038  0.0                0.480944825962  0.6  -1.3  0.0381103480753    0.0                1520.0  7.63454338865  -1.27938727029  -1.9689201458
0.633333333333  -0.666666666667  0.033333333333  0.519416450552  4.18467004883e-07  0.480583130981  0.6  -1.3  0.0388337380374    8.36934009766e-07  1530.0  7.58464441225  -1.27865427073  -1.9686200922
0.633333333333  -0.666666666667  0.033333333333  0.519711190812  0.0                0.480288809188  0.6  -1.3  0.0394223816241    0.0                1540.0  7.53539347451  -1.27805939527  -1.96837949091
0.633333333333  -0.666666666667  0.033333333333  0.520105665708  0.0                0.479894334292  0.6  -1.3  0.0402113314169    0.0                1550.0  7.48677803274  -1.27726633926  -1.96805980478
0.633333333333  -0.666666666667  0.033333333333  0.520372368679  0.0                0.479627631321  0.6  -1.3  0.0407447373589    0.0                1560.0  7.43878586587  -1.2767141094   -1.96782761848
0.633333333333  -0.666666666667  0.033333333333  0.520606012757  0.0                0.479393987243  0.6  -1.3  0.0412120255142    0.0                1570.0  7.39140506417  -1.27624355166  -1.96763743363
0.633333333333  -0.666666666667  0.033333333333  0.521160481538  0.0                0.478839518462  0.6  -1.3  0.0423209630767    0.0                1580.0  7.34462401946  -1.27511967873  -1.96717892324
0.633333333333  -0.666666666667  0.033333333333  0.521477540039  2.7897800293e-07   0.478522180983  0.6  -1.3  0.0429556380339    5.57956005859e-07  1590.0  7.29843141557  -1.27447354613  -1.96691287027
0.633333333333  -0.666666666667  0.033333333333  0.521764329426  0.0                0.478235670574  0.6  -1.3  0.0435286588523    0.0                1600.0  7.25281621922  -1.27389521708  -1.96667907906
0.633333333333  -0.666666666667  0.033333333333  0.522098266096  0.0                0.477901733904  0.6  -1.3  0.0441965321918    0.0                1610.0  7.20776767127  -1.27322163836  -1.96640622434
0.633333333333  -0.666666666667  0.033333333333  0.522283925957  0.0                0.477716074043  0.6  -1.3  0.044567851914     0.0                1620.0  7.16327527824  -1.27284242116  -1.96624979897
0.633333333333  -0.666666666667  0.033333333333  0.522836441892  0.0                0.477163558108  0.6  -1.3  0.0456728837845    0.0                1630.0  7.11932880414  -1.27172637931  -1.96579677625
0.633333333333  -0.666666666667  0.033333333333  0.523013034968  0.0                0.476986965032  0.6  -1.3  0.0460260699364    0.0                1640.0  7.07591826265  -1.27136646213  -1.96564877076
0.633333333333  -0.666666666667  0.033333333333  0.523404580596  0.0                0.476595419404  0.6  -1.3  0.0468091611913    0.0                1650.0  7.03303390954  -1.27057856202  -1.9653307254
0.633333333333  -0.666666666667  0.033333333333  0.523662077293  0.0                0.476337922707  0.6  -1.3  0.0473241545851    0.0                1660.0  6.99066623539  -1.2700347172   -1.96509587662
0.633333333333  -0.666666666667  0.033333333333  0.52416116894   1.39489001953e-07  0.475838691571  0.6  -1.3  0.0483226168583    2.78978003906e-07  1670.0  6.94880595853  -1.26903413075  -1.96469400486
0.633333333333  -0.666666666667  0.033333333333  0.524490641962  1.39489001953e-07  0.475509218549  0.6  -1.3  0.0489815629017    2.78978003906e-07  1680.0  6.9074440183   -1.26836511589  -1.96442035762
0.633333333333  -0.666666666667  0.033333333333  0.524649798913  1.1159120127e-06   0.475349085175  0.6  -1.3  0.0493018296493    2.23182402539e-06  1690.0  6.86657156849  -1.2680345143   -1.96427937739
0.633333333333  -0.666666666667  0.033333333333  0.525107601816  2.7897800293e-07   0.474892119206  0.6  -1.3  0.0502157615876    5.57956005859e-07  1700.0  6.82617997103  -1.26710396227  -1.96389936054
0.633333333333  -0.666666666667  0.033333333333  0.525422986448  0.0                0.474577013552  0.6  -1.3  0.0508459728967    0.0                1710.0  6.78626078991  -1.26645963719  -1.96363388759
0.633333333333  -0.666666666667  0.033333333333  0.52579165588   2.7897800293e-07   0.474208065142  0.6  -1.3  0.051583869715     5.57956005859e-07  1720.0  6.74680578532  -1.26571114149  -1.96332740464
0.633333333333  -0.666666666667  0.033333333333  0.526080119135  0.0                0.473919880865  0.6  -1.3  0.0521602382695    0.0                1730.0  6.70780690795  -1.26513039244  -1.96309320207
0.633333333333  -0.666666666667  0.033333333333  0.526339847656  0.0                0.473660152344  0.6  -1.3  0.0526796953114    0.0                1740.0  6.66925629353  -1.26459140528  -1.96286588913
0.633333333333  -0.666666666667  0.033333333333  0.526798348004  0.0                0.473201651996  0.6  -1.3  0.0535966960077    0.0                1750.0  6.63114625757  -1.26364864787  -1.96247333214
0.633333333333  -0.666666666667  0.033333333333  0.527121683509  0.0                0.472878316491  0.6  -1.3  0.054243367019     0.0                1760.0  6.5934692902   -1.2630004527   -1.96221313958
0.633333333333  -0.666666666667  0.033333333333  0.527417400193  0.0                0.472582599807  0.6  -1.3  0.0548348003857    0.0                1770.0  6.55621805127  -1.26239056123  -1.96195810813
0.633333333333  -0.666666666667  0.033333333333  0.527669038352  0.0                0.472330961648  0.6  -1.3  0.0553380767033    0.0                1780.0  6.51938536559  -1.26188682862  -1.96175634131
0.633333333333  -0.666666666667  0.033333333333  0.528022503482  2.7897800293e-07   0.47197721754   0.6  -1.3  0.0560455649193    5.57956005859e-07  1790.0  6.4829642183   -1.26115603839  -1.96144931867
0.633333333333  -0.666666666667  0.033333333333  0.528288509008  0.0                0.471711490992  0.6  -1.3  0.0565770180153    0.0                1800.0  6.44694775042  -1.26061103257  -1.96122391005
0.633333333333  -0.666666666667  0.033333333333  0.528661921065  0.0                0.471338078935  0.6  -1.3  0.0573238421297    0.0                1810.0  6.41132925456  -1.25985015507  -1.96091112701
0.633333333333  -0.666666666667  0.033333333333  0.529088617921  1.39489001953e-07  0.47091124259   0.6  -1.3  0.0581775148193    2.78978003906e-07  1820.0  6.37610217074  -1.2589691813   -1.96054199419
0.633333333333  -0.666666666667  0.033333333333  0.529285436902  1.39489001953e-07  0.470714423609  0.6  -1.3  0.0585711527817    2.78978003906e-07  1830.0  6.34126008238  -1.25856262679  -1.96037162245
0.633333333333  -0.666666666667  0.033333333333  0.529776438187  2.7897800293e-07   0.470223282835  0.6  -1.3  0.0595534343308    5.57956005859e-07  1840.0  6.30679671236  -1.25757071989  -1.95996872181
0.633333333333  -0.666666666667  0.033333333333  0.529950799439  2.7897800293e-07   0.470048921583  0.6  -1.3  0.0599021568347    5.57956005859e-07  1850.0  6.27270591932  -1.25720032322  -1.95980755865
0.633333333333  -0.666666666667  0.033333333333  0.53031388931   1.39489001953e-07  0.469685971201  0.6  -1.3  0.0606280575989    2.78978003906e-07  1860.0  6.23898169395  -1.2564567889   -1.95949992746
0.633333333333  -0.666666666667  0.033333333333  0.530742399523  1.39489001953e-07  0.469257460988  0.6  -1.3  0.0614850780246    2.78978003906e-07  1870.0  6.20561815548  -1.25557965154  -1.95913700234
0.633333333333  -0.666666666667  0.033333333333  0.530895837425  4.18467004883e-07  0.469103744108  0.6  -1.3  0.061792511784     8.36934009766e-07  1880.0  6.17260954827  -1.25526293359  -1.95900401931
0.633333333333  -0.666666666667  0.033333333333  0.531346805367  4.18467004883e-07  0.468652776166  0.6  -1.3  0.0626944476682    8.36934009766e-07  1890.0  6.13995023849  -1.25434363813  -1.95862588539
0.633333333333  -0.666666666667  0.033333333333  0.531521724575  5.57956005859e-07  0.468477717469  0.6  -1.3  0.0630445650621    1.11591201172e-06  1900.0  6.10763471092  -1.25398488056  -1.95847683558
0.633333333333  -0.666666666667  0.033333333333  0.532011609949  1.39489001953e-07  0.467988250562  0.6  -1.3  0.0640234988752    2.78978003906e-07  1910.0  6.07565756584  -1.25296930936  -1.95804971268
0.633333333333  -0.666666666667  0.033333333333  0.532189458426  8.36934009766e-07  0.46780970464   0.6  -1.3  0.0643805907192    1.67386801953e-06  1920.0  6.04401351602  -1.25259992347  -1.95789276854
0.633333333333  -0.666666666667  0.033333333333  0.53258700208   2.7897800293e-07   0.467412718942  0.6  -1.3  0.0651745621161    5.57956005859e-07  1930.0  6.01269738381  -1.25180056495  -1.95757124355
0.633333333333  -0.666666666667  0.033333333333  0.532978268729  2.7897800293e-07   0.467021452293  0.6  -1.3  0.0659570954149    5.57956005859e-07  1940.0  5.98170409833  -1.25098384307  -1.95722404165
0.633333333333  -0.666666666667  0.033333333333  0.533243995277  2.7897800293e-07   0.466755725745  0.6  -1.3  0.0664885485109    5.57956005859e-07  1950.0  5.95102869269  -1.25043347985  -1.95699255028
0.633333333333  -0.666666666667  0.033333333333  0.533464527389  1.39489001953e-07  0.466535333122  0.6  -1.3  0.0669293337559    2.78978003906e-07  1960.0  5.9206663014   -1.24998703489  -1.95681093913
0.633333333333  -0.666666666667  0.033333333333  0.533855096593  2.7897800293e-07   0.466144624429  0.6  -1.3  0.0677107511427    5.57956005859e-07  1970.0  5.89061215774  -1.24918755829  -1.9564799503
0.633333333333  -0.666666666667  0.033333333333  0.53415736926   8.36934009766e-07  0.465841793806  0.6  -1.3  0.0683164123875    1.67386801953e-06  1980.0  5.86086159129  -1.24853541021  -1.95618974828
0.633333333333  -0.666666666667  0.033333333333  0.534496048556  5.57956005859e-07  0.465503393488  0.6  -1.3  0.0689932130231    1.11591201172e-06  1990.0  5.8314100255   -1.24784481012  -1.95590595392
0.633333333333  -0.666666666667  0.033333333333  0.534699841987  2.7897800293e-07   0.465299879035  0.6  -1.3  0.0694002419297    5.57956005859e-07  2000.0  5.80225297537  -1.24741973424  -1.95572582073
0.633333333333  -0.666666666667  0.033333333333  0.535077717692  9.76423010742e-07  0.464921305885  0.6  -1.3  0.0701573882303    1.95284602148e-06  2010.0  5.77338604515  -1.24663511766  -1.95539367857
0.633333333333  -0.666666666667  0.033333333333  0.535395473638  1.25540101367e-06  0.464603270961  0.6  -1.3  0.0707934580774    2.51080202734e-06  2020.0  5.74480492611  -1.24598427717  -1.95512375464
0.633333333333  -0.666666666667  0.033333333333  0.535668453614  6.97445007813e-07  0.464330848941  0.6  -1.3  0.0713383021176    1.39489001563e-06  2030.0  5.71650539446  -1.24542779462  -1.9548956292
0.633333333333  -0.666666666667  0.033333333333  0.536058325373  5.57956005859e-07  0.463941116671  0.6  -1.3  0.0721177666583    1.11591201172e-06  2040.0  5.68848330919  -1.24461729214  -1.95455316812
0.633333333333  -0.666666666667  0.033333333333  0.536423228601  6.97445007813e-07  0.463576073954  0.6  -1.3  0.0728478520926    1.39489001563e-06  2050.0  5.66073461012  -1.24388083632  -1.95425440088
0.633333333333  -0.666666666667  0.033333333333  0.536622837363  1.25540101367e-06  0.463375907236  0.6  -1.3  0.0732481855271    2.51080202734e-06  2060.0  5.6332553159   -1.24344328616  -1.9540556001
0.633333333333  -0.666666666667  0.033333333333  0.537015219924  1.25540101367e-06  0.462983524675  0.6  -1.3  0.0740329506499    2.51080202734e-06  2070.0  5.6060415221   -1.2426378777   -1.95372105072
0.633333333333  -0.666666666667  0.033333333333  0.537321258793  9.76423010742e-07  0.462677764784  0.6  -1.3  0.0746444704328    1.95284602148e-06  2080.0  5.5790893994   -1.24198950408  -1.95344031431
0.633333333333  -0.666666666667  0.033333333333  0.537573315419  1.53437901758e-06  0.462425150202  0.6  -1.3  0.0751496995965    3.06875803516e-06  2090.0  5.55239519175  -1.24149212657  -1.95324462361
0.633333333333  -0.666666666667  0.033333333333  0.537977833524  1.67386801855e-06  0.462020492608  0.6  -1.3  0.0759590147836    3.34773603711e-06  2100.0  5.52595521464  -1.24065835031  -1.95289607379
0.633333333333  -0.666666666667  0.033333333333  0.538257229994  1.1159120127e-06   0.461741654094  0.6  -1.3  0.0765166918119    2.23182402539e-06  2110.0  5.49976585344  -1.24007361344  -1.95264739382
0.633333333333  -0.666666666667  0.033333333333  0.538473856413  1.39489001563e-06  0.461524748697  0.6  -1.3  0.0769505026068    2.78978003125e-06  2120.0  5.47382356168  -1.23960089598  -1.95243423749
0.633333333333  -0.666666666667  0.033333333333  0.538940028657  1.67386801855e-06  0.461058297475  0.6  -1.3  0.0778834050493    3.34773603711e-06  2130.0  5.44812485951  -1.23864552828  -1.95203788592
0.633333333333  -0.666666666667  0.033333333333  0.539215937902  1.25540101367e-06  0.460782806697  0.6  -1.3  0.0784343866055    2.51080202734e-06  2140.0  5.42266633213  -1.23805157118  -1.95177560576
0.633333333333  -0.666666666667  0.033333333333  0.539627848923  2.09233502344e-06  0.460370058742  0.6  -1.3  0.0792598825168    4.18467004688e-06  2150.0  5.39744462826  -1.23719673272  -1.95141388883
0.633333333333  -0.666666666667  0.033333333333  0.539761897854  1.53437901758e-06  0.460236567767  0.6  -1.3  0.0795268644658    3.06875803516e-06  2160.0  5.37245645868  -1.2369122184   -1.95129101436
0.633333333333  -0.666666666667  0.033333333333  0.540126522104  3.20824703613e-06  0.459870269649  0.6  -1.3  0.080259460702     6.41649407227e-06  2170.0  5.34769859482  -1.23617451632  -1.95098851796
0.633333333333  -0.666666666667  0.033333333333  0.540370627857  3.62671404102e-06  0.459625745429  0.6  -1.3  0.0807485091416    7.25342808203e-06  2180.0  5.32316786732  -1.2356496166   -1.9507559593
0.633333333333  -0.666666666667  0.033333333333  0.540832894408  2.65029103027e-06  0.459164455301  0.6  -1.3  0.0816710893979    5.30058206055e-06  2190.0  5.29886116473  -1.23470779792  -1.95037022747
0.633333333333  -0.666666666667  0.033333333333  0.540942811741  4.32415904883e-06  0.4590528641    0.6  -1.3  0.0818942718005    8.64831809766e-06  2200.0  5.27477543216  -1.23445254816  -1.95024453509
0.633333333333  -0.666666666667  0.033333333333  0.541306320079  2.37131302637e-06  0.458691308608  0.6  -1.3  0.0826173827846    4.74262605273e-06  2210.0  5.25090767002  -1.23367632306  -1.94990725398
0.633333333333  -0.666666666667  0.033333333333  0.541496583077  2.23182402539e-06  0.458501185099  0.6  -1.3  0.0829976298029    4.46364805078e-06  2220.0  5.22725493277  -1.23330353778  -1.94976297958
0.633333333333  -0.666666666667  0.033333333333  0.541871808492  1.53437901758e-06  0.458126657129  0.6  -1.3  0.0837466857413    3.06875803516e-06  2230.0  5.20381432769  -1.23251743893  -1.94942812765
0.633333333333  -0.666666666667  0.033333333333  0.542309664468  2.65029103027e-06  0.457687685241  0.6  -1.3  0.0846246295172    5.30058206055e-06  2240.0  5.18058301373  -1.23162163661  -1.94905619023
0.633333333333  -0.666666666667  0.033333333333  0.542519176948  4.4636480498e-06   0.457476359404  0.6  -1.3  0.085047281192     8.92729609961e-06  2250.0  5.15755820033  -1.23114668689  -1.94883011679
0.633333333333  -0.666666666667  0.033333333333  0.542721296511  1.67386801855e-06  0.457277029621  0.6  -1.3  0.0854459407585    3.34773603711e-06  2260.0  5.13473714635  -1.23073959623  -1.94866947529
0.633333333333  -0.666666666667  0.033333333333  0.543087873607  2.09233502344e-06  0.456910034058  0.6  -1.3  0.0861799318847    4.18467004688e-06  2270.0  5.11211715892  -1.22996596563  -1.94833515135
0.633333333333  -0.666666666667  0.033333333333  0.543335466585  2.65029103027e-06  0.456661883124  0.6  -1.3  0.0866762337523    5.30058206055e-06  2280.0  5.08969559243  -1.22944335536  -1.94810887152
0.633333333333  -0.666666666667  0.033333333333  0.543721153674  4.60313705176e-06  0.456274243188  0.6  -1.3  0.0874515136231    9.20627410352e-06  2290.0  5.06746984749  -1.22863417126  -1.94775977794
0.633333333333  -0.666666666667  0.033333333333  0.543866780192  5.44007106152e-06  0.456127779737  0.6  -1.3  0.0877444405264    1.0880142123e-05   2300.0  5.04543736989  -1.22830917875  -1.94760836555
0.633333333333  -0.666666666667  0.033333333333  0.544392095772  5.44007106152e-06  0.455602464157  0.6  -1.3  0.0887950716862    1.0880142123e-05   2310.0  5.02359564968  -1.22722308945  -1.94715265494
0.633333333333  -0.666666666667  0.033333333333  0.544402278469  4.18467004688e-06  0.455593536861  0.6  -1.3  0.0888129262784    8.36934009375e-06  2320.0  5.00194222015  -1.2272011048   -1.9471446471
0.633333333333  -0.666666666667  0.033333333333  0.544857431081  5.02160405664e-06  0.455137547315  0.6  -1.3  0.0897249053707    1.00432081133e-05  2330.0  4.98047465697  -1.22622197809  -1.94671053181
0.633333333333  -0.666666666667  0.033333333333  0.545066106628  3.90569204395e-06  0.45492998768   0.6  -1.3  0.0901400246393    7.81138408789e-06  2340.0  4.95919057724  -1.22580143803  -1.94654196468
0.633333333333  -0.666666666667  0.033333333333  0.545491687571  6.83496107715e-06  0.454501477468  0.6  -1.3  0.090997045065     1.36699221543e-05  2350.0  4.93808763862  -1.22489895809  -1.94614608089
0.633333333333  -0.666666666667  0.033333333333  0.545711940705  5.30058205957e-06  0.454282758713  0.6  -1.3  0.0914344825739    1.06011641191e-05  2360.0  4.91716353845  -1.22443474368  -1.94594831837
0.633333333333  -0.666666666667  0.033333333333  0.546056897006  6.6954720752e-06   0.453936407522  0.6  -1.3  0.0921271849557    1.33909441504e-05  2370.0  4.89641601298  -1.22369733715  -1.94562290656
0.633333333333  -0.666666666667  0.033333333333  0.546044761463  7.11393908008e-06  0.453948124598  0.6  -1.3  0.0921037508035    1.42278781602e-05  2380.0  4.87584283645  -1.22369710222  -1.94560752312
0.633333333333  -0.666666666667  0.033333333333  0.546529625232  3.76620304199e-06  0.453466608565  0.6  -1.3  0.0930667828703    7.53240608398e-06  2390.0  4.8554418204   -1.2227247445   -1.94522168876
0.633333333333  -0.666666666667  0.033333333333  0.546838174904  8.5088290957e-06   0.453153316267  0.6  -1.3  0.0936933674654    1.70176581914e-05  2400.0  4.83521081281  -1.22202790249  -1.94488846668
