#mu0  mu1  mu2   x0              x1                 x2              mua  mub  xa                 xb                 T       b              u                phi
-0.0  0.8  -0.8  0.5             0.0                0.5             0.8  0.8  0.0                0.0                30.0    386.816865025  -1.31774118      -0.51774118
-0.0  0.8  -0.8  0.5             0.0                0.5             0.8  0.8  0.0                0.0                40.0    290.112648769  -1.31774118      -0.51774118
-0.0  0.8  -0.8  0.5             0.0                0.5             0.8  0.8  0.0                0.0                50.0    232.090119015  -1.31774118      -0.51774118
-0.0  0.8  -0.8  0.5             0.0                0.5             0.8  0.8  0.0                0.0                60.0    193.408432513  -1.31774118      -0.51774118
-0.0  0.8  -0.8  0.5             0.0                0.5             0.8  0.8  0.0                0.0                70.0    165.778656439  -1.31774118      -0.51774118
-0.0  0.8  -0.8  0.5             0.0                0.5             0.8  0.8  0.0                0.0                80.0    145.056324384  -1.31774118      -0.51774118
-0.0  0.8  -0.8  0.5             0.0                0.5             0.8  0.8  0.0                0.0                90.0    128.938955008  -1.31774118      -0.51774118
-0.0  0.8  -0.8  0.5             0.0                0.5             0.8  0.8  0.0                0.0                100.0   116.045059507  -1.31774118      -0.51774118
-0.0  0.8  -0.8  0.5             0.0                0.5             0.8  0.8  0.0                0.0                110.0   105.495508643  -1.31774118      -0.51774118
-0.0  0.8  -0.8  0.5             0.0                0.5             0.8  0.8  0.0                0.0                120.0   96.7042162563  -1.31774118      -0.51774118
-0.0  0.8  -0.8  0.5             0.0                0.5             0.8  0.8  0.0                0.0                130.0   89.2654303904  -1.31774118      -0.51774118
-0.0  0.8  -0.8  0.5             0.0                0.5             0.8  0.8  0.0                0.0                140.0   82.8893282196  -1.31774118      -0.51774118
-0.0  0.8  -0.8  0.5             0.0                0.5             0.8  0.8  0.0                0.0                150.0   77.363373005   -1.31774118      -0.51774118
-0.0  0.8  -0.8  0.500000139489  0.0                0.499999860511  0.8  0.8  2.78978003809e-07  0.0                160.0   72.5281621922  -1.31774089958   -0.517741122766
-0.0  0.8  -0.8  0.500000557956  0.0                0.499999442044  0.8  0.8  1.11591201168e-06  0.0                170.0   68.2617997103  -1.31774005833   -0.517740951063
-0.0  0.8  -0.8  0.500000836934  0.0                0.499999163066  0.8  0.8  1.67386801941e-06  0.0                180.0   64.4694775042  -1.3177394975    -0.517740836594
-0.0  0.8  -0.8  0.500000836934  0.0                0.499999163066  0.8  0.8  1.67386801941e-06  0.0                190.0   61.0763471092  -1.3177394975    -0.517740836594
-0.0  0.8  -0.8  0.500004603137  1.39489001953e-07  0.499995257374  0.8  0.8  9.48525210736e-06  2.78978003906e-07  200.0   58.0225297537  -1.31773135033   -0.517739161717
-0.0  0.8  -0.8  0.500007671895  0.0                0.499992328105  0.8  0.8  1.53437901738e-05  0.0                210.0   55.2595521464  -1.31772575708   -0.517738032115
-0.0  0.8  -0.8  0.500009345763  4.18467004883e-07  0.49999023577   0.8  0.8  1.95284602209e-05  8.36934009766e-07  220.0   52.7477543216  -1.31772066433   -0.517736956647
-0.0  0.8  -0.8  0.50001534379   4.18467004883e-07  0.499984237743  0.8  0.8  3.15245143555e-05  8.36934009766e-07  230.0   50.4543736989  -1.31770860642   -0.517734495574
-0.0  0.8  -0.8  0.500020644372  2.37131302637e-06  0.499976984315  0.8  0.8  4.60313705175e-05  4.74262605273e-06  240.0   48.3521081281  -1.31768988774   -0.517730506942
-0.0  0.8  -0.8  0.500037243563  3.20824703613e-06  0.49995954819   0.8  0.8  8.09036209121e-05  6.41649407227e-06  250.0   46.418023803   -1.31765308143   -0.517722937518
-0.0  0.8  -0.8  0.500048123706  4.74262605371e-06  0.499947133668  0.8  0.8  0.000105732663191  9.48525210742e-06  260.0   44.6327151952  -1.31762486151   -0.517717035839
-0.0  0.8  -0.8  0.50007406866   6.27700507031e-06  0.499919654335  0.8  0.8  0.000160691329809  1.25540101406e-05  270.0   42.9796516694  -1.31756637647   -0.517704972743
-0.0  0.8  -0.8  0.500090946829  1.19960541348e-05  0.499897057117  0.8  0.8  0.000205885766318  2.39921082695e-05  280.0   41.4446641098  -1.31750882599   -0.517692728292
-0.0  0.8  -0.8  0.500112428135  1.86915262109e-05  0.499868880339  0.8  0.8  0.000262239322954  3.73830524219e-05  290.0   40.0155377612  -1.31743802      -0.517677717903
-0.0  0.8  -0.8  0.500169339648  1.95284602197e-05  0.499811131892  0.8  0.8  0.000377736216254  3.90569204395e-05  300.0   38.6816865025  -1.31732014499   -0.517653579502
-0.0  0.8  -0.8  0.500210209925  2.99901353379e-05  0.499759799939  0.8  0.8  0.000480400121412  5.99802706758e-05  310.0   37.4338901637  -1.31719481541   -0.517627119721
-0.0  0.8  -0.8  0.500266145015  4.04518104561e-05  0.499693403175  0.8  0.8  0.000613193650907  8.09036209121e-05  320.0   36.2640810961  -1.31703929643   -0.517594574248
-0.0  0.8  -0.8  0.500312873831  5.84458916582e-05  0.499628680278  0.8  0.8  0.000742639444365  0.000116891783316  330.0   35.1651695477  -1.31687110155   -0.517558726531
-0.0  0.8  -0.8  0.500378991617  7.88112858877e-05  0.499542197097  0.8  0.8  0.000915605806312  0.000157622571775  340.0   34.1308998551  -1.31665426196   -0.517512844658
-0.0  0.8  -0.8  0.500488350995  9.79212791025e-05  0.499413727726  0.8  0.8  0.00117254454721   0.000195842558205  350.0   33.1557312879  -1.31635567328   -0.517450382964
-0.0  0.8  -0.8  0.500566743813  0.000111312223254  0.499321943963  0.8  0.8  0.00135611207328   0.000222624446508  360.0   32.2347387521  -1.31614300473   -0.517405993946
-0.0  0.8  -0.8  0.500681403773  0.000146881918654  0.499171714309  0.8  0.8  0.00165657138266   0.000293763837309  370.0   31.3635295966  -1.31576589447   -0.51732616265
-0.0  0.8  -0.8  0.500780440964  0.000181196213041  0.499038362823  0.8  0.8  0.00192327435366   0.000362392426082  380.0   30.5381735546  -1.31542558054   -0.517254113964
-0.0  0.8  -0.8  0.500938760981  0.000236712835666  0.498824526184  0.8  0.8  0.00235094763248   0.000473425671332  390.0   29.7551434635  -1.3148793641    -0.517138862739
-0.0  0.8  -0.8  0.501008923948  0.000291950480288  0.498699125571  0.8  0.8  0.00260174885731   0.000583900960576  400.0   29.0112648769  -1.314510647     -0.517059166852
-0.0  0.8  -0.8  0.501159293092  0.000348443525925  0.498492263382  0.8  0.8  0.00301547323597   0.00069688705185   410.0   28.3036730506  -1.31397617411   -0.516946062345
-0.0  0.8  -0.8  0.501364620902  0.000409539708613  0.498225839389  0.8  0.8  0.00354832122197   0.000819079417227  420.0   27.6297760732  -1.31331294616   -0.516806866669
-0.0  0.8  -0.8  0.501514153112  0.000510111278746  0.497975735609  0.8  0.8  0.0040485287816    0.00102022255749   430.0   26.9872231413  -1.31259873077   -0.516653731846
-0.0  0.8  -0.8  0.501641925037  0.000583761471575  0.497774313491  0.8  0.8  0.00445137301814   0.00116752294315   440.0   26.3738771608  -1.31203993846   -0.516535055233
-0.0  0.8  -0.8  0.501852832408  0.000707767193973  0.497439400398  0.8  0.8  0.00512119920369   0.00141553438795   450.0   25.7877910017  -1.31110810245   -0.516337489328
-0.0  0.8  -0.8  0.50212218567   0.000792855484931  0.497084958845  0.8  0.8  0.00583008230967   0.00158571096986   460.0   25.2271868495  -1.31021782377   -0.516150458394
-0.0  0.8  -0.8  0.502290130428  0.000942945650621  0.496766923922  0.8  0.8  0.00646615215683   0.00188589130124   470.0   24.6904381931  -1.30926473229   -0.515946367055
-0.0  0.8  -0.8  0.50247983547   0.00110921654049   0.49641094799   0.8  0.8  0.00717810402085   0.00221843308099   480.0   24.1760540641  -1.30820173001   -0.515718959696
-0.0  0.8  -0.8  0.502740540414  0.00126879195829   0.495990667628  0.8  0.8  0.00801866474432   0.00253758391658   490.0   23.6826652056  -1.30702659575   -0.515471594678
-0.0  0.8  -0.8  0.50300375616   0.00145249897336   0.495543744867  0.8  0.8  0.00891251026639   0.00290499794672   500.0   23.2090119015  -1.30574662225   -0.515200628823
-0.0  0.8  -0.8  0.503181744126  0.00162225708827   0.495195998786  0.8  0.8  0.00960800242822   0.00324451417655   510.0   22.7539332368  -1.30469543705   -0.514977450336
-0.0  0.8  -0.8  0.503429616082  0.00179912914227   0.494771254776  0.8  0.8  0.0104574904478    0.00359825828453   520.0   22.3163575976  -1.30347738013   -0.514721979111
-0.0  0.8  -0.8  0.503668979208  0.00210642341273   0.494224597379  0.8  0.8  0.0115508052421    0.00421284682545   530.0   21.8952942467  -1.30174292892   -0.514353850574
-0.0  0.8  -0.8  0.504002915878  0.00234746040744   0.493649623714  0.8  0.8  0.0127007525711    0.00469492081488   540.0   21.4898258347  -1.30009069861   -0.514007237321
-0.0  0.8  -0.8  0.504245347763  0.0025833363091    0.493171315928  0.8  0.8  0.0136573681438    0.0051666726182    550.0   21.0991017286  -1.29864494047   -0.513704173076
-0.0  0.8  -0.8  0.504516095915  0.00283846169297   0.492645442392  0.8  0.8  0.0147091152157    0.00567692338595   560.0   20.7223320549  -1.29706272618   -0.513371557064
-0.0  0.8  -0.8  0.504741510141  0.00323363403442   0.492024855824  0.8  0.8  0.0159502883517    0.00646726806885   570.0   20.3587823697  -1.29500348739   -0.512937532524
-0.0  0.8  -0.8  0.504980733779  0.00357649800029   0.491442768221  0.8  0.8  0.0171144635588    0.00715299600057   580.0   20.0077688806  -1.29313487726   -0.512548844907
-0.0  0.8  -0.8  0.505128173654  0.00402328127232   0.490848545074  0.8  0.8  0.0183029098522    0.00804656254464   590.0   19.6686541538  -1.29102501094   -0.512104588855
-0.0  0.8  -0.8  0.505538829274  0.00433099400978   0.490130176716  0.8  0.8  0.0197396465683    0.00866198801957   600.0   19.3408432512  -1.2889573979    -0.511678705575
-0.0  0.8  -0.8  0.505769823061  0.00476898947472   0.489461187464  0.8  0.8  0.0210776250714    0.00953797894944   610.0   19.0237802471  -1.2867265188    -0.511219002014
-0.0  0.8  -0.8  0.505926608699  0.00525803791423   0.488815353387  0.8  0.8  0.022369293226     0.0105160758285    620.0   18.7169450819  -1.28443328952   -0.510741584762
-0.0  0.8  -0.8  0.50615272037   0.00585184259392   0.487995437036  0.8  0.8  0.0240091259284    0.0117036851878    630.0   18.4198507155  -1.28158512429   -0.510155373183
-0.0  0.8  -0.8  0.506357071758  0.00630839009606   0.487334538146  0.8  0.8  0.0253309237073    0.0126167801921    640.0   18.132040548   -1.27933772032   -0.509695883442
-0.0  0.8  -0.8  0.506611360207  0.00688252682652   0.486506112966  0.8  0.8  0.026987774068     0.013765053653     650.0   17.8530860781  -1.27652099001   -0.509123252191
-0.0  0.8  -0.8  0.506902194776  0.00739696226432   0.48570084296   0.8  0.8  0.0285983140801    0.0147939245286    660.0   17.5825847739  -1.27387551948   -0.508589310368
-0.0  0.8  -0.8  0.506825336336  0.00809357033817   0.485081093326  0.8  0.8  0.0298378133481    0.0161871406763    670.0   17.3201581354  -1.27122214001   -0.50804210323
-0.0  0.8  -0.8  0.506980029639  0.00876841812777   0.484251552234  0.8  0.8  0.0314968955328    0.0175368362555    680.0   17.0654499276  -1.26821305512   -0.507440040552
-0.0  0.8  -0.8  0.507120774041  0.00950450158906   0.48337472437   0.8  0.8  0.0332505512605    0.0190090031781    690.0   16.8181245663  -1.26498075638   -0.50678839993
-0.0  0.8  -0.8  0.507308526237  0.0101730723736    0.482518401389  0.8  0.8  0.0349631972218    0.0203461447472    700.0   16.5778656439  -1.26193832247   -0.506185796046
-0.0  0.8  -0.8  0.50754007798   0.0108410852021    0.481618836818  0.8  0.8  0.0367623263641    0.0216821704042    710.0   16.3443745785  -1.25881819859   -0.505573796005
-0.0  0.8  -0.8  0.507515667405  0.0118419187884    0.480642413807  0.8  0.8  0.0387151723861    0.0236838375768    720.0   16.117369376   -1.25489146883   -0.504810676804
-0.0  0.8  -0.8  0.50762809554   0.0123938767676    0.479978027692  0.8  0.8  0.0400439446151    0.0247877535352    730.0   15.8965834942  -1.25247243012   -0.504337788638
-0.0  0.8  -0.8  0.507712904853  0.0132782370376    0.47900885811   0.8  0.8  0.0419822837809    0.0265564740751    740.0   15.6817647983  -1.24879253156   -0.503623537845
-0.0  0.8  -0.8  0.507715415655  0.0143151982752    0.47796938607   0.8  0.8  0.0440612278603    0.0286303965505    750.0   15.472674601   -1.24467248465   -0.502825784176
-0.0  0.8  -0.8  0.507838863421  0.0150812718719    0.477079864707  0.8  0.8  0.0458402705863    0.0301625437437    760.0   15.2690867773  -1.24140288534   -0.502205136801
-0.0  0.8  -0.8  0.507802177814  0.0161384590148    0.476059363171  0.8  0.8  0.0478812736573    0.0322769180296    770.0   15.070786949   -1.23732643773   -0.501452991082
-0.0  0.8  -0.8  0.507606893212  0.0171809998125    0.475212106976  0.8  0.8  0.0495757860484    0.0343619996251    780.0   14.8775717317  -1.2335873866    -0.500737615143
-0.0  0.8  -0.8  0.507681101361  0.0180956291958    0.474223269444  0.8  0.8  0.0515534611127    0.0361912583917    790.0   14.6892480389  -1.22985213747   -0.50004791307
-0.0  0.8  -0.8  0.507599500295  0.0192719399461    0.473128559759  0.8  0.8  0.0537428804814    0.0385438798922    800.0   14.5056324384  -1.22539169159   -0.499221099892
-0.0  0.8  -0.8  0.50746042976   0.02032619782      0.47221337242   0.8  0.8  0.05557325516      0.0406523956399    810.0   14.3265505565  -1.22153781666   -0.498518337304
-0.0  0.8  -0.8  0.507452618376  0.0212952279139    0.47125215371   0.8  0.8  0.0574956925796    0.0425904558277    820.0   14.1518365253  -1.21776147255   -0.497830391272
-0.0  0.8  -0.8  0.507410492697  0.0223027569722    0.47028675033   0.8  0.8  0.0594264993394    0.0446055139444    830.0   13.9813324708  -1.21392345516   -0.497149065788
-0.0  0.8  -0.8  0.507305457479  0.0235719673975    0.469122575123  0.8  0.8  0.0617548497536    0.047143934795     840.0   13.8148880366  -1.20917993212   -0.496298959763
-0.0  0.8  -0.8  0.507022155317  0.0247754785031    0.46820236618   0.8  0.8  0.0635952676403    0.0495509570061    850.0   13.6523599421  -1.2050614247    -0.495578404418
-0.0  0.8  -0.8  0.507044613046  0.0256198054296    0.467335581524  0.8  0.8  0.0653288369519    0.0512396108592    860.0   13.4936115706  -1.20172924439   -0.494984002639
-0.0  0.8  -0.8  0.507096642444  0.0269181690562    0.4659851885    0.8  0.8  0.0680296230003    0.0538363381124    870.0   13.3385125871  -1.19664994966   -0.494142718552
-0.0  0.8  -0.8  0.506771772559  0.0279351833667    0.465293044074  0.8  0.8  0.0694139118519    0.0558703667333    880.0   13.1869385804  -1.19334606661   -0.493573489478
-0.0  0.8  -0.8  0.506651812018  0.0290918261677    0.464256361814  0.8  0.8  0.0714872763712    0.0581836523354    890.0   13.0387707312  -1.18913298251   -0.492869725479
-0.0  0.8  -0.8  0.506531851477  0.0302624178689    0.463205730655  0.8  0.8  0.0735885386909    0.0605248357378    900.0   12.8938955008  -1.18485561907   -0.492146318617
-0.0  0.8  -0.8  0.506334056072  0.0314592335024    0.462206710425  0.8  0.8  0.0755865791494    0.0629184670047    910.0   12.7522043415  -1.18062689531   -0.491430932238
-0.0  0.8  -0.8  0.506317038414  0.0323373167672    0.461345644819  0.8  0.8  0.0773087103628    0.0646746335345    920.0   12.6135934247  -1.17728777913   -0.490874454249
-0.0  0.8  -0.8  0.505961480949  0.0336743188473    0.460364200204  0.8  0.8  0.0792715995929    0.0673486376946    930.0   12.4779633879  -1.17286586675   -0.490162056577
-0.0  0.8  -0.8  0.505823386838  0.0348171522372    0.459359460925  0.8  0.8  0.0812810781496    0.0696343044744    940.0   12.3452190965  -1.16877106301   -0.489503369111
-0.0  0.8  -0.8  0.505597554144  0.0358359799047    0.458566465951  0.8  0.8  0.0828670680974    0.0716719598093    950.0   12.2152694218  -1.16530905447   -0.488940276792
-0.0  0.8  -0.8  0.505717375196  0.0366758431831    0.45760678162   0.8  0.8  0.084786436759     0.0733516863662    960.0   12.088027032   -1.16185475948   -0.488365257984
-0.0  0.8  -0.8  0.505548593504  0.0378933031888    0.456558103307  0.8  0.8  0.0868837933867    0.0757866063777    970.0   11.9634081967  -1.15754846867   -0.487684788483
-0.0  0.8  -0.8  0.505291515275  0.0387358167583    0.455972667967  0.8  0.8  0.0880546640658    0.0774716335166    980.0   11.8413326028  -1.15478622195   -0.487207260019
-0.0  0.8  -0.8  0.505039458649  0.0398236914816    0.45513684987   0.8  0.8  0.0897263002607    0.0796473829631    990.0   11.7217231826  -1.15115075405   -0.486649700628
-0.0  0.8  -0.8  0.504922845843  0.0410029315009    0.454074222656  0.8  0.8  0.0918515546886    0.0820058630017    1000.0  11.6045059507  -1.14692977245   -0.486015706604
-0.0  0.8  -0.8  0.504874722138  0.0417472448132    0.453378033049  0.8  0.8  0.0932439339023    0.0834944896265    1010.0  11.4896098522  -1.14411284997   -0.485503588794
-0.0  0.8  -0.8  0.504867608199  0.0427773710898    0.452355020711  0.8  0.8  0.0952899585773    0.0855547421797    1020.0  11.3769666184  -1.14026909762   -0.484944858221
-0.0  0.8  -0.8  0.504624478869  0.043771230226     0.451604290905  0.8  0.8  0.0967914181903    0.0875424604521    1030.0  11.2665106318  -1.13693892886   -0.484406031776
-0.0  0.8  -0.8  0.504476899505  0.044745142435     0.45077795806   0.8  0.8  0.0984440838809    0.08949028487      1040.0  11.1581787988  -1.13348726763   -0.483834762627
-0.0  0.8  -0.8  0.50441622179   0.0453044933313    0.450279284879  0.8  0.8  0.0994414302421    0.0906089866626    1050.0  11.0519104293  -1.13144991451   -0.483490248036
-0.0  0.8  -0.8  0.504212567847  0.0464608571543    0.449326574998  0.8  0.8  0.101346850004     0.0929217143087    1060.0  10.9476471233  -1.12749323865   -0.482908090097
-0.0  0.8  -0.8  0.504238931269  0.0471026460506    0.448658422681  0.8  0.8  0.102683154639     0.0942052921011    1070.0  10.8453326643  -1.12493947013   -0.482450227524
-0.0  0.8  -0.8  0.504017841201  0.0482626365876    0.447719522211  0.8  0.8  0.104560955578     0.0965252731753    1080.0  10.7449129174  -1.12101632891   -0.481885311917
-0.0  0.8  -0.8  0.504018259668  0.048653345281     0.447328395051  0.8  0.8  0.105343209899     0.0973066905621    1090.0  10.6463357346  -1.11937018059   -0.481490100962
-0.0  0.8  -0.8  0.503934008311  0.0496551552903    0.446410836398  0.8  0.8  0.107178327203     0.0993103105806    1100.0  10.5495508643  -1.11578409066   -0.480975000884
-0.0  0.8  -0.8  0.503855615492  0.0504328064741    0.445711578033  0.8  0.8  0.108576843933     0.100865612948     1110.0  10.4545098655  -1.11298090721   -0.480534872712
-0.0  0.8  -0.8  0.503805259963  0.0508502970558    0.445344442981  0.8  0.8  0.109311114037     0.101700594112     1120.0  10.3611660275  -1.11137849079   -0.480187857309
-0.0  0.8  -0.8  0.503850175421  0.0517202899586    0.44442953462   0.8  0.8  0.11114093076      0.103440579917     1130.0  10.2694742927  -1.10800691141   -0.479672119955
-0.0  0.8  -0.8  0.503528374295  0.0525137033995    0.443957922306  0.8  0.8  0.112084155389     0.105027406799     1140.0  10.1793911849  -1.10555848068   -0.479247730431
-0.0  0.8  -0.8  0.50355557465   0.0532199362145    0.443224489135  0.8  0.8  0.113551021729     0.106439872429     1150.0  10.0908747398  -1.10279124525   -0.478783960579
-0.0  0.8  -0.8  0.50337814464   0.053624175341     0.442997680019  0.8  0.8  0.114004639962     0.107248350682     1160.0  10.0038844403  -1.10149933785   -0.478501730369
-0.0  0.8  -0.8  0.503498523648  0.0541796205453    0.442321855806  0.8  0.8  0.115356288387     0.108359241091     1170.0  9.91838115449  -1.0991180084    -0.478090431985
-0.0  0.8  -0.8  0.503252046583  0.0551401418101    0.441607811607  0.8  0.8  0.116784376785     0.11028028362      1180.0  9.83432707691  -1.09594454888   -0.477596277202
-0.0  0.8  -0.8  0.503440914691  0.055579253187     0.440979832122  0.8  0.8  0.118040335756     0.111158506374     1190.0  9.7516856729   -1.09385139856   -0.47721047226
-0.0  0.8  -0.8  0.50329012708   0.056104987234     0.440604885686  0.8  0.8  0.118790228628     0.112209974468     1200.0  9.67042162562  -1.09205334037   -0.476853502846
-0.0  0.8  -0.8  0.503165702891  0.0570755517069    0.439758745402  0.8  0.8  0.120482509195     0.114151103414     1210.0  9.59050078574  -1.08857010599   -0.47627699608
-0.0  0.8  -0.8  0.503165423913  0.0576602896015    0.439174286486  0.8  0.8  0.121651427028     0.115320579203     1220.0  9.51189012357  -1.08630038691   -0.475877991893
-0.0  0.8  -0.8  0.503010451632  0.0581060964505    0.438883451918  0.8  0.8  0.122233096165     0.116212192901     1230.0  9.43455768354  -1.08480926311   -0.47556549436
-0.0  0.8  -0.8  0.503057040958  0.0585459052725    0.438397053769  0.8  0.8  0.123205892462     0.117091810545     1240.0  9.35847254093  -1.08298422725   -0.475222389651
-0.0  0.8  -0.8  0.503094842478  0.0591994112448    0.437705746277  0.8  0.8  0.124588507445     0.11839882249      1250.0  9.2836047606   -1.08037016464   -0.474760028591
-0.0  0.8  -0.8  0.503094005544  0.0595599903139    0.437346004142  0.8  0.8  0.125307991715     0.119119980628     1260.0  9.20992535774  -1.07890520005   -0.474447577919
-0.0  0.8  -0.8  0.502837066803  0.0602293980324    0.436933535165  0.8  0.8  0.126132929671     0.120458796065     1270.0  9.13740626043  -1.07674495413   -0.474018334722
-0.0  0.8  -0.8  0.50270469174   0.061170251348     0.436125056912  0.8  0.8  0.127749886177     0.122340502696     1280.0  9.06602027402  -1.07334377511   -0.473416086207
-0.0  0.8  -0.8  0.502842785852  0.0615489639873    0.435608250161  0.8  0.8  0.128783499679     0.123097927975     1290.0  8.99574104709  -1.07153407328   -0.473039215405
-0.0  0.8  -0.8  0.502863151246  0.0617449460345    0.435391902719  0.8  0.8  0.129216194561     0.123489892069     1300.0  8.92654303904  -1.07070176017   -0.47286662947
-0.0  0.8  -0.8  0.502736355744  0.0625277583113    0.434735885945  0.8  0.8  0.13052822811      0.125055516623     1310.0  8.85840148912  -1.06785187921   -0.472318874998
-0.0  0.8  -0.8  0.502794941124  0.0628847106663    0.434320348209  0.8  0.8  0.131359303582     0.125769421333     1320.0  8.79129238693  -1.06629184566   -0.471994825587
-0.0  0.8  -0.8  0.502821304546  0.0635983363984    0.433580359056  0.8  0.8  0.132839281888     0.127196672797     1330.0  8.72519244417  -1.06348524792   -0.471514011669
-0.0  0.8  -0.8  0.502859524532  0.0638187290209    0.433321746447  0.8  0.8  0.133356507106     0.127637458042     1340.0  8.66007906772  -1.06233661109   -0.471131783211
-0.0  0.8  -0.8  0.502825349727  0.0644737693722    0.432700880901  0.8  0.8  0.134598238198     0.128947538744     1350.0  8.59593033389  -1.05996671401   -0.470803335559
-0.0  0.8  -0.8  0.502577477771  0.0648782874768    0.432544234752  0.8  0.8  0.134911530496     0.129756574954     1360.0  8.53272496379  -1.05872402456   -0.470458508923
-0.0  0.8  -0.8  0.50264471147   0.0653800294154    0.431975259115  0.8  0.8  0.13604948177      0.130760058831     1370.0  8.47044229982  -1.05658782373   -0.470035456209
-0.0  0.8  -0.8  0.502745840996  0.0658084001393    0.431445758865  0.8  0.8  0.13710848227      0.131616800279     1380.0  8.40906228315  -1.05462113967   -0.469601365707
-0.0  0.8  -0.8  0.502628391257  0.0665008235431    0.4308707852    0.8  0.8  0.138258429599     0.133001647086     1390.0  8.34856543219  -1.05221795131   -0.469226012655
-0.0  0.8  -0.8  0.502687534593  0.0668780018033    0.430434463603  0.8  0.8  0.139131072793     0.133756003607     1400.0  8.28893282196  -1.05043759824   -0.468747259355
-0.0  0.8  -0.8  0.502527959175  0.0671500053564    0.430322035468  0.8  0.8  0.139355929064     0.134300010713     1410.0  8.23014606436  -1.04960683318   -0.468531585005
-0.0  0.8  -0.8  0.502366430912  0.0680531966416    0.429580372447  0.8  0.8  0.140839255106     0.136106393283     1420.0  8.17218728926  -1.04645211748   -0.468008636188
-0.0  0.8  -0.8  0.502358759017  0.0682483417547    0.429392899229  0.8  0.8  0.141214201543     0.136496683509     1430.0  8.1150391264   -1.04555483299   -0.467723541033
-0.0  0.8  -0.8  0.502427806072  0.0689436944276    0.4286284995    0.8  0.8  0.142743001        0.137887388855     1440.0  8.05868468802  -1.04265897128   -0.467163283159
-0.0  0.8  -0.8  0.502201554912  0.0693961967487    0.42840224834   0.8  0.8  0.143195503321     0.138792393497     1450.0  8.00310755224  -1.04121039887   -0.466800716325
-0.0  0.8  -0.8  0.502608862796  0.0693920120786    0.427999125125  0.8  0.8  0.14400174975      0.138784024157     1460.0  7.94829174709  -1.04032790084   -0.466556519963
-0.0  0.8  -0.8  0.502256932045  0.0700006025925    0.427742465362  0.8  0.8  0.144515069276     0.140001205185     1470.0  7.8942217352   -1.03860337254   -0.466216392108
-0.0  0.8  -0.8  0.502278831819  0.0704079104771    0.427313257704  0.8  0.8  0.145373484591     0.140815820954     1480.0  7.84088239916  -1.03686161505   -0.465813059489
-0.0  0.8  -0.8  0.502470908174  0.0706920495733    0.426837042253  0.8  0.8  0.146325915494     0.141384099147     1490.0  7.78825902735  -1.03521957004   -0.465387581752
-0.0  0.8  -0.8  0.50231216969   0.0713334200025    0.426354410307  0.8  0.8  0.147291179385     0.142666840005     1500.0  7.7363373005   -1.03296744068   -0.464933856189
-0.0  0.8  -0.8  0.502349413253  0.0718365568312    0.425814029915  0.8  0.8  0.148371940169     0.143673113662     1510.0  7.68510327864  -1.03091878416   -0.46455482722
-0.0  0.8  -0.8  0.502165287771  0.0722188961845    0.425615816044  0.8  0.8  0.148768367912     0.144437792369     1520.0  7.63454338865  -1.02966375785   -0.464228686077
-0.0  0.8  -0.8  0.502397676448  0.072529817169     0.425072506383  0.8  0.8  0.149854987234     0.145059634338     1530.0  7.58464441225  -1.02778241881   -0.463714116066
-0.0  0.8  -0.8  0.502326397568  0.0730813566812    0.424592245751  0.8  0.8  0.150815508499     0.146162713362     1540.0  7.53539347451  -1.02576569447   -0.463348271954
-0.0  0.8  -0.8  0.502244517524  0.0731773251143    0.424578157361  0.8  0.8  0.150843685277     0.146354650229     1550.0  7.48677803274  -1.02537061204   -0.463129280444
-0.0  0.8  -0.8  0.502156081497  0.0740528975771    0.423791020926  0.8  0.8  0.152417958149     0.148105795154     1560.0  7.43878586587  -1.02219418636   -0.462613189002
-0.0  0.8  -0.8  0.502261953649  0.0742759404906    0.42346210586   0.8  0.8  0.15307578828      0.148551880981     1570.0  7.39140506417  -1.02097220533   -0.46227434074
-0.0  0.8  -0.8  0.502327373991  0.0746312189776    0.423041407031  0.8  0.8  0.153917185938     0.149262437955     1580.0  7.34462401946  -1.01919993346   -0.461743632578
-0.0  0.8  -0.8  0.50216263748   0.075190988341     0.422646374179  0.8  0.8  0.154707251643     0.150381976682     1590.0  7.29843141557  -1.0173080884    -0.46137947106
-0.0  0.8  -0.8  0.502143248509  0.075548219674     0.422308531817  0.8  0.8  0.155382936366     0.151096439348     1600.0  7.25281621922  -1.01588808568   -0.461071586252
-0.0  0.8  -0.8  0.502112560929  0.0759613860966    0.421926052975  0.8  0.8  0.156147894051     0.151922772193     1610.0  7.20776767127  -1.0141536853    -0.460610218291
-0.0  0.8  -0.8  0.502097914584  0.0762950437884    0.421607041628  0.8  0.8  0.156785916744     0.152590087577     1620.0  7.16327527824  -1.01273834237   -0.460239145828
-0.0  0.8  -0.8  0.502013802716  0.0769429702007    0.421043227084  0.8  0.8  0.157913545833     0.153885940401     1630.0  7.11932880414  -1.01037974127   -0.459819330262
-0.0  0.8  -0.8  0.502084244661  0.0771901447115    0.420725610627  0.8  0.8  0.158548778746     0.154380289423     1640.0  7.07591826265  -1.00910579557   -0.459449050106
-0.0  0.8  -0.8  0.501972095504  0.0777381969986    0.420289707497  0.8  0.8  0.159420585006     0.155476393997     1650.0  7.03303390954  -1.00706246612   -0.458980049322
-0.0  0.8  -0.8  0.501820889427  0.0781382514551    0.420040859118  0.8  0.8  0.159918281763     0.15627650291      1660.0  6.99066623539  -1.00568853531   -0.458644363045
-0.0  0.8  -0.8  0.50186929211   0.0785562999929    0.419574407897  0.8  0.8  0.160851184206     0.157112599986     1670.0  6.94880595853  -1.00382723462   -0.458198261975
-0.0  0.8  -0.8  0.501950195731  0.0789492405103    0.419100563759  0.8  0.8  0.161798872483     0.157898481021     1680.0  6.9074440183   -1.00204601985   -0.457803902648
-0.0  0.8  -0.8  0.502096240716  0.0791727018908    0.418731057394  0.8  0.8  0.162537885213     0.158345403782     1690.0  6.86657156849  -1.00072065384   -0.457427285033
-0.0  0.8  -0.8  0.501755887552  0.0794977112645    0.418746401184  0.8  0.8  0.162507197632     0.158995422529     1700.0  6.82617997103  -0.999970696811  -0.45717279294
-0.0  0.8  -0.8  0.501769139007  0.0801266671725    0.418104193821  0.8  0.8  0.163791612359     0.160253334345     1710.0  6.78626078991  -0.997497794766  -0.456733752129
-0.0  0.8  -0.8  0.501927738002  0.0805339750571    0.417538286941  0.8  0.8  0.164923426118     0.161067950114     1720.0  6.74680578532  -0.995366699193  -0.456159800179
-0.0  0.8  -0.8  0.501842510222  0.0809417014087    0.41721578837   0.8  0.8  0.165568423261     0.161883402817     1730.0  6.70780690795  -0.993806275766  -0.455767736629
-0.0  0.8  -0.8  0.502022311545  0.0809115717844    0.417066116671  0.8  0.8  0.165867766658     0.161823143569     1740.0  6.66925629353  -0.993426532889  -0.455579261071
-0.0  0.8  -0.8  0.501709437714  0.0817478083488    0.416542753937  0.8  0.8  0.166914492126     0.163495616698     1750.0  6.63114625757  -0.990610404391  -0.45493849145
-0.0  0.8  -0.8  0.501773742144  0.0818817177903    0.416344540066  0.8  0.8  0.167310919869     0.163763435581     1760.0  6.5934692902   -0.989765707768  -0.454625192127
-0.0  0.8  -0.8  0.50181893658   0.082389457756     0.415791605663  0.8  0.8  0.168416788673     0.164778915512     1770.0  6.55621805127  -0.987607570392  -0.45416413374
-0.0  0.8  -0.8  0.501655734449  0.0829940030888    0.415350262463  0.8  0.8  0.169299475075     0.165988006178     1780.0  6.51938536559  -0.985420286591  -0.453650271593
-0.0  0.8  -0.8  0.501777229369  0.0830503566455    0.415172413986  0.8  0.8  0.169655172029     0.166100713291     1790.0  6.4829642183   -0.984860238035  -0.453464946291
-0.0  0.8  -0.8  0.501766767694  0.0834647784691    0.414768453837  0.8  0.8  0.170463092326     0.166929556938     1800.0  6.44694775042  -0.983128322119  -0.45304244153
-0.0  0.8  -0.8  0.501638019345  0.0840843886141    0.41427759204   0.8  0.8  0.171444815919     0.168168777228     1810.0  6.41132925456  -0.980726624849  -0.452417499367
-0.0  0.8  -0.8  0.501539679599  0.0844981129928    0.413962207408  0.8  0.8  0.172075585184     0.168996225986     1820.0  6.37610217074  -0.979348107576  -0.452205556512
-0.0  0.8  -0.8  0.501483883999  0.0847588179367    0.413757298065  0.8  0.8  0.172485403871     0.169517635873     1830.0  6.34126008238  -0.97820524933   -0.451807681126
-0.0  0.8  -0.8  0.501548048939  0.0850935915405    0.41335835952   0.8  0.8  0.17328328096      0.170187183081     1840.0  6.30679671236  -0.976654130264  -0.451430501497
-0.0  0.8  -0.8  0.501631463362  0.0854689564437    0.412899580194  0.8  0.8  0.174200839612     0.170937912887     1850.0  6.27270591932  -0.974860279147  -0.450971281147
-0.0  0.8  -0.8  0.501663545833  0.0857787615162    0.412557692651  0.8  0.8  0.174884614698     0.171557523032     1860.0  6.23898169395  -0.973467240363  -0.450620950547
-0.0  0.8  -0.8  0.501704555599  0.0860313760981    0.412264068303  0.8  0.8  0.175471863395     0.172062752196     1870.0  6.20561815548  -0.972133733485  -0.450161425958
-0.0  0.8  -0.8  0.501542469379  0.0864607232449    0.411996807376  0.8  0.8  0.176006385249     0.17292144649      1880.0  6.17260954827  -0.970798919757  -0.449941185147
-0.0  0.8  -0.8  0.501431575623  0.0870354179314    0.411533006446  0.8  0.8  0.176933987109     0.174070835863     1890.0  6.13995023849  -0.968511516714  -0.449315375091
-0.0  0.8  -0.8  0.501637461389  0.0873796767872    0.410982861823  0.8  0.8  0.178034276353     0.174759353574     1900.0  6.10763471092  -0.96668877822   -0.448923682162
-0.0  0.8  -0.8  0.501408420449  0.0878252046583    0.410766374893  0.8  0.8  0.178467250214     0.175650409317     1910.0  6.07565756584  -0.965245167152  -0.448539294777
-0.0  0.8  -0.8  0.501403817312  0.0880054244483    0.41059075824   0.8  0.8  0.17881848352      0.176010848897     1920.0  6.04401351602  -0.964386466993  -0.448249932927
-0.0  0.8  -0.8  0.501548885873  0.0882881686545    0.410162945472  0.8  0.8  0.179674109056     0.176576337309     1930.0  6.01269738381  -0.962798264956  -0.447798622048
-0.0  0.8  -0.8  0.501332119965  0.0887588045458    0.409909075489  0.8  0.8  0.180181849022     0.177517609092     1940.0  5.98170409833  -0.961245681143  -0.447405247633
-0.0  0.8  -0.8  0.501447058902  0.0890361086809    0.409516832417  0.8  0.8  0.180966335166     0.178072217362     1950.0  5.95102869269  -0.959843854016  -0.447074696039
-0.0  0.8  -0.8  0.501257632838  0.0895324105485    0.409209956613  0.8  0.8  0.181580086773     0.179064821097     1960.0  5.9206663014   -0.95810982638   -0.446625752676
-0.0  0.8  -0.8  0.501246473718  0.0898839228325    0.40886960345   0.8  0.8  0.182260793101     0.179767845665     1970.0  5.89061215774  -0.956570200788  -0.446193111801
-0.0  0.8  -0.8  0.501162222361  0.0905418924529    0.408295885186  0.8  0.8  0.183408229628     0.181083784906     1980.0  5.86086159129  -0.954067068367  -0.445660679994
-0.0  0.8  -0.8  0.501318171065  0.0905430083649    0.40813882057   0.8  0.8  0.183722358859     0.18108601673      1990.0  5.8314100255   -0.953533596959  -0.44538029743
-0.0  0.8  -0.8  0.501180216442  0.0911834023711    0.407636381187  0.8  0.8  0.184727237627     0.182366804742     2000.0  5.80225297537  -0.951200763596  -0.444875997492
-0.0  0.8  -0.8  0.501168499366  0.0915350541441    0.40729644649   0.8  0.8  0.18540710702      0.183070108288     2010.0  5.77338604515  -0.949615589462  -0.444397361709
-0.0  0.8  -0.8  0.501066114439  0.0916590598664    0.407274825695  0.8  0.8  0.185450348611     0.183318119733     2020.0  5.74480492611  -0.949307415787  -0.444322190462
-0.0  0.8  -0.8  0.501283577792  0.0920443284888    0.406672093719  0.8  0.8  0.186655812562     0.184088656978     2030.0  5.71650539446  -0.947134706449  -0.443730282081
-0.0  0.8  -0.8  0.501212856869  0.0925177541601    0.406269388971  0.8  0.8  0.187461222058     0.18503550832      2040.0  5.68848330919  -0.945268806261  -0.443266190563
-0.0  0.8  -0.8  0.501028033942  0.0929242251107    0.406047740948  0.8  0.8  0.187904518105     0.185848450221     2050.0  5.66073461012  -0.943905149167  -0.442907523828
-0.0  0.8  -0.8  0.501080063339  0.0929377555439    0.405982181117  0.8  0.8  0.188035637766     0.185875511088     2060.0  5.6332553159   -0.943601814102  -0.442730733185
-0.0  0.8  -0.8  0.500899425082  0.0937246130017    0.405375961916  0.8  0.8  0.189248076168     0.187449226003     2070.0  5.6060415221   -0.940655052829  -0.442012894567
-0.0  0.8  -0.8  0.501085642899  0.0939995458238    0.404914811277  0.8  0.8  0.190170377446     0.187999091648     2080.0  5.5790893994   -0.939085539521  -0.441621114797
-0.0  0.8  -0.8  0.50095563915   0.0945287670958    0.404515593754  0.8  0.8  0.190968812491     0.189057534192     2090.0  5.55239519175  -0.937157403017  -0.441178480363
-0.0  0.8  -0.8  0.500748219004  0.0949228235252    0.40432895747   0.8  0.8  0.191342085059     0.18984564705      2100.0  5.52595521464  -0.935841980286  -0.440792165974
-0.0  0.8  -0.8  0.500744871268  0.0950253479414    0.40422978079   0.8  0.8  0.19154043842      0.190050695883     2110.0  5.49976585344  -0.935292858763  -0.440565766205
-0.0  0.8  -0.8  0.50076426024   0.0955162097379    0.403719530022  0.8  0.8  0.192560939955     0.191032419476     2120.0  5.47382356168  -0.933174952745  -0.44004964029
-0.0  0.8  -0.8  0.500853812179  0.0957222349932    0.403423952828  0.8  0.8  0.193152094344     0.191444469986     2130.0  5.44812485951  -0.932037537464  -0.439714788929
-0.0  0.8  -0.8  0.500785881035  0.0961995663566    0.403014552609  0.8  0.8  0.193970894783     0.192399132713     2140.0  5.42266633213  -0.93008134216   -0.439177364157
-0.0  0.8  -0.8  0.500833307295  0.0964184246001    0.402748268105  0.8  0.8  0.194503463791     0.1928368492       2150.0  5.39744462826  -0.929051110833  -0.438923361226
-0.0  0.8  -0.8  0.50063704627   0.0970593765623    0.402303577168  0.8  0.8  0.195392845665     0.194118753125     2160.0  5.37245645868  -0.926794050912  -0.438403329944
-0.0  0.8  -0.8  0.500715160111  0.0975194112895    0.401765428599  0.8  0.8  0.196469142801     0.195038822579     2170.0  5.34769859482  -0.924634133565  -0.437840505869
-0.0  0.8  -0.8  0.500597849861  0.0977294817258    0.401672668413  0.8  0.8  0.196654663173     0.195458963452     2180.0  5.32316786732  -0.923929854892  -0.437620756192
-0.0  0.8  -0.8  0.500746545136  0.0978912889676    0.401362165896  0.8  0.8  0.197275668208     0.195782577935     2190.0  5.29886116473  -0.922740008883  -0.437186605798
-0.0  0.8  -0.8  0.500533824409  0.0981764044869    0.401289771104  0.8  0.8  0.197420457792     0.196352808974     2200.0  5.27477543216  -0.921915417229  -0.436934030642
-0.0  0.8  -0.8  0.500644160209  0.0984304139587    0.400925425832  0.8  0.8  0.198149148336     0.196860827917     2210.0  5.25090767002  -0.920627377022  -0.436635358025
-0.0  0.8  -0.8  0.500643741742  0.0990426311866    0.400313627071  0.8  0.8  0.199372745858     0.198085262373     2220.0  5.22725493277  -0.917978927953  -0.435945334538
-0.0  0.8  -0.8  0.500575810598  0.099252004178     0.400172185224  0.8  0.8  0.199655629553     0.198504008356     2230.0  5.20381432769  -0.917067704927  -0.435595415254
-0.0  0.8  -0.8  0.500490582819  0.0997497009356    0.399759716246  0.8  0.8  0.200480567508     0.199499401871     2240.0  5.18058301373  -0.915196218121  -0.435180193625
-0.0  0.8  -0.8  0.500552097468  0.100048207399     0.399399695133  0.8  0.8  0.201200609734     0.200096414798     2250.0  5.15755820033  -0.91369626131   -0.434733880936
-0.0  0.8  -0.8  0.500664804581  0.099960747795     0.399374447624  0.8  0.8  0.201251104753     0.19992149559      2260.0  5.13473714635  -0.913643249779  -0.434581330053
-0.0  0.8  -0.8  0.500429068169  0.100686648559     0.398884283272  0.8  0.8  0.202231433456     0.201373297118     2270.0  5.11211715892  -0.911054533409  -0.433938317868
-0.0  0.8  -0.8  0.500300738287  0.101114740305     0.398584521408  0.8  0.8  0.202830957185     0.20222948061      2280.0  5.08969559243  -0.909510379812  -0.433558730048
-0.0  0.8  -0.8  0.50039531183   0.101471413682     0.398133274488  0.8  0.8  0.203733451025     0.202942827364     2290.0  5.06746984749  -0.907801228344  -0.433142251055
-0.0  0.8  -0.8  0.500377457238  0.101837014355     0.397785528407  0.8  0.8  0.204428943187     0.20367402871      2300.0  5.04543736989  -0.906273392184  -0.432755769702
-0.0  0.8  -0.8  0.500386524023  0.102182110145     0.397431365832  0.8  0.8  0.205137268337     0.20436422029      2310.0  5.02359564968  -0.904749938046  -0.432351128947
-0.0  0.8  -0.8  0.50026963224   0.102369443874     0.397360923886  0.8  0.8  0.205278152228     0.204738887748     2320.0  5.00194222015  -0.904035102223  -0.432048734204
-0.0  0.8  -0.8  0.500201561607  0.102867698588     0.396930739805  0.8  0.8  0.20613852039      0.205735397175     2330.0  4.98047465697  -0.902053112921  -0.431552246974
-0.0  0.8  -0.8  0.500242710863  0.103128124554     0.396629164584  0.8  0.8  0.206741670833     0.206256249107     2340.0  4.95919057724  -0.900795465858  -0.43119380181
-0.0  0.8  -0.8  0.500256659763  0.103446996411     0.396296343826  0.8  0.8  0.207407312348     0.206893992822     2350.0  4.93808763862  -0.899427928467  -0.430868972603
-0.0  0.8  -0.8  0.499990096281  0.104021551609     0.39598835211   0.8  0.8  0.208023295779     0.208043103217     2360.0  4.91716353845  -0.897434572153  -0.43028769135
-0.0  0.8  -0.8  0.500259310054  0.103967011409     0.395773678537  0.8  0.8  0.208452642926     0.207934022818     2370.0  4.89641601298  -0.897044039803  -0.430153372398
-0.0  0.8  -0.8  0.500213976128  0.104499301439     0.395286722433  0.8  0.8  0.209426555135     0.208998602878     2380.0  4.87584283645  -0.894795091003  -0.429535217414
-0.0  0.8  -0.8  0.500084948802  0.104764330542     0.395150720656  0.8  0.8  0.209698558688     0.209528661084     2390.0  4.8554418204   -0.893860972111  -0.429242747929
-0.0  0.8  -0.8  0.500007113939  0.105168011713     0.394824874348  0.8  0.8  0.210350251303     0.210336023425     2400.0  4.83521081281  -0.892229270497  -0.42877829028
