#mu0  mu1   mu2   x0              x1                 x2              mua  mub   xa              xb                 T       b              u                phi
0.8   -0.3  -0.5  0.686252968326  0.0                0.313747031674  1.3  -1.1  0.372505936652  0.0                30.0    386.816865025  -0.926785553426  -1.71104327107
0.8   -0.3  -0.5  0.686135379098  0.0                0.313864620902  1.3  -1.1  0.372270758195  0.0                40.0    290.112648769  -0.927409345101  -1.71136133075
0.8   -0.3  -0.5  0.686389528058  0.0                0.313610471942  1.3  -1.1  0.372779056117  0.0                50.0    232.090119015  -0.926871933436  -1.71148470639
0.8   -0.3  -0.5  0.686544779317  0.0                0.313455220683  1.3  -1.1  0.373089558634  0.0                60.0    193.408432513  -0.927322993572  -1.7123394198
0.8   -0.3  -0.5  0.687259381472  0.0                0.312740618528  1.3  -1.1  0.374518762945  0.0                70.0    165.778656439  -0.925813503479  -1.71268789531
0.8   -0.3  -0.5  0.688089062054  0.0                0.311910937946  1.3  -1.1  0.376178124107  0.0                80.0    145.056324384  -0.924164430943  -1.71319599228
0.8   -0.3  -0.5  0.687187684125  0.0                0.312812315875  1.3  -1.1  0.374375368251  0.0                90.0    128.938955008  -0.928528882935  -1.71521686166
0.8   -0.3  -0.5  0.686780376241  0.0                0.313219623759  1.3  -1.1  0.373560752482  0.0                100.0   116.045059507  -0.930061211854  -1.71569019008
0.8   -0.3  -0.5  0.687002163753  0.0                0.312997836247  1.3  -1.1  0.374004327507  0.0                110.0   105.495508643  -0.930037273475  -1.71624289923
0.8   -0.3  -0.5  0.685842173216  0.0                0.314157826784  1.3  -1.1  0.371684346433  0.0                120.0   96.7042162563  -0.9341745621    -1.71736421246
0.8   -0.3  -0.5  0.685010679278  0.0                0.314989320722  1.3  -1.1  0.370021358556  0.0                130.0   89.2654303904  -0.936862855502  -1.71789062163
0.8   -0.3  -0.5  0.684323416967  0.0                0.315676583033  1.3  -1.1  0.368646833934  0.0                140.0   82.8893282196  -0.939142509721  -1.71838339384
0.8   -0.3  -0.5  0.683154499134  0.0                0.316845500866  1.3  -1.1  0.366308998268  0.0                150.0   77.363373005   -0.94255909253   -1.71876079028
0.8   -0.3  -0.5  0.683336253303  0.0                0.316663746697  1.3  -1.1  0.366672506606  0.0                160.0   72.5281621922  -0.942118934058  -1.71879319265
0.8   -0.3  -0.5  0.68322912575   0.0                0.31677087425   1.3  -1.1  0.3664582515    0.0                170.0   68.2617997103  -0.942276359245  -1.71867208619
0.8   -0.3  -0.5  0.684471972754  0.0                0.315528027246  1.3  -1.1  0.368943945508  0.0                180.0   64.4694775042  -0.939046467644  -1.7186735968
0.8   -0.3  -0.5  0.683714268497  0.0                0.316285731503  1.3  -1.1  0.367428536995  0.0                190.0   61.0763471092  -0.941169299552  -1.71882639765
0.8   -0.3  -0.5  0.684080706104  0.0                0.315919293896  1.3  -1.1  0.368161412209  0.0                200.0   58.0225297537  -0.941580691485  -1.72019052736
0.8   -0.3  -0.5  0.684776477244  0.0                0.315223522756  1.3  -1.1  0.369552954489  0.0                210.0   55.2595521464  -0.940681977654  -1.72110081849
0.8   -0.3  -0.5  0.684458721299  0.0                0.315541278701  1.3  -1.1  0.368917442597  0.0                220.0   52.7477543216  -0.941484078554  -1.72107675393
0.8   -0.3  -0.5  0.684419664378  0.0                0.315580335622  1.3  -1.1  0.368839328757  0.0                230.0   50.4543736989  -0.94156569753   -1.72105682491
0.8   -0.3  -0.5  0.684182533076  0.0                0.315817466924  1.3  -1.1  0.368365066151  0.0                240.0   48.3521081281  -0.942145981085  -1.72102056708
0.8   -0.3  -0.5  0.684100095076  0.0                0.315899904924  1.3  -1.1  0.368200190151  0.0                250.0   46.418023803   -0.942337061923  -1.72099730912
0.8   -0.3  -0.5  0.68382293043   0.0                0.31617706957   1.3  -1.1  0.367645860859  0.0                260.0   44.6327151952  -0.943020082669  -1.72095970179
0.8   -0.3  -0.5  0.683659309831  0.0                0.316340690169  1.3  -1.1  0.367318619661  0.0                270.0   42.9796516694  -0.943407841645  -1.72092204721
0.8   -0.3  -0.5  0.683534746152  0.0                0.316465253848  1.3  -1.1  0.367069492305  0.0                280.0   41.4446641098  -0.943686924479  -1.72087726447
0.8   -0.3  -0.5  0.683318398711  0.0                0.316681601289  1.3  -1.1  0.366636797422  0.0                290.0   40.0155377612  -0.944175265678  -1.72080310233
0.8   -0.3  -0.5  0.683298591273  0.0                0.316701408727  1.3  -1.1  0.366597182545  0.0                300.0   38.6816865025  -0.944208008856  -1.72078434616
0.8   -0.3  -0.5  0.682796430867  0.0                0.317203569133  1.3  -1.1  0.365592861734  0.0                310.0   37.4338901637  -0.945350536204  -1.72062125646
0.8   -0.3  -0.5  0.682708552796  0.0                0.317291447204  1.3  -1.1  0.365417105592  0.0                320.0   36.2640810961  -0.945545813933  -1.7205880512
0.8   -0.3  -0.5  0.682156455328  0.0                0.317843544672  1.3  -1.1  0.364312910656  0.0                330.0   35.1651695477  -0.946879418846  -1.7204862027
0.8   -0.3  -0.5  0.681896866296  0.0                0.318103133704  1.3  -1.1  0.363793732592  0.0                340.0   34.1308998551  -0.94759836397   -1.72053021634
0.8   -0.3  -0.5  0.681848603101  0.0                0.318151396899  1.3  -1.1  0.363697206203  0.0                350.0   33.1557312879  -0.947679153579  -1.72048552164
0.8   -0.3  -0.5  0.681848463612  0.0                0.318151536388  1.3  -1.1  0.363696927225  0.0                360.0   32.2347387521  -0.947584124814  -1.72039013021
0.8   -0.3  -0.5  0.681819170922  0.0                0.318180829078  1.3  -1.1  0.363638341844  0.0                370.0   31.3635295966  -0.947646957214  -1.72037680161
0.8   -0.3  -0.5  0.681641740912  0.0                0.318358259088  1.3  -1.1  0.363283481824  0.0                380.0   30.5381735546  -0.947968567157  -1.72023709353
0.8   -0.3  -0.5  0.681834933179  0.0                0.318165066821  1.3  -1.1  0.363669866358  0.0                390.0   29.7551434635  -0.947190511811  -1.71996133808
0.8   -0.3  -0.5  0.681839257338  0.0                0.318160742662  1.3  -1.1  0.363678514676  0.0                400.0   29.0112648769  -0.947175230466  -1.71995729955
0.8   -0.3  -0.5  0.681612587711  0.0                0.318387412289  1.3  -1.1  0.363225175421  0.0                410.0   28.3036730506  -0.947680392884  -1.71987312093
0.8   -0.3  -0.5  0.68170492943   0.0                0.31829507057   1.3  -1.1  0.363409858859  0.0                420.0   27.6297760732  -0.947190151566  -1.71962296808
0.8   -0.3  -0.5  0.681929506722  0.0                0.318070493278  1.3  -1.1  0.363859013445  0.0                430.0   26.9872231413  -0.946450907166  -1.71946762464
0.8   -0.3  -0.5  0.681753053135  0.0                0.318246946865  1.3  -1.1  0.363506106271  0.0                440.0   26.3738771608  -0.946943284116  -1.71950122227
0.8   -0.3  -0.5  0.68191304702   0.0                0.31808695298   1.3  -1.1  0.36382609404   0.0                450.0   25.7877910017  -0.946252457112  -1.71922637936
0.8   -0.3  -0.5  0.681859762221  0.0                0.318140237779  1.3  -1.1  0.363719524443  0.0                460.0   25.2271868495  -0.946193788151  -1.71902916993
0.8   -0.3  -0.5  0.683277109966  0.0                0.316722890034  1.3  -1.1  0.366554219933  0.0                470.0   24.6904381931  -0.943221312386  -1.7197417983
0.8   -0.3  -0.5  0.68419592402   0.0                0.31580407598   1.3  -1.1  0.36839184804   0.0                480.0   24.1760540641  -0.941280541284  -1.72018994373
0.8   -0.3  -0.5  0.684250464219  0.0                0.315749535781  1.3  -1.1  0.368500928439  0.0                490.0   23.6826652056  -0.941047757939  -1.72009896491
0.8   -0.3  -0.5  0.684126458497  0.0                0.315873541503  1.3  -1.1  0.368252916994  0.0                500.0   23.2090119015  -0.94119735045   -1.71992614254
0.8   -0.3  -0.5  0.684067594138  0.0                0.315932405862  1.3  -1.1  0.368135188277  0.0                510.0   22.7539332368  -0.941187380965  -1.71976312572
0.8   -0.3  -0.5  0.684098281719  0.0                0.315901718281  1.3  -1.1  0.368196563437  0.0                520.0   22.3163575976  -0.940980013396  -1.71963554586
0.8   -0.3  -0.5  0.684040951739  0.0                0.315959048261  1.3  -1.1  0.368081903478  0.0                530.0   21.8952942467  -0.940992164933  -1.71949863945
0.8   -0.3  -0.5  0.684057690419  0.0                0.315942309581  1.3  -1.1  0.368115380838  0.0                540.0   21.4898258347  -0.940777306605  -1.71932730169
0.8   -0.3  -0.5  0.683984319204  0.0                0.316015680796  1.3  -1.1  0.367968638409  0.0                550.0   21.0991017286  -0.940733014856  -1.71909224479
0.8   -0.3  -0.5  0.683939961702  0.0                0.316060038298  1.3  -1.1  0.367879923404  0.0                560.0   20.7223320549  -0.940628103844  -1.71887200427
0.8   -0.3  -0.5  0.683960187607  0.0                0.316039812393  1.3  -1.1  0.367920375214  0.0                570.0   20.3587823697  -0.94046200861   -1.71875849639
0.8   -0.3  -0.5  0.683921828132  0.0                0.316078171868  1.3  -1.1  0.367843656263  0.0                580.0   20.0077688806  -0.940283223233  -1.71847997637
0.8   -0.3  -0.5  0.683872170047  0.0                0.316127829953  1.3  -1.1  0.367744340094  0.0                590.0   19.6686541538  -0.940167230639  -1.71823487276
0.8   -0.3  -0.5  0.68390676332   0.0                0.31609323668   1.3  -1.1  0.367813526639  0.0                600.0   19.3408432512  -0.939917314238  -1.71807489887
0.8   -0.3  -0.5  0.683865195597  0.0                0.316134804403  1.3  -1.1  0.367730391194  0.0                610.0   19.0237802471  -0.939800624423  -1.71785013297
0.8   -0.3  -0.5  0.683827533567  0.0                0.316172466433  1.3  -1.1  0.367655067133  0.0                620.0   18.7169450819  -0.939597543448  -1.71754913072
0.8   -0.3  -0.5  0.683796148541  0.0                0.316203851459  1.3  -1.1  0.367592297083  0.0                630.0   18.4198507155  -0.939441518849  -1.71731150506
0.8   -0.3  -0.5  0.683774806724  0.0                0.316225193276  1.3  -1.1  0.367549613448  0.0                640.0   18.132040548   -0.939199141526  -1.71701363901
0.8   -0.3  -0.5  0.683776899059  0.0                0.316223100941  1.3  -1.1  0.367553798118  0.0                650.0   17.8530860781  -0.938996923084  -1.71681686064
0.8   -0.3  -0.5  0.683761136802  0.0                0.316238863198  1.3  -1.1  0.367522273604  0.0                660.0   17.5825847739  -0.938666111284  -1.71644506697
0.8   -0.3  -0.5  0.683700459086  0.0                0.316299540914  1.3  -1.1  0.367400918172  0.0                670.0   17.3201581354  -0.938518044979  -1.7161392386
0.8   -0.3  -0.5  0.683746211479  0.0                0.316253788521  1.3  -1.1  0.367492422957  0.0                680.0   17.0654499276  -0.938067700987  -1.71580785083
0.8   -0.3  -0.5  0.683610767658  0.0                0.316389232342  1.3  -1.1  0.367221535316  0.0                690.0   16.8181245663  -0.938025863757  -1.71541385967
0.8   -0.3  -0.5  0.68364689531   0.0                0.31635310469   1.3  -1.1  0.367293790619  0.0                700.0   16.5778656439  -0.937686830841  -1.71516875865
0.8   -0.3  -0.5  0.683708828426  0.0                0.316291171574  1.3  -1.1  0.367417656853  0.0                710.0   16.3443745785  -0.937042917357  -1.71468587127
0.8   -0.3  -0.5  0.683580498545  0.0                0.316419501455  1.3  -1.1  0.36716099709   0.0                720.0   16.117369376   -0.936858611705  -1.71416790792
0.8   -0.3  -0.5  0.683476160772  0.0                0.316523839228  1.3  -1.1  0.366952321543  0.0                730.0   15.8965834942  -0.936573261711  -1.71361127972
0.8   -0.3  -0.5  0.683513264846  0.0                0.316486735154  1.3  -1.1  0.367026529692  0.0                740.0   15.6817647983  -0.935896323269  -1.71303081187
0.8   -0.3  -0.5  0.683496247188  0.0                0.316503752812  1.3  -1.1  0.366992494376  0.0                750.0   15.472674601   -0.935583769702  -1.71267401239
0.8   -0.3  -0.5  0.683352434027  0.0                0.316647565973  1.3  -1.1  0.366704868055  0.0                760.0   15.2690867773  -0.935334270969  -1.71205059944
0.8   -0.3  -0.5  0.683433756115  0.0                0.316566243885  1.3  -1.1  0.36686751223   0.0                770.0   15.070786949   -0.934611297556  -1.71153906346
0.8   -0.3  -0.5  0.683420086193  0.0                0.316579913807  1.3  -1.1  0.366840172386  0.0                780.0   14.8775717317  -0.93399319877   -1.71088542287
0.8   -0.3  -0.5  0.683377123581  0.0                0.316622876419  1.3  -1.1  0.366754247161  0.0                790.0   14.6892480389  -0.933734025127  -1.71051454644
0.8   -0.3  -0.5  0.683506848352  0.0                0.316493151648  1.3  -1.1  0.367013696704  0.0                800.0   14.5056324384  -0.932490450764  -1.70960825648
0.8   -0.3  -0.5  0.683269298582  0.0                0.316730701418  1.3  -1.1  0.366538597165  0.0                810.0   14.3265505565  -0.932430564317  -1.70893074063
0.8   -0.3  -0.5  0.683308216014  0.0                0.316691783986  1.3  -1.1  0.366616432028  0.0                820.0   14.1518365253  -0.931119092274  -1.70772045391
0.8   -0.3  -0.5  0.683311982217  0.0                0.316688017783  1.3  -1.1  0.366623964434  0.0                830.0   13.9813324708  -0.930412384802  -1.70702353857
0.8   -0.3  -0.5  0.683260929242  0.0                0.316739070758  1.3  -1.1  0.366521858485  0.0                840.0   13.8148880366  -0.930451507555  -1.70692992358
0.8   -0.3  -0.5  0.683188952917  0.0                0.316811047083  1.3  -1.1  0.366377905835  0.0                850.0   13.6523599421  -0.930140498142  -1.70643177573
0.8   -0.3  -0.5  0.683220198454  0.0                0.316779801546  1.3  -1.1  0.366440396908  0.0                860.0   13.4936115706  -0.929444851178  -1.70581736716
0.8   -0.3  -0.5  0.683145013882  0.0                0.316854986118  1.3  -1.1  0.366290027764  0.0                870.0   13.3385125871  -0.929029240351  -1.70520627644
0.8   -0.3  -0.5  0.683115163236  0.0                0.316884836764  1.3  -1.1  0.366230326471  0.0                880.0   13.1869385804  -0.928540621959  -1.70464004637
0.8   -0.3  -0.5  0.683035375527  0.0                0.316964624473  1.3  -1.1  0.366070751053  0.0                890.0   13.0387707312  -0.928227779004  -1.70411975537
0.8   -0.3  -0.5  0.682971908031  0.0                0.317028091969  1.3  -1.1  0.365943816062  0.0                900.0   12.8938955008  -0.928189349003  -1.70391630988
0.8   -0.3  -0.5  0.682954192928  0.0                0.317045807072  1.3  -1.1  0.365908385856  0.0                910.0   12.7522043415  -0.927963156389  -1.703644058
0.8   -0.3  -0.5  0.682907324623  0.0                0.317092675377  1.3  -1.1  0.365814649247  0.0                920.0   12.6135934247  -0.927684990685  -1.70324403471
0.8   -0.3  -0.5  0.682837440633  0.0                0.317162559367  1.3  -1.1  0.365674881267  0.0                930.0   12.4779633879  -0.927645019073  -1.70302236472
0.8   -0.3  -0.5  0.682788201016  0.0                0.317211798984  1.3  -1.1  0.365576402032  0.0                940.0   12.3452190965  -0.927228239691  -1.70247756233
0.8   -0.3  -0.5  0.682711761043  0.0                0.317288238957  1.3  -1.1  0.365423522086  0.0                950.0   12.2152694218  -0.927057912413  -1.70210849112
0.8   -0.3  -0.5  0.682719711916  0.0                0.317280288084  1.3  -1.1  0.365439423832  0.0                960.0   12.088027032   -0.926971381645  -1.70204263263
0.8   -0.3  -0.5  0.682706460461  0.0                0.317293539539  1.3  -1.1  0.365412920922  0.0                970.0   11.9634081967  -0.926691111417  -1.70172790862
0.8   -0.3  -0.5  0.682496669003  0.0                0.317503330997  1.3  -1.1  0.364993338005  0.0                980.0   11.8413326028  -0.926859538522  -1.70135087793
0.8   -0.3  -0.5  0.682564739635  0.0                0.317435260365  1.3  -1.1  0.365129479271  0.0                990.0   11.7217231826  -0.926311025766  -1.70097934882
0.8   -0.3  -0.5  0.682449661209  0.0                0.317550338791  1.3  -1.1  0.364899322418  0.0                1000.0  11.6045059507  -0.92640421509   -1.70077333423
0.8   -0.3  -0.5  0.682422181876  0.0                0.317577818124  1.3  -1.1  0.364844363752  0.0                1010.0  11.4896098522  -0.926211332938  -1.70050900581
0.8   -0.3  -0.5  0.682414091514  0.0                0.317585908486  1.3  -1.1  0.364828183027  0.0                1020.0  11.3769666184  -0.925929096519  -1.70020573445
0.8   -0.3  -0.5  0.682347415771  0.0                0.317652584229  1.3  -1.1  0.364694831542  0.0                1030.0  11.2665106318  -0.92570053937   -1.69980382037
0.8   -0.3  -0.5  0.682244333399  0.0                0.317755666601  1.3  -1.1  0.364488666798  0.0                1040.0  11.1581787988  -0.925737532186  -1.69957279902
0.8   -0.3  -0.5  0.682290783236  0.0                0.317709216764  1.3  -1.1  0.364581566473  0.0                1050.0  11.0519104293  -0.925486350046  -1.69944238646
0.8   -0.3  -0.5  0.682112376803  0.0                0.317887623197  1.3  -1.1  0.364224753607  0.0                1060.0  10.9476471233  -0.925477543321  -1.69896972301
0.8   -0.3  -0.5  0.682156455328  0.0                0.317843544672  1.3  -1.1  0.364312910656  0.0                1070.0  10.8453326643  -0.925126442147  -1.698733226
0.8   -0.3  -0.5  0.682139856137  0.0                0.317860143863  1.3  -1.1  0.364279712273  0.0                1080.0  10.7449129174  -0.92489642687   -1.69846005283
0.8   -0.3  -0.5  0.682060765873  0.0                0.317939234127  1.3  -1.1  0.364121531745  0.0                1090.0  10.6463357346  -0.924910814902  -1.69826880617
0.8   -0.3  -0.5  0.682100799216  0.0                0.317899200784  1.3  -1.1  0.364201598432  0.0                1100.0  10.5495508643  -0.924591448415  -1.69805352638
0.8   -0.3  -0.5  0.682047374929  0.0                0.317952625071  1.3  -1.1  0.364094749857  0.0                1110.0  10.4545098655  -0.924432779939  -1.69775595475
0.8   -0.3  -0.5  0.681930343656  0.0                0.318069656344  1.3  -1.1  0.363860687313  0.0                1120.0  10.3611660275  -0.924392709382  -1.69741160289
0.8   -0.3  -0.5  0.682054907335  0.0                0.317945092665  1.3  -1.1  0.364109814669  0.0                1130.0  10.2694742927  -0.923914264825  -1.6972570239
0.8   -0.3  -0.5  0.681879430171  0.0                0.318120569829  1.3  -1.1  0.363758860341  0.0                1140.0  10.1793911849  -0.924080131159  -1.6969666496
0.8   -0.3  -0.5  0.681888078489  0.0                0.318111921511  1.3  -1.1  0.363776156978  0.0                1150.0  10.0908747398  -0.923699960372  -1.69660896444
0.8   -0.3  -0.5  0.681801874286  0.0                0.318198125714  1.3  -1.1  0.363603748572  0.0                1160.0  10.0038844403  -0.92370287018   -1.69638774332
0.8   -0.3  -0.5  0.681857390908  0.0                0.318142609092  1.3  -1.1  0.363714781817  0.0                1170.0  9.91838115449  -0.923369604206  -1.69619882057
0.8   -0.3  -0.5  0.681887381044  0.0                0.318112618956  1.3  -1.1  0.363774762088  0.0                1180.0  9.83432707691  -0.923083788054  -1.69599097877
0.8   -0.3  -0.5  0.681832143399  0.0                0.318167856601  1.3  -1.1  0.363664286798  0.0                1190.0  9.7516856729   -0.9228553832    -1.69561895604
0.8   -0.3  -0.5  0.681702279139  0.0                0.318297720861  1.3  -1.1  0.363404558277  0.0                1200.0  9.67042162562  -0.92299194107   -1.69541786683
0.8   -0.3  -0.5  0.681862412512  0.0                0.318137587488  1.3  -1.1  0.363724825025  0.0                1210.0  9.59050078574  -0.922255442274  -1.69509771481
0.8   -0.3  -0.5  0.681783322249  0.0                0.318216677751  1.3  -1.1  0.363566644497  0.0                1220.0  9.51189012357  -0.922432953826  -1.69506959167
0.8   -0.3  -0.5  0.681818752455  0.0                0.318181247545  1.3  -1.1  0.36363750491   0.0                1230.0  9.43455768354  -0.922030725714  -1.6947594821
0.8   -0.3  -0.5  0.681815823186  0.0                0.318184176814  1.3  -1.1  0.363631646372  0.0                1240.0  9.35847254093  -0.921695150562  -1.69441629085
0.8   -0.3  -0.5  0.681897145274  0.0                0.318102854726  1.3  -1.1  0.363794290548  0.0                1250.0  9.2836047606   -0.921244030998  -1.69417660871
0.8   -0.3  -0.5  0.681731153362  0.0                0.318268846638  1.3  -1.1  0.363462306724  0.0                1260.0  9.20992535774  -0.921530949     -1.69403194774
0.8   -0.3  -0.5  0.681695583667  0.0                0.318304416333  1.3  -1.1  0.363391167333  0.0                1270.0  9.13740626043  -0.921407265538  -1.69381578307
0.8   -0.3  -0.5  0.681854740617  0.0                0.318145259383  1.3  -1.1  0.363709481235  0.0                1280.0  9.06602027402  -0.920758234637  -1.69358056024
0.8   -0.3  -0.5  0.681780671958  0.0                0.318219328042  1.3  -1.1  0.363561343915  0.0                1290.0  8.99574104709  -0.920620417568  -1.69325016466
0.8   -0.3  -0.5  0.681837862448  0.0                0.318162137552  1.3  -1.1  0.363675724896  0.0                1300.0  8.92654303904  -0.920370915599  -1.69314935796
0.8   -0.3  -0.5  0.681706045342  0.0                0.318293954658  1.3  -1.1  0.363412090683  0.0                1310.0  8.85840148912  -0.920486415263  -1.69292213315
0.8   -0.3  -0.5  0.68181526523   0.0                0.31818473477   1.3  -1.1  0.36363053046   0.0                1320.0  8.79129238693  -0.919969210469  -1.69268890007
0.8   -0.3  -0.5  0.681790994144  0.0                0.318209005856  1.3  -1.1  0.363581988287  0.0                1330.0  8.72519244417  -0.919829800213  -1.69248638499
0.8   -0.3  -0.5  0.681775371376  0.0                0.318224628624  1.3  -1.1  0.363550742751  0.0                1340.0  8.66007906772  -0.919627550027  -1.6922435156
0.8   -0.3  -0.5  0.681866876161  0.0                0.318133123839  1.3  -1.1  0.363733752321  0.0                1350.0  8.59593033389  -0.919195901422  -1.69204977944
0.8   -0.3  -0.5  0.681856693463  0.0                0.318143306537  1.3  -1.1  0.363713386927  0.0                1360.0  8.53272496379  -0.918919837352  -1.69174724036
0.8   -0.3  -0.5  0.681894773961  0.0                0.318105226039  1.3  -1.1  0.363789547922  0.0                1370.0  8.47044229982  -0.918637450718  -1.69156386302
0.8   -0.3  -0.5  0.681801176841  0.0                0.318198823159  1.3  -1.1  0.363602353682  0.0                1380.0  8.40906228315  -0.91869469453   -1.69137775432
0.8   -0.3  -0.5  0.681816381142  0.0                0.318183618858  1.3  -1.1  0.363632762284  0.0                1390.0  8.34856543219  -0.918571368879  -1.69129395985
0.8   -0.3  -0.5  0.681971911379  0.0                0.318028088621  1.3  -1.1  0.363943822757  0.0                1400.0  8.28893282196  -0.917832155058  -1.69095912464
0.8   -0.3  -0.5  0.681913465487  0.0                0.318086534513  1.3  -1.1  0.363826930974  0.0                1410.0  8.23014606436  -0.917738461537  -1.6907134718
0.8   -0.3  -0.5  0.681890170824  1.39489001953e-07  0.318109689687  1.3  -1.1  0.363780620626  2.78978003906e-07  1420.0  8.17218728926  -0.917528963725  -1.69044346366
0.8   -0.3  -0.5  0.682020035084  8.36934009766e-07  0.317979127982  1.3  -1.1  0.364041744037  1.67386801953e-06  1430.0  8.1150391264   -0.917047251413  -1.69029967741
0.8   -0.3  -0.5  0.682064532076  1.39489001953e-07  0.317935328435  1.3  -1.1  0.36412934313   2.78978003906e-07  1440.0  8.05868468802  -0.916869453682  -1.69023729288
0.8   -0.3  -0.5  0.682034402451  0.0                0.317965597549  1.3  -1.1  0.364068804903  0.0                1450.0  8.00310755224  -0.916640194083  -1.68992964046
0.8   -0.3  -0.5  0.681942758177  0.0                0.318057241823  1.3  -1.1  0.363885516355  0.0                1460.0  7.94829174709  -0.916725610881  -1.68977678214
0.8   -0.3  -0.5  0.682184213639  0.0                0.317815786361  1.3  -1.1  0.364368427278  0.0                1470.0  7.8942217352   -0.915999951839  -1.6896789073
0.8   -0.3  -0.5  0.682063834631  0.0                0.317936165369  1.3  -1.1  0.364127669262  0.0                1480.0  7.84088239916  -0.915954412576  -1.68932038262
0.8   -0.3  -0.5  0.681991858306  0.0                0.318008141694  1.3  -1.1  0.363983716612  0.0                1490.0  7.78825902735  -0.916098703356  -1.68927753495
0.8   -0.3  -0.5  0.6823013844    0.0                0.3176986156    1.3  -1.1  0.364602768801  0.0                1500.0  7.7363373005   -0.915056955653  -1.68904055509
0.8   -0.3  -0.5  0.682242938509  4.18467004883e-07  0.317756643024  1.3  -1.1  0.364486713952  8.36934009766e-07  1510.0  7.68510327864  -0.914953062219  -1.68878486973
0.8   -0.3  -0.5  0.68218825882   0.0                0.31781174118   1.3  -1.1  0.36437651764   0.0                1520.0  7.63454338865  -0.914938835994  -1.68862830893
0.8   -0.3  -0.5  0.682224246983  0.0                0.317775753017  1.3  -1.1  0.364448493965  0.0                1530.0  7.58464441225  -0.914609095299  -1.68839213745
0.8   -0.3  -0.5  0.682374337148  2.7897800293e-07   0.317625383874  1.3  -1.1  0.364749232253  5.57956005859e-07  1540.0  7.53539347451  -0.914058747716  -1.68823213589
0.8   -0.3  -0.5  0.682322586729  0.0                0.317677413271  1.3  -1.1  0.364645173457  0.0                1550.0  7.48677803274  -0.914035205467  -1.68807393096
0.8   -0.3  -0.5  0.68228464572   0.0                0.31771535428   1.3  -1.1  0.364569291441  0.0                1560.0  7.43878586587  -0.913863419561  -1.68780349843
0.8   -0.3  -0.5  0.682397631812  0.0                0.317602368188  1.3  -1.1  0.364795263623  0.0                1570.0  7.39140506417  -0.913515901868  -1.68774974458
0.8   -0.3  -0.5  0.682472258427  0.0                0.317527741573  1.3  -1.1  0.364944516855  0.0                1580.0  7.34462401946  -0.913047445978  -1.68747531789
0.8   -0.3  -0.5  0.682609934072  0.0                0.317390065928  1.3  -1.1  0.365219868144  0.0                1590.0  7.29843141557  -0.912473579888  -1.68725940848
0.8   -0.3  -0.5  0.682619000857  1.39489001953e-07  0.317380859654  1.3  -1.1  0.365238280692  2.78978003906e-07  1600.0  7.25281621922  -0.912329211822  -1.68713866985
0.8   -0.3  -0.5  0.682654570552  2.7897800293e-07   0.31734515047   1.3  -1.1  0.365309699061  5.57956005859e-07  1610.0  7.20776767127  -0.912043969717  -1.68694596475
0.8   -0.3  -0.5  0.682671169744  0.0                0.317328830256  1.3  -1.1  0.365342339487  0.0                1620.0  7.16327527824  -0.9117368041    -1.68668184543
0.8   -0.3  -0.5  0.682654989019  1.39489001953e-07  0.317344871492  1.3  -1.1  0.365310257017  2.78978003906e-07  1630.0  7.11932880414  -0.911698586357  -1.6866016136
0.8   -0.3  -0.5  0.682979161459  0.0                0.317020838541  1.3  -1.1  0.365958322918  0.0                1640.0  7.07591826265  -0.910671290811  -1.68641711061
0.8   -0.3  -0.5  0.682677446749  6.97445007813e-07  0.317321855806  1.3  -1.1  0.365356288387  1.39489001563e-06  1650.0  7.03303390954  -0.911241731849  -1.68620337237
0.8   -0.3  -0.5  0.682796151889  0.0                0.317203848111  1.3  -1.1  0.365592303778  0.0                1660.0  6.99066623539  -0.910886164205  -1.68615615912
0.8   -0.3  -0.5  0.68283646421   4.18467004883e-07  0.317163117323  1.3  -1.1  0.365673765355  8.36934009766e-07  1670.0  6.94880595853  -0.910537880864  -1.6859128552
0.8   -0.3  -0.5  0.682998968897  4.18467004883e-07  0.317000612636  1.3  -1.1  0.365998774729  8.36934009766e-07  1680.0  6.9074440183   -0.90993225627   -1.68572974279
0.8   -0.3  -0.5  0.683038723263  0.0                0.316961276737  1.3  -1.1  0.366077446525  0.0                1690.0  6.86657156849  -0.909640513926  -1.68554119441
0.8   -0.3  -0.5  0.683053788075  4.18467004883e-07  0.316945793458  1.3  -1.1  0.366108413084  8.36934009766e-07  1700.0  6.82617997103  -0.909405459178  -1.68534547556
0.8   -0.3  -0.5  0.683281294636  1.39489001953e-07  0.316718565875  1.3  -1.1  0.366562868251  2.78978003906e-07  1710.0  6.78626078991  -0.908838692784  -1.68537011464
0.8   -0.3  -0.5  0.683169145479  0.0                0.316830854521  1.3  -1.1  0.366338290958  0.0                1720.0  6.74680578532  -0.908775918857  -1.6850156971
0.8   -0.3  -0.5  0.68331993309   2.7897800293e-07   0.316679787932  1.3  -1.1  0.366640424136  5.57956005859e-07  1730.0  6.70780690795  -0.908314059181  -1.68494599681
0.8   -0.3  -0.5  0.683218803564  5.57956005859e-07  0.31678063848   1.3  -1.1  0.36643872304   1.11591201172e-06  1740.0  6.66925629353  -0.908395729976  -1.68476484243
0.8   -0.3  -0.5  0.683345320088  2.7897800293e-07   0.316654400934  1.3  -1.1  0.366691198132  5.57956005859e-07  1750.0  6.63114625757  -0.907942837548  -1.68464078137
0.8   -0.3  -0.5  0.68349596821   2.7897800293e-07   0.316503752812  1.3  -1.1  0.366992494376  5.57956005859e-07  1760.0  6.5934692902   -0.907429157461  -1.6845187864
0.8   -0.3  -0.5  0.683462211872  4.18467004883e-07  0.316537369661  1.3  -1.1  0.366925260677  8.36934009766e-07  1770.0  6.55621805127  -0.907281222345  -1.6842831406
0.8   -0.3  -0.5  0.68345258713   0.0                0.31654741287   1.3  -1.1  0.366905174261  0.0                1780.0  6.51938536559  -0.907186398797  -1.68416312534
0.8   -0.3  -0.5  0.683514659736  8.36934009766e-07  0.31648450333   1.3  -1.1  0.36703099334   1.67386801953e-06  1790.0  6.4829642183   -0.906748386512  -1.6838868366
0.8   -0.3  -0.5  0.683612302037  6.97445007813e-07  0.316387000518  1.3  -1.1  0.367225998964  1.39489001563e-06  1800.0  6.44694775042  -0.906456868636  -1.68384913291
0.8   -0.3  -0.5  0.683802844013  1.81335702051e-06  0.31619534263   1.3  -1.1  0.367609314741  3.62671404102e-06  1810.0  6.41132925456  -0.90574362444   -1.68363174422
0.8   -0.3  -0.5  0.683872030558  2.7897800293e-07   0.316127690464  1.3  -1.1  0.367744619072  5.57956005859e-07  1820.0  6.37610217074  -0.905371558254  -1.6834389493
0.8   -0.3  -0.5  0.683721521925  5.57956005859e-07  0.316277920119  1.3  -1.1  0.367444159763  1.11591201172e-06  1830.0  6.34126008238  -0.905706921359  -1.68338310155
0.8   -0.3  -0.5  0.683888350771  9.76423010742e-07  0.316110672806  1.3  -1.1  0.367778654389  1.95284602148e-06  1840.0  6.30679671236  -0.905146813969  -1.68325691655
0.8   -0.3  -0.5  0.683968556947  1.25540101367e-06  0.316030187652  1.3  -1.1  0.367939624696  2.51080202734e-06  1850.0  6.27270591932  -0.904784240231  -1.68310299046
0.8   -0.3  -0.5  0.683919038352  1.1159120127e-06   0.316079845736  1.3  -1.1  0.367840308527  2.23182402539e-06  1860.0  6.23898169395  -0.904698770936  -1.68288871702
0.8   -0.3  -0.5  0.684094794494  4.18467004883e-07  0.315904787039  1.3  -1.1  0.368190425921  8.36934009766e-07  1870.0  6.20561815548  -0.904131930025  -1.6827785631
0.8   -0.3  -0.5  0.684028118751  1.67386801855e-06  0.315970207381  1.3  -1.1  0.368059585238  3.34773603711e-06  1880.0  6.17260954827  -0.904142501987  -1.68261628029
0.8   -0.3  -0.5  0.684293984788  6.97445007813e-07  0.315705317767  1.3  -1.1  0.368589364466  1.39489001563e-06  1890.0  6.13995023849  -0.903302515415  -1.68246715484
0.8   -0.3  -0.5  0.684276130196  1.1159120127e-06   0.315722753892  1.3  -1.1  0.368554492215  2.23182402539e-06  1900.0  6.10763471092  -0.90321176508   -1.68233014995
0.8   -0.3  -0.5  0.684252556554  6.97445007813e-07  0.315746746001  1.3  -1.1  0.368506507999  1.39489001563e-06  1910.0  6.07565756584  -0.903043836524  -1.68210076255
0.8   -0.3  -0.5  0.68434252696   2.09233502344e-06  0.315655380705  1.3  -1.1  0.368689238591  4.18467004688e-06  1920.0  6.04401351602  -0.90281505881   -1.68210646584
0.8   -0.3  -0.5  0.684427336273  3.06875803418e-06  0.315569594969  1.3  -1.1  0.368860810063  6.13751606836e-06  1930.0  6.01269738381  -0.902426785717  -1.68193908753
0.8   -0.3  -0.5  0.684472112243  3.06875803418e-06  0.315524818999  1.3  -1.1  0.368950362002  6.13751606836e-06  1940.0  5.98170409833  -0.902140216048  -1.68176893538
0.8   -0.3  -0.5  0.684776337755  1.95284602246e-06  0.315221709399  1.3  -1.1  0.369556581203  3.90569204492e-06  1950.0  5.95102869269  -0.901173564976  -1.68159282428
0.8   -0.3  -0.5  0.684744394774  2.78978003125e-06  0.315252815446  1.3  -1.1  0.369494369108  5.5795600625e-06   1960.0  5.9206663014   -0.901135916951  -1.68147245928
0.8   -0.3  -0.5  0.684836736493  3.20824703613e-06  0.31516005526   1.3  -1.1  0.36967988948   6.41649407227e-06  1970.0  5.89061215774  -0.900701102094  -1.68127790028
0.8   -0.3  -0.5  0.684791821034  2.51080202832e-06  0.315205668163  1.3  -1.1  0.369588663673  5.02160405664e-06  1980.0  5.86086159129  -0.900729255603  -1.68118899461
0.8   -0.3  -0.5  0.68488890538   3.20824703613e-06  0.315107886373  1.3  -1.1  0.369784227253  6.41649407227e-06  1990.0  5.8314100255   -0.900314339098  -1.68102677639
0.8   -0.3  -0.5  0.68494051631   3.20824703613e-06  0.315056275443  1.3  -1.1  0.369887449114  6.41649407227e-06  2000.0  5.80225297537  -0.900037927408  -1.68088455312
0.8   -0.3  -0.5  0.685149470835  2.65029103027e-06  0.314847878874  1.3  -1.1  0.370304242251  5.30058206055e-06  2010.0  5.77338604515  -0.899311469045  -1.68070115333
0.8   -0.3  -0.5  0.68507191495   4.32415904883e-06  0.314923760891  1.3  -1.1  0.370152478217  8.64831809766e-06  2020.0  5.74480492611  -0.899460000037  -1.68064870857
0.8   -0.3  -0.5  0.685310441142  3.62671404102e-06  0.314685932144  1.3  -1.1  0.370628135713  7.25342808203e-06  2030.0  5.71650539446  -0.89865594256   -1.68046454022
0.8   -0.3  -0.5  0.685130779308  4.18467004688e-06  0.314865036022  1.3  -1.1  0.370269927957  8.36934009375e-06  2040.0  5.68848330919  -0.899105956702  -1.68044765677
0.8   -0.3  -0.5  0.685355635579  4.0451810459e-06   0.31464031924   1.3  -1.1  0.37071936152   8.0903620918e-06   2050.0  5.66073461012  -0.89836827293   -1.68029454351
0.8   -0.3  -0.5  0.68533875741   4.0451810459e-06   0.314657197409  1.3  -1.1  0.370685605181  8.0903620918e-06   2060.0  5.6332553159   -0.89828340171   -1.68016578905
0.8   -0.3  -0.5  0.685291889105  3.20824703613e-06  0.314704902648  1.3  -1.1  0.370590194704  6.41649407227e-06  2070.0  5.6060415221   -0.898301225699  -1.68006142067
0.8   -0.3  -0.5  0.685488708086  7.39291708301e-06  0.314503898997  1.3  -1.1  0.370992202007  1.4785834166e-05   2080.0  5.5790893994   -0.897596603647  -1.67987020184
0.8   -0.3  -0.5  0.685671717656  4.74262605371e-06  0.314323539718  1.3  -1.1  0.371352920565  9.48525210742e-06  2090.0  5.55239519175  -0.896973546045  -1.679721909
0.8   -0.3  -0.5  0.68570477655   3.20824703613e-06  0.314292015203  1.3  -1.1  0.371415969594  6.41649407227e-06  2100.0  5.52595521464  -0.89683426804   -1.67966797037
0.8   -0.3  -0.5  0.685694872831  3.20824703613e-06  0.314301918922  1.3  -1.1  0.371396162155  6.41649407227e-06  2110.0  5.49976585344  -0.896754939451  -1.67956289211
0.8   -0.3  -0.5  0.685809393301  8.09036209082e-06  0.314182516337  1.3  -1.1  0.371634967326  1.61807241816e-05  2120.0  5.47382356168  -0.896305222552  -1.67941288128
0.8   -0.3  -0.5  0.685961157335  4.74262605371e-06  0.314034100039  1.3  -1.1  0.371931799921  9.48525210742e-06  2130.0  5.44812485951  -0.895685051157  -1.67918595728
0.8   -0.3  -0.5  0.685930051287  5.30058205957e-06  0.314064648131  1.3  -1.1  0.371870703739  1.06011641191e-05  2140.0  5.42266633213  -0.895692084331  -1.67911233791
0.8   -0.3  -0.5  0.686177783754  4.88211505469e-06  0.313817334131  1.3  -1.1  0.372365331738  9.76423010938e-06  2150.0  5.39744462826  -0.894850393609  -1.67891458422
0.8   -0.3  -0.5  0.686085999991  8.78780709863e-06  0.313905212202  1.3  -1.1  0.372189575596  1.75756141973e-05  2160.0  5.37245645868  -0.895017663151  -1.67884477825
0.8   -0.3  -0.5  0.686127986181  7.39291708301e-06  0.313864620902  1.3  -1.1  0.372270758195  1.4785834166e-05   2170.0  5.34769859482  -0.89484639773   -1.67878211897
0.8   -0.3  -0.5  0.686329129321  5.5795600625e-06   0.313665291119  1.3  -1.1  0.372669417762  1.1159120125e-05   2180.0  5.32316786732  -0.89425759334   -1.6787155614
0.8   -0.3  -0.5  0.686269985984  6.83496107715e-06  0.313723179055  1.3  -1.1  0.37255364189   1.36699221543e-05  2190.0  5.29886116473  -0.894138530291  -1.67844322784
0.8   -0.3  -0.5  0.686305137213  7.25342808203e-06  0.313687609359  1.3  -1.1  0.372624781281  1.45068561641e-05  2200.0  5.27477543216  -0.893990948438  -1.67838720656
0.8   -0.3  -0.5  0.686490518096  9.6247411084e-06   0.313499857163  1.3  -1.1  0.373000285673  1.92494822168e-05  2210.0  5.25090767002  -0.893349801193  -1.67822899814
0.8   -0.3  -0.5  0.686672551243  7.11393908008e-06  0.313320334818  1.3  -1.1  0.373359330364  1.42278781602e-05  2220.0  5.22725493277  -0.892782123215  -1.67813360202
0.8   -0.3  -0.5  0.68686574351   8.78780709863e-06  0.313125468683  1.3  -1.1  0.373749062634  1.75756141973e-05  2230.0  5.20381432769  -0.89209770505   -1.6779521533
0.8   -0.3  -0.5  0.686721093415  1.04616751182e-05  0.31326844491   1.3  -1.1  0.373463110181  2.09233502363e-05  2240.0  5.18058301373  -0.892458236197  -1.67793726375
0.8   -0.3  -0.5  0.686824594254  1.00432081133e-05  0.313165362537  1.3  -1.1  0.373669274925  2.00864162266e-05  2250.0  5.15755820033  -0.892044304239  -1.67779226659
0.8   -0.3  -0.5  0.686903126562  1.04616751182e-05  0.313086411763  1.3  -1.1  0.373827176475  2.09233502363e-05  2260.0  5.13473714635  -0.891649172173  -1.67760148591
0.8   -0.3  -0.5  0.686837566732  1.15775871309e-05  0.313150855681  1.3  -1.1  0.373698288637  2.31551742617e-05  2270.0  5.11211715892  -0.891762134833  -1.67754443937
0.8   -0.3  -0.5  0.687163552528  1.42278781602e-05  0.312822219594  1.3  -1.1  0.374355560813  2.84557563203e-05  2280.0  5.08969559243  -0.890673021785  -1.67730394951
0.8   -0.3  -0.5  0.68714513998   1.36699221543e-05  0.312841190098  1.3  -1.1  0.374317619804  2.73398443086e-05  2290.0  5.06746984749  -0.890742833601  -1.67732566552
0.8   -0.3  -0.5  0.687163831506  1.22750321387e-05  0.312823893462  1.3  -1.1  0.374352213077  2.45500642773e-05  2300.0  5.04543736989  -0.890531614331  -1.67716248626
0.8   -0.3  -0.5  0.687207073097  1.17170761318e-05  0.312781209827  1.3  -1.1  0.374437580346  2.34341522637e-05  2310.0  5.02359564968  -0.890342846611  -1.67708592349
0.8   -0.3  -0.5  0.687352420636  1.21355431367e-05  0.312635443821  1.3  -1.1  0.374729112359  2.42710862734e-05  2320.0  5.00194222015  -0.889809217205  -1.67693036508
0.8   -0.3  -0.5  0.687422025648  1.25540101416e-05  0.312565420342  1.3  -1.1  0.374869159317  2.51080202832e-05  2330.0  4.98047465697  -0.889482174366  -1.67678446266
0.8   -0.3  -0.5  0.687488003946  1.4785834167e-05   0.31249721022   1.3  -1.1  0.37500557956   2.9571668334e-05   2340.0  4.95919057724  -0.889204503545  -1.67667922814
0.8   -0.3  -0.5  0.687655669726  1.43673671621e-05  0.312329962907  1.3  -1.1  0.375340074186  2.87347343242e-05  2350.0  4.93808763862  -0.888685297815  -1.67659578605
0.8   -0.3  -0.5  0.687856952355  2.13418172402e-05  0.312121705828  1.3  -1.1  0.375756588345  4.26836344805e-05  2360.0  4.91716353845  -0.888044640871  -1.67648125372
0.8   -0.3  -0.5  0.687681196213  1.33909441504e-05  0.312305412843  1.3  -1.1  0.375389174314  2.67818883008e-05  2370.0  4.89641601298  -0.888356342522  -1.67633280905
0.8   -0.3  -0.5  0.687850535861  2.00864162266e-05  0.312129377723  1.3  -1.1  0.375741244554  4.01728324531e-05  2380.0  4.87584283645  -0.887812589776  -1.67623201758
0.8   -0.3  -0.5  0.687949433563  2.05048832314e-05  0.312030061554  1.3  -1.1  0.375939876893  4.10097664629e-05  2390.0  4.8554418204   -0.887428542531  -1.67610527175
0.8   -0.3  -0.5  0.688128955908  2.16207952432e-05  0.311849423297  1.3  -1.1  0.376301153407  4.32415904863e-05  2400.0  4.83521081281  -0.886849744574  -1.67599367825
