#mu0  mu1  mu2   x0              x1                 x2              mua  mub  xa                 xb                 T       b              u               phi
0.1   0.3  -0.4  0.5             0.0                0.5             0.5  0.2  0.0                0.0                30.0    386.816865025  -1.31774118     -1.01774118
0.1   0.3  -0.4  0.5             0.0                0.5             0.5  0.2  0.0                0.0                40.0    290.112648769  -1.31774118     -1.01774118
0.1   0.3  -0.4  0.5             0.0                0.5             0.5  0.2  0.0                0.0                50.0    232.090119015  -1.31774118     -1.01774118
0.1   0.3  -0.4  0.5             0.0                0.5             0.5  0.2  0.0                0.0                60.0    193.408432513  -1.31774118     -1.01774118
0.1   0.3  -0.4  0.5             0.0                0.5             0.5  0.2  0.0                0.0                70.0    165.778656439  -1.31774118     -1.01774118
0.1   0.3  -0.4  0.5             0.0                0.5             0.5  0.2  0.0                0.0                80.0    145.056324384  -1.31774118     -1.01774118
0.1   0.3  -0.4  0.5             0.0                0.5             0.5  0.2  0.0                0.0                90.0    128.938955008  -1.31774118     -1.01774118
0.1   0.3  -0.4  0.5             0.0                0.5             0.5  0.2  0.0                0.0                100.0   116.045059507  -1.31774118     -1.01774118
0.1   0.3  -0.4  0.5             0.0                0.5             0.5  0.2  0.0                0.0                110.0   105.495508643  -1.31774118     -1.01774118
0.1   0.3  -0.4  0.5             0.0                0.5             0.5  0.2  0.0                0.0                120.0   96.7042162563  -1.31774118     -1.01774118
0.1   0.3  -0.4  0.5             0.0                0.5             0.5  0.2  0.0                0.0                130.0   89.2654303904  -1.31774118     -1.01774118
0.1   0.3  -0.4  0.5             0.0                0.5             0.5  0.2  0.0                0.0                140.0   82.8893282196  -1.31774118     -1.01774118
0.1   0.3  -0.4  0.5             0.0                0.5             0.5  0.2  0.0                0.0                150.0   77.363373005   -1.31774118     -1.01774118
0.1   0.3  -0.4  0.5             0.0                0.5             0.5  0.2  0.0                0.0                160.0   72.5281621922  -1.31774118     -1.01774118
0.1   0.3  -0.4  0.5             0.0                0.5             0.5  0.2  0.0                0.0                170.0   68.2617997103  -1.31774118     -1.01774118
0.1   0.3  -0.4  0.5             0.0                0.5             0.5  0.2  0.0                0.0                180.0   64.4694775042  -1.31774118     -1.01774118
0.1   0.3  -0.4  0.5             0.0                0.5             0.5  0.2  0.0                0.0                190.0   61.0763471092  -1.31774118     -1.01774118
0.1   0.3  -0.4  0.5             0.0                0.5             0.5  0.2  0.0                0.0                200.0   58.0225297537  -1.31774118     -1.01774118
0.1   0.3  -0.4  0.5             0.0                0.5             0.5  0.2  0.0                0.0                210.0   55.2595521464  -1.31774118     -1.01774118
0.1   0.3  -0.4  0.5             0.0                0.5             0.5  0.2  0.0                0.0                220.0   52.7477543216  -1.31774118     -1.01774118
0.1   0.3  -0.4  0.5             0.0                0.5             0.5  0.2  0.0                0.0                230.0   50.4543736989  -1.31774118     -1.01774118
0.1   0.3  -0.4  0.5             0.0                0.5             0.5  0.2  0.0                0.0                240.0   48.3521081281  -1.31774118     -1.01774118
0.1   0.3  -0.4  0.5             0.0                0.5             0.5  0.2  0.0                0.0                250.0   46.418023803   -1.31774118     -1.01774118
0.1   0.3  -0.4  0.5             0.0                0.5             0.5  0.2  0.0                0.0                260.0   44.6327151952  -1.31774118     -1.01774118
0.1   0.3  -0.4  0.5             0.0                0.5             0.5  0.2  0.0                0.0                270.0   42.9796516694  -1.31774118     -1.01774118
0.1   0.3  -0.4  0.5             0.0                0.5             0.5  0.2  0.0                0.0                280.0   41.4446641098  -1.31774118     -1.01774118
0.1   0.3  -0.4  0.5             0.0                0.5             0.5  0.2  0.0                0.0                290.0   40.0155377612  -1.31774118     -1.01774118
0.1   0.3  -0.4  0.5             0.0                0.5             0.5  0.2  0.0                0.0                300.0   38.6816865025  -1.31774118     -1.01774118
0.1   0.3  -0.4  0.5             0.0                0.5             0.5  0.2  0.0                0.0                310.0   37.4338901637  -1.31774118     -1.01774118
0.1   0.3  -0.4  0.5             0.0                0.5             0.5  0.2  0.0                0.0                320.0   36.2640810961  -1.31774118     -1.01774118
0.1   0.3  -0.4  0.5             0.0                0.5             0.5  0.2  0.0                0.0                330.0   35.1651695477  -1.31774118     -1.01774118
0.1   0.3  -0.4  0.5             0.0                0.5             0.5  0.2  0.0                0.0                340.0   34.1308998551  -1.31774118     -1.01774118
0.1   0.3  -0.4  0.500000278978  0.0                0.499999721022  0.5  0.2  5.57956005842e-07  0.0                350.0   33.1557312879  -1.31774061917  -1.01774089814
0.1   0.3  -0.4  0.500000278978  0.0                0.499999721022  0.5  0.2  5.57956005842e-07  0.0                360.0   32.2347387521  -1.31774061917  -1.01774089814
0.1   0.3  -0.4  0.5             0.0                0.5             0.5  0.2  0.0                0.0                370.0   31.3635295966  -1.31774118     -1.01774118
0.1   0.3  -0.4  0.5             0.0                0.5             0.5  0.2  0.0                0.0                380.0   30.5381735546  -1.31774118     -1.01774118
0.1   0.3  -0.4  0.5             0.0                0.5             0.5  0.2  0.0                0.0                390.0   29.7551434635  -1.31774118     -1.01774118
0.1   0.3  -0.4  0.500000697445  0.0                0.499999302555  0.5  0.2  1.39489001572e-06  0.0                400.0   29.0112648769  -1.31773977792  -1.01774047536
0.1   0.3  -0.4  0.500000139489  0.0                0.499999860511  0.5  0.2  2.78978003809e-07  0.0                410.0   28.3036730506  -1.31774089958  -1.01774103907
0.1   0.3  -0.4  0.5             0.0                0.5             0.5  0.2  0.0                0.0                420.0   27.6297760732  -1.31774118     -1.01774118
0.1   0.3  -0.4  0.5             0.0                0.5             0.5  0.2  0.0                0.0                430.0   26.9872231413  -1.31774118     -1.01774118
0.1   0.3  -0.4  0.500001115912  0.0                0.499998884088  0.5  0.2  2.23182402526e-06  0.0                440.0   26.3738771608  -1.31773893667  -1.01774005258
0.1   0.3  -0.4  0.500002231824  0.0                0.499997768176  0.5  0.2  4.46364805073e-06  0.0                450.0   25.7877910017  -1.31773669333  -1.01773892516
0.1   0.3  -0.4  0.500000836934  0.0                0.499999163066  0.5  0.2  1.67386801941e-06  0.0                460.0   25.2271868495  -1.3177394975   -1.01774033443
0.1   0.3  -0.4  0.500001673868  0.0                0.499998326132  0.5  0.2  3.34773603705e-06  0.0                470.0   24.6904381931  -1.317737815    -1.01773948887
0.1   0.3  -0.4  0.500002371313  0.0                0.499997628687  0.5  0.2  4.74262605277e-06  0.0                480.0   24.1760540641  -1.31773641292  -1.01773878423
0.1   0.3  -0.4  0.50000418467   0.0                0.49999581533   0.5  0.2  8.36934009385e-06  0.0                490.0   23.6826652056  -1.3177327675   -1.01773695217
0.1   0.3  -0.4  0.500005300582  0.0                0.499994699418  0.5  0.2  1.0601164119e-05   0.0                500.0   23.2090119015  -1.31773052417  -1.01773582475
0.1   0.3  -0.4  0.500005021604  0.0                0.499994978396  0.5  0.2  1.00432081132e-05  0.0                510.0   22.7539332368  -1.317731085    -1.0177361066
0.1   0.3  -0.4  0.500006555983  0.0                0.499993444017  0.5  0.2  1.31119661484e-05  0.0                520.0   22.3163575976  -1.31772800042  -1.0177345564
0.1   0.3  -0.4  0.500009206274  0.0                0.499990793726  0.5  0.2  1.8412548207e-05   0.0                530.0   21.8952942467  -1.3177226725   -1.01773187877
0.1   0.3  -0.4  0.500011019631  0.0                0.499988980369  0.5  0.2  2.20392622481e-05  0.0                540.0   21.4898258347  -1.31771902989  -1.01773004952
0.1   0.3  -0.4  0.500010322186  0.0                0.499989677814  0.5  0.2  2.06443722323e-05  0.0                550.0   21.0991017286  -1.31772042917  -1.01773075135
0.1   0.3  -0.4  0.500013251455  0.0                0.499986748545  0.5  0.2  2.65029102988e-05  0.0                560.0   20.7223320549  -1.31771454042  -1.01772779187
0.1   0.3  -0.4  0.500016599191  0.0                0.499983400809  0.5  0.2  3.31983823738e-05  0.0                570.0   20.3587823697  -1.31770781042  -1.01772440961
0.1   0.3  -0.4  0.500023852619  0.0                0.499976147381  0.5  0.2  4.77052385373e-05  0.0                580.0   20.0077688806  -1.31769323156  -1.01771708418
0.1   0.3  -0.4  0.500022736707  0.0                0.499977263293  0.5  0.2  4.54734145117e-05  0.0                590.0   19.6686541538  -1.31769547208  -1.01771820879
0.1   0.3  -0.4  0.500030966558  0.0                0.499969033442  0.5  0.2  6.19331166973e-05  0.0                600.0   19.3408432512  -1.3176789275   -1.01770989406
0.1   0.3  -0.4  0.500028874223  1.39489001953e-07  0.499970986288  0.5  0.2  5.80274246543e-05  2.78978003906e-07  610.0   19.0237802471  -1.31768255783  -1.01771162734
0.1   0.3  -0.4  0.50003905692   0.0                0.49996094308   0.5  0.2  7.8113840879e-05   0.0                620.0   18.7169450819  -1.31766266333  -1.01770172025
0.1   0.3  -0.4  0.500047426261  0.0                0.499952573739  0.5  0.2  9.48525210684e-05  0.0                630.0   18.4198507155  -1.31764583833  -1.01769326459
0.1   0.3  -0.4  0.500056493046  0.0                0.499943506954  0.5  0.2  0.000112986091273  0.0                640.0   18.132040548   -1.31762760997  -1.01768410301
0.1   0.3  -0.4  0.50006290954   0.0                0.49993709046   0.5  0.2  0.000125819079418  0.0                650.0   17.8530860781  -1.31761471352  -1.01767762306
0.1   0.3  -0.4  0.500057190491  0.0                0.499942809509  0.5  0.2  0.000114380981289  0.0                660.0   17.5825847739  -1.31762620916  -1.01768339965
0.1   0.3  -0.4  0.500073789682  1.39489001953e-07  0.499926070829  0.5  0.2  0.000147858341666  2.78978003906e-07  670.0   17.3201581354  -1.31759227325  -1.01766625822
0.1   0.3  -0.4  0.500094713032  2.7897800293e-07   0.49990500799   0.5  0.2  0.00018998402014   5.57956005859e-07  680.0   17.0654499276  -1.31754964075  -1.01764474435
0.1   0.3  -0.4  0.500095968433  0.0                0.499904031567  0.5  0.2  0.000191936866162  0.0                690.0   16.8181245663  -1.31754825498  -1.01764422341
0.1   0.3  -0.4  0.500115217915  2.7897800293e-07   0.499884503107  0.5  0.2  0.000230993786602  5.57956005859e-07  700.0   16.5778656439  -1.31750841051  -1.01762401899
0.1   0.3  -0.4  0.50012288981   0.0                0.49987711019   0.5  0.2  0.000245779620768  0.0                710.0   16.3443745785  -1.31749415478  -1.01761704459
0.1   0.3  -0.4  0.500140465425  4.18467004883e-07  0.499859116108  0.5  0.2  0.000281767783174  8.36934009766e-07  720.0   16.117369376   -1.31745709247  -1.01759814375
0.1   0.3  -0.4  0.500163620599  1.25540101367e-06  0.499835124     0.5  0.2  0.000329751999714  2.51080202734e-06  730.0   15.8965834942  -1.31740708779  -1.01757246595
0.1   0.3  -0.4  0.500178406433  6.97445007813e-07  0.499820896122  0.5  0.2  0.000358207756035  1.39489001563e-06  740.0   15.6817647983  -1.3173796633   -1.01755904616
0.1   0.3  -0.4  0.500204211898  5.57956005859e-07  0.499795230146  0.5  0.2  0.000409539708612  1.11591201172e-06  750.0   15.472674601   -1.31732838101  -1.01753337405
0.1   0.3  -0.4  0.500206304233  1.39489001563e-06  0.499792300877  0.5  0.2  0.00041539824668   2.78978003125e-06  760.0   15.2690867773  -1.31732071502  -1.0175289721
0.1   0.3  -0.4  0.500241594951  1.81335702051e-06  0.499756591692  0.5  0.2  0.000486816615484  3.62671404102e-06  770.0   15.070786949   -1.31724805777  -1.01749219142
0.1   0.3  -0.4  0.500261123411  9.76423010742e-07  0.499737900166  0.5  0.2  0.000524199667904  1.95284602148e-06  780.0   14.8775717317  -1.31721219394  -1.01747468434
0.1   0.3  -0.4  0.500303946534  1.95284602246e-06  0.49969410062   0.5  0.2  0.000611798760892  3.90569204492e-06  790.0   14.6892480389  -1.3171221441   -1.01742882462
0.1   0.3  -0.4  0.500320406237  2.37131302637e-06  0.49967722245   0.5  0.2  0.000645555099271  4.74262605273e-06  800.0   14.5056324384  -1.31708735071  -1.01741107679
0.1   0.3  -0.4  0.500356812866  2.09233502344e-06  0.499641094799  0.5  0.2  0.000717810402086  4.18467004688e-06  810.0   14.3265505565  -1.31701531398  -1.01737505611
0.1   0.3  -0.4  0.500383873732  2.37131302637e-06  0.499613754955  0.5  0.2  0.000772490090701  4.74262605273e-06  820.0   14.1518365253  -1.3169597321   -1.01734692567
0.1   0.3  -0.4  0.500422093719  1.95284602246e-06  0.499575953435  0.5  0.2  0.000848093129554  3.90569204492e-06  830.0   13.9813324708  -1.31688469158  -1.01730951928
0.1   0.3  -0.4  0.500464079908  2.9292690332e-06   0.499532990823  0.5  0.2  0.000934018354522  5.85853806641e-06  840.0   13.8148880366  -1.31679630151  -1.0172644824
0.1   0.3  -0.4  0.500492954132  6.6954720752e-06   0.499500350396  0.5  0.2  0.000999299207256  1.33909441504e-05  850.0   13.6523599421  -1.31672266112  -1.01722498891
0.1   0.3  -0.4  0.500540380392  5.30058205957e-06  0.499454319026  0.5  0.2  0.00109136194829   1.06011641191e-05  860.0   13.4936115706  -1.31663306871  -1.01718086992
0.1   0.3  -0.4  0.500594920592  3.48722503906e-06  0.499401592183  0.5  0.2  0.00119681563348   6.97445007813e-06  870.0   13.3385125871  -1.31653095215  -1.01713075486
0.1   0.3  -0.4  0.500636906781  7.95087308984e-06  0.499355142346  0.5  0.2  0.00128971530853   1.59017461797e-05  880.0   13.1869385804  -1.31642826762  -1.01707630563
0.1   0.3  -0.4  0.500690470558  7.39291708301e-06  0.499302136525  0.5  0.2  0.00139572694972   1.4785834166e-05   890.0   13.0387707312  -1.31632258689  -1.01702340754
0.1   0.3  -0.4  0.500710835952  6.97445007813e-06  0.499282189598  0.5  0.2  0.00143562080417   1.39489001563e-05  900.0   12.8938955008  -1.31628355525  -1.01700415543
0.1   0.3  -0.4  0.500799690446  1.04616751182e-05  0.499189847879  0.5  0.2  0.00162030424225   2.09233502363e-05  910.0   12.7522043415  -1.31609049757  -1.01690483436
0.1   0.3  -0.4  0.500858136338  8.78780709863e-06  0.499133075855  0.5  0.2  0.00173384828953   1.75756141973e-05  920.0   12.6135934247  -1.31597990297  -1.01685034224
0.1   0.3  -0.4  0.500895658879  9.20627410352e-06  0.499095134847  0.5  0.2  0.00180973030638   1.8412548207e-05   930.0   12.4779633879  -1.31590320577  -1.01681175343
0.1   0.3  -0.4  0.500947827766  1.71571471934e-05  0.499035015087  0.5  0.2  0.00192996982574   3.43142943867e-05  940.0   12.3452190965  -1.31576546873  -1.0167373165
0.1   0.3  -0.4  0.501035845326  1.43673671621e-05  0.498949787307  0.5  0.2  0.00210042538566   2.87347343242e-05  950.0   12.2152694218  -1.3156000152   -1.01665597484
0.1   0.3  -0.4  0.50108968808   1.26934991426e-05  0.498897618421  0.5  0.2  0.00220476315883   2.53869982852e-05  960.0   12.088027032   -1.31549869951  -1.01660615849
0.1   0.3  -0.4  0.501139904121  1.54832791748e-05  0.4988446126    0.5  0.2  0.00231077480003   3.09665583496e-05  970.0   11.9634081967  -1.31538599803  -1.01654757874
0.1   0.3  -0.4  0.501207835265  1.74361251963e-05  0.49877472861   0.5  0.2  0.0024505427796    3.48722503926e-05  980.0   11.8413326028  -1.3152414995   -1.01647374534
0.1   0.3  -0.4  0.501274232029  1.96679492217e-05  0.498706100021  0.5  0.2  0.00258779995715   3.93358984434e-05  990.0   11.7217231826  -1.3150987857   -1.01640055286
0.1   0.3  -0.4  0.501428506865  2.16207952432e-05  0.49854987234   0.5  0.2  0.00290025532067   4.32415904863e-05  1000.0  11.6045059507  -1.31478064511  -1.01623942109
0.1   0.3  -0.4  0.501474538236  2.38526192686e-05  0.498501609145  0.5  0.2  0.00299678170976   4.77052385371e-05  1010.0  11.4896098522  -1.31467911816  -1.01618705006
0.1   0.3  -0.4  0.501550838719  3.26404263672e-05  0.498416520854  0.5  0.2  0.00316695829167   6.52808527344e-05  1020.0  11.3769666184  -1.31448918562  -1.01608572093
0.1   0.3  -0.4  0.501657408317  3.12455363516e-05  0.498311346147  0.5  0.2  0.00337730770604   6.24910727031e-05  1030.0  11.2665106318  -1.31428128959  -1.01598244166
0.1   0.3  -0.4  0.501727850262  3.48722503926e-05  0.498237277487  0.5  0.2  0.00352544502571   6.97445007852e-05  1040.0  11.1581787988  -1.31412439815  -1.01590106957
0.1   0.3  -0.4  0.501799966076  4.15677224678e-05  0.498158466201  0.5  0.2  0.00368306759749   8.31354449355e-05  1050.0  11.0519104293  -1.31395174162  -1.01580990251
0.1   0.3  -0.4  0.50188882057   3.89174314385e-05  0.498072261998  0.5  0.2  0.00385547600343   7.7834862877e-05   1060.0  10.9476471233  -1.31378456676  -1.01572787174
0.1   0.3  -0.4  0.502007246733  4.77052385371e-05  0.497945048029  0.5  0.2  0.00410990394229   9.54104770742e-05  1070.0  10.8453326643  -1.31351073285  -1.01558476692
0.1   0.3  -0.4  0.502089545244  4.91001285527e-05  0.497861354628  0.5  0.2  0.00427729074418   9.82002571055e-05  1080.0  10.7449129174  -1.31333960252  -1.01549788794
0.1   0.3  -0.4  0.502210761186  5.35637766035e-05  0.497735675037  0.5  0.2  0.00452864992501   0.000107127553207  1090.0  10.6463357346  -1.31307695178  -1.01536270225
0.1   0.3  -0.4  0.50234006749   6.06777156836e-05  0.497599254794  0.5  0.2  0.00480149041208   0.000121355431367  1100.0  10.5495508643  -1.31278787167  -1.01521288796
0.1   0.3  -0.4  0.502443707819  6.72336987568e-05  0.497489058483  0.5  0.2  0.00502188303457   0.000134467397514  1110.0  10.4545098655  -1.31255318886  -1.01509102385
0.1   0.3  -0.4  0.502527680197  7.21158138125e-05  0.497400203989  0.5  0.2  0.00519959202257   0.000144231627625  1120.0  10.3611660275  -1.31236384424  -1.01499248657
0.1   0.3  -0.4  0.502667448177  7.53240608486e-05  0.497257227762  0.5  0.2  0.00548554447579   0.000150648121697  1130.0  10.2694742927  -1.31206839356  -1.01484129542
0.1   0.3  -0.4  0.50280400791   8.5088290958e-05   0.497110903799  0.5  0.2  0.00577819240108   0.000170176581916  1140.0  10.1793911849  -1.31175407748  -1.014677209
0.1   0.3  -0.4  0.502907648238  8.34144229395e-05  0.497008937339  0.5  0.2  0.00598212532138   0.000166828845879  1150.0  10.0908747398  -1.31155336954  -1.01457779797
0.1   0.3  -0.4  0.502960235591  9.79212791025e-05  0.49694184313   0.5  0.2  0.00611631374089   0.000195842558205  1160.0  10.0038844403  -1.31138775773  -1.01448508312
0.1   0.3  -0.4  0.503130272684  0.000103221861163  0.496766505455  0.5  0.2  0.00646698909084   0.000206443722326  1170.0  9.91838115449  -1.31102460601  -1.0142993893
0.1   0.3  -0.4  0.503294730217  0.000102942883159  0.4966023269    0.5  0.2  0.00679534620054   0.000205885766318  1180.0  9.83432707691  -1.31069453644  -1.0141333867
0.1   0.3  -0.4  0.503426965791  0.000115775871304  0.496457258338  0.5  0.2  0.00708548332381   0.000231551742607  1190.0  9.7516856729   -1.31037616888  -1.01396522089
0.1   0.3  -0.4  0.50358626223   0.000132375062491  0.496281362707  0.5  0.2  0.00743727458577   0.000264750124982  1200.0  9.67042162562  -1.30998820028  -1.01375978759
0.1   0.3  -0.4  0.503648892792  0.000139070534566  0.496212036673  0.5  0.2  0.00757592665334   0.000278141069133  1210.0  9.59050078574  -1.30983344542  -1.01367703697
0.1   0.3  -0.4  0.503791171574  0.00015622768176   0.496052600745  0.5  0.2  0.00789479851093   0.00031245536352   1220.0  9.51189012357  -1.30947811415  -1.01348800447
0.1   0.3  -0.4  0.504025373607  0.000157343593772  0.495817282799  0.5  0.2  0.00836543440223   0.000314687187545  1230.0  9.43455768354  -1.30900349103  -1.01324914567
0.1   0.3  -0.4  0.504088143658  0.000179103878018  0.495732752464  0.5  0.2  0.00853449507213   0.000358207756035  1240.0  9.35847254093  -1.30878552071  -1.0131244098
0.1   0.3  -0.4  0.504257901773  0.000178127455007  0.495563970772  0.5  0.2  0.00887205845594   0.000356254910014  1250.0  9.2836047606   -1.30845012972  -1.01295740993
0.1   0.3  -0.4  0.504389439901  0.000184543949079  0.495426016149  0.5  0.2  0.00914796770104   0.000369087898158  1260.0  9.20992535774  -1.308159025    -1.01280682643
0.1   0.3  -0.4  0.504537856199  0.000186496795101  0.495275647006  0.5  0.2  0.00944870598843   0.000372993590201  1270.0  9.13740626043  -1.30785279384  -1.01265174555
0.1   0.3  -0.4  0.504790331292  0.000222624446508  0.494987044262  0.5  0.2  0.0100259114769    0.000445248893016  1280.0  9.06602027402  -1.30719682832  -1.01229883384
0.1   0.3  -0.4  0.504921590442  0.000224995759534  0.494853413798  0.5  0.2  0.0102931724039    0.000449991519068  1290.0  8.99574104709  -1.30692268375  -1.01215926826
0.1   0.3  -0.4  0.505009050046  0.000238526192687  0.494752423761  0.5  0.2  0.0104951524782    0.000477052385373  1300.0  8.92654303904  -1.30668968999  -1.01203267671
0.1   0.3  -0.4  0.505276310973  0.000244942686759  0.49447874634   0.5  0.2  0.0110425073204    0.000489885373518  1310.0  8.85840148912  -1.30612779523  -1.01174702596
0.1   0.3  -0.4  0.505444534709  0.000276327712112  0.494279137579  0.5  0.2  0.0114417248429    0.000552655424225  1320.0  8.79129238693  -1.30566137636  -1.01149276987
0.1   0.3  -0.4  0.505487915789  0.000296972084345  0.494215112127  0.5  0.2  0.0115697757463    0.000593944168689  1330.0  8.72519244417  -1.3054875224   -1.0113911991
0.1   0.3  -0.4  0.505685990171  0.000288463255249  0.494025546574  0.5  0.2  0.0119489068526    0.000576926510498  1340.0  8.66007906772  -1.30512524266  -1.01121508139
0.1   0.3  -0.4  0.505786422252  0.000339237251821  0.493874340496  0.5  0.2  0.012251319008     0.000678474503643  1350.0  8.59593033389  -1.30471328791  -1.01097464232
0.1   0.3  -0.4  0.506012254946  0.000351233305956  0.493636511748  0.5  0.2  0.0127269765034    0.000702466611912  1360.0  8.53272496379  -1.30420812747  -1.01071210904
0.1   0.3  -0.4  0.506244225155  0.000369087898157  0.493386686947  0.5  0.2  0.013226626107     0.000738175796314  1370.0  8.47044229982  -1.30366888784  -1.01042983605
0.1   0.3  -0.4  0.506326105199  0.000381641908299  0.493292252892  0.5  0.2  0.0134154942151    0.000763283816598  1380.0  8.40906228315  -1.30345191252  -1.01031231639
0.1   0.3  -0.4  0.506558633365  0.000407307884588  0.493034058751  0.5  0.2  0.0139318824989    0.000814615769176  1390.0  8.34856543219  -1.30288184555  -1.01001070995
0.1   0.3  -0.4  0.506715558492  0.000421954229753  0.492862487279  0.5  0.2  0.0142750254428    0.000843908459506  1400.0  8.28893282196  -1.30250457893  -1.00981087334
0.1   0.3  -0.4  0.50697989015   0.000431021014855  0.492589088836  0.5  0.2  0.014821822329     0.000862042029711  1410.0  8.23014606436  -1.30193685143  -1.00952017101
0.1   0.3  -0.4  0.507108080542  0.000461150639194  0.492430768819  0.5  0.2  0.0151384623625    0.000922301278389  1420.0  8.17218728926  -1.30155567069  -1.00930936213
0.1   0.3  -0.4  0.507266540048  0.000480260632409  0.49225319932   0.5  0.2  0.0154936013605    0.000960521264818  1430.0  8.1150391264   -1.30115281123  -1.00909171617
0.1   0.3  -0.4  0.507478981797  0.000519875508855  0.492001142694  0.5  0.2  0.0159977146122    0.00103975101771   1440.0  8.05868468802  -1.3005653454   -1.00877215291
0.1   0.3  -0.4  0.507686959899  0.000532290029996  0.491780750071  0.5  0.2  0.0164384998572    0.00106458005999   1450.0  8.00310755224  -1.30009594971  -1.00852811565
0.1   0.3  -0.4  0.50776632914   0.000576926510498  0.491656744349  0.5  0.2  0.016686511302     0.001153853021     1460.0  7.94829174709  -1.29975323402  -1.00832726028
0.1   0.3  -0.4  0.508101800189  0.000580553224539  0.491317646586  0.5  0.2  0.0173647068276    0.00116110644908   1470.0  7.8942217352   -1.29906438309  -1.00797895779
0.1   0.3  -0.4  0.508206277451  0.000611938249893  0.491181784299  0.5  0.2  0.0176364314027    0.00122387649979   1480.0  7.84088239916  -1.29872173279  -1.00778472379
0.1   0.3  -0.4  0.508349393167  0.000637883204186  0.491012723629  0.5  0.2  0.0179745527425    0.00127576640837   1490.0  7.78825902735  -1.29832663675  -1.0075690664
0.1   0.3  -0.4  0.50860186826   0.000694097271818  0.490704034468  0.5  0.2  0.0185919310634    0.00138819454364   1500.0  7.7363373005   -1.29758760775  -1.00716121219
0.1   0.3  -0.4  0.508916973914  0.000692004936795  0.490391021149  0.5  0.2  0.0192179577025    0.00138400987359   1510.0  7.68510327864  -1.29696306699  -1.00684884781
0.1   0.3  -0.4  0.509075293931  0.000709859528996  0.49021484654   0.5  0.2  0.0195703069204    0.00141971905799   1520.0  7.63454338865  -1.29657102471  -1.00664012198
0.1   0.3  -0.4  0.509204600236  0.000790623660905  0.490004776103  0.5  0.2  0.0199904477932    0.00158124732181   1530.0  7.58464441225  -1.29597722187  -1.00628869523
0.1   0.3  -0.4  0.509442568472  0.000815313214184  0.489742118313  0.5  0.2  0.0205157633731    0.00163062642837   1540.0  7.53539347451  -1.29539625529  -1.00598026226
0.1   0.3  -0.4  0.509615813812  0.000864413342736  0.489519772845  0.5  0.2  0.0209604543101    0.00172882668547   1550.0  7.48677803274  -1.29484489344  -1.00567088594
0.1   0.3  -0.4  0.50981458564   0.00088952136302   0.489295892997  0.5  0.2  0.0214082140051    0.00177904272604   1560.0  7.43878586587  -1.29434698235  -1.0054068979
0.1   0.3  -0.4  0.510064968397  0.000920348432367  0.48901468317   0.5  0.2  0.0219706336595    0.00184069686473   1570.0  7.39140506417  -1.29370525335  -1.00505870955
0.1   0.3  -0.4  0.510179349379  0.000969588049922  0.488851062571  0.5  0.2  0.0222978748572    0.00193917609984   1580.0  7.34462401946  -1.29328169659  -1.00481846924
0.1   0.3  -0.4  0.510464743876  0.00100111256428   0.48853414356   0.5  0.2  0.0229317128803    0.00200222512855   1590.0  7.29843141557  -1.29257234425  -1.00443864572
0.1   0.3  -0.4  0.510616368421  0.0010383561277    0.488345275452  0.5  0.2  0.0233094490966    0.00207671225539   1600.0  7.25281621922  -1.2921151964   -1.0041852634
0.1   0.3  -0.4  0.510756694356  0.00107950538316   0.488163800261  0.5  0.2  0.0236723994786    0.00215901076632   1610.0  7.20776767127  -1.2916663112   -1.00393431309
0.1   0.3  -0.4  0.511047110457  0.00110684522747   0.487846044315  0.5  0.2  0.0243079113698    0.00221369045494   1620.0  7.16327527824  -1.29096680009  -1.00356349387
0.1   0.3  -0.4  0.511224679956  0.0011633382731    0.48761198177   0.5  0.2  0.0247760364591    0.00232667654621   1630.0  7.11932880414  -1.29036949735  -1.00322285089
0.1   0.3  -0.4  0.511507005696  0.00120923015462   0.48728376415   0.5  0.2  0.0254324717005    0.00241846030924   1640.0  7.07591826265  -1.28962228505  -1.00282221297
0.1   0.3  -0.4  0.511612319892  0.00127730078739   0.487110379321  0.5  0.2  0.0257792413584    0.00255460157478   1650.0  7.03303390954  -1.289127692    -1.002528233
0.1   0.3  -0.4  0.51182350624   0.00133546770104   0.486841026059  0.5  0.2  0.0263179478824    0.00267093540209   1660.0  6.99066623539  -1.28845685738  -1.0021500184
0.1   0.3  -0.4  0.512103879133  0.00137229279746   0.486523828069  0.5  0.2  0.0269523438616    0.00274458559491   1670.0  6.94880595853  -1.28774652062  -1.00177160967
0.1   0.3  -0.4  0.512221049895  0.0013672711934    0.486411678912  0.5  0.2  0.0271766421761    0.0027345423868    1680.0  6.9074440183   -1.2875267518   -1.00166198136
0.1   0.3  -0.4  0.512401548663  0.00145208050636   0.486146370831  0.5  0.2  0.0277072583381    0.00290416101271   1690.0  6.86657156849  -1.2868125492   -1.00124701057
0.1   0.3  -0.4  0.512691685786  0.00148360502071   0.485824709193  0.5  0.2  0.0283505816133    0.00296721004142   1700.0  6.82617997103  -1.28609447873  -1.00086321155
0.1   0.3  -0.4  0.51299005276   0.00152893894622   0.485481008293  0.5  0.2  0.0290379834131    0.00305787789244   1710.0  6.78626078991  -1.28531408622  -1.00044465351
0.1   0.3  -0.4  0.513043616537  0.00161388774818   0.485342495715  0.5  0.2  0.0293150085702    0.00322777549636   1720.0  6.74680578532  -1.28485641056  -1.00015946995
0.1   0.3  -0.4  0.513282282219  0.0016783316669    0.485039386114  0.5  0.2  0.029921227771     0.00335666333381   1730.0  6.70780690795  -1.28410654296  -0.99973848951
0.1   0.3  -0.4  0.513499187616  0.00174612332167   0.484754689062  0.5  0.2  0.0304906218754    0.00349224664334   1740.0  6.66925629353  -1.28339202055  -0.999335780813
0.1   0.3  -0.4  0.513811921958  0.00179717629624   0.484390901746  0.5  0.2  0.0312181965076    0.00359435259249   1750.0  6.63114625757  -1.28253902389  -0.998866992657
0.1   0.3  -0.4  0.513961872634  0.00184223124375   0.484195896122  0.5  0.2  0.031608207756     0.0036844624875    1760.0  6.5934692902   -1.28205439495  -0.998595391327
0.1   0.3  -0.4  0.514231644363  0.00187835889516   0.483889996742  0.5  0.2  0.0322200065169    0.00375671779032   1770.0  6.55621805127  -1.28136511593  -0.998226462744
0.1   0.3  -0.4  0.514265819169  0.00198116228932   0.483753018542  0.5  0.2  0.032493962916     0.00396232457863   1780.0  6.51938536559  -1.28087112098  -0.997910567353
0.1   0.3  -0.4  0.514505042806  0.00203514453292   0.483459812661  0.5  0.2  0.0330803746786    0.00407028906585   1790.0  6.4829642183   -1.28017365183  -0.997527896976
0.1   0.3  -0.4  0.514756262498  0.00211995384588   0.483123783656  0.5  0.2  0.0337524326882    0.00423990769176   1800.0  6.44694775042  -1.2793095794   -0.997033777281
0.1   0.3  -0.4  0.51485794998   0.00219165119269   0.482950398827  0.5  0.2  0.0340992023461    0.00438330238537   1810.0  6.41132925456  -1.27880892218  -0.996735183833
0.1   0.3  -0.4  0.515214902335  0.00220462366983   0.482580473995  0.5  0.2  0.0348390520104    0.00440924733967   1820.0  6.37610217074  -1.27803088112  -0.996332256588
0.1   0.3  -0.4  0.515260515239  0.00230073159192   0.482438753169  0.5  0.2  0.0351224936616    0.00460146318383   1830.0  6.34126008238  -1.27754350548  -0.996025044944
0.1   0.3  -0.4  0.515494438295  0.00234494960541   0.4821606121    0.5  0.2  0.0356787757999    0.00468989921083   1840.0  6.30679671236  -1.27688550214  -0.99566286988
0.1   0.3  -0.4  0.515784854396  0.00238219316883   0.481832952435  0.5  0.2  0.0363340951293    0.00476438633767   1850.0  6.27270591932  -1.27614750604  -0.995267430875
0.1   0.3  -0.4  0.515901885668  0.00249880597415   0.481599308358  0.5  0.2  0.0368013832845    0.00499761194829   1860.0  6.23898169395  -1.27542760943  -0.994827823458
0.1   0.3  -0.4  0.5160244965    0.00256185500286   0.481413648497  0.5  0.2  0.0371727030067    0.00512371000571   1870.0  6.20561815548  -1.27491859131  -0.994529684815
0.1   0.3  -0.4  0.516366105065  0.00271138721254   0.480922507722  0.5  0.2  0.0381549845558    0.00542277442508   1880.0  6.17260954827  -1.27363102486  -0.993793072024
0.1   0.3  -0.4  0.516605468192  0.00276620639016   0.480628325418  0.5  0.2  0.0387433491644    0.00553241278032   1890.0  6.13995023849  -1.27290573988  -0.993383897021
0.1   0.3  -0.4  0.516738819678  0.00280721615662   0.480453964166  0.5  0.2  0.0390920716683    0.00561443231324   1900.0  6.10763471092  -1.27246597377  -0.993134896063
0.1   0.3  -0.4  0.516898674073  0.00286942825132   0.480231897675  0.5  0.2  0.0395362046493    0.00573885650264   1910.0  6.07565756584  -1.27188501181  -0.992800885429
0.1   0.3  -0.4  0.517186021417  0.00296386230538   0.479850116278  0.5  0.2  0.0402997674439    0.00592772461077   1920.0  6.04401351602  -1.27091971538  -0.992255144023
0.1   0.3  -0.4  0.517404042726  0.00305201935438   0.47954393792   0.5  0.2  0.0409121241608    0.00610403870876   1930.0  6.01269738381  -1.27011423624  -0.991791106065
0.1   0.3  -0.4  0.517446586872  0.00311841611913   0.479434997009  0.5  0.2  0.0411300059813    0.00623683223825   1940.0  5.98170409833  -1.26975350612  -0.991565875553
0.1   0.3  -0.4  0.517776059893  0.00318132565883   0.479042614448  0.5  0.2  0.0419147711041    0.00636265131767   1950.0  5.95102869269  -1.26883602759  -0.991065943407
0.1   0.3  -0.4  0.517942888739  0.00329975182117   0.47875735944   0.5  0.2  0.0424852811206    0.00659950364234   1960.0  5.9206663014   -1.2680038166   -0.990566357883
0.1   0.3  -0.4  0.518053643006  0.00337521537102   0.478571141623  0.5  0.2  0.0428577167547    0.00675043074204   1970.0  5.89061215774  -1.26746568387  -0.990244628398
0.1   0.3  -0.4  0.518297190803  0.00342096776353   0.478281841433  0.5  0.2  0.0434363171333    0.00684193552707   1980.0  5.86086159129  -1.26679108973  -0.989877635401
0.1   0.3  -0.4  0.518387998143  0.00360871995965   0.478003281897  0.5  0.2  0.0439934362055    0.0072174399193    1990.0  5.8314100255   -1.26582449227  -0.989264698357
0.1   0.3  -0.4  0.518609088211  0.00367176898836   0.477719142801  0.5  0.2  0.0445617143979    0.00734353797672   2000.0  5.80225297537  -1.26511694827  -0.988866513067
0.1   0.3  -0.4  0.518721376857  0.00371668444686   0.477561938696  0.5  0.2  0.0448761226075    0.00743336889373   2010.0  5.77338604515  -1.26469837867  -0.988623113752
0.1   0.3  -0.4  0.518969806769  0.00383887681224   0.477191316419  0.5  0.2  0.0456173671618    0.00767775362448   2020.0  5.74480492611  -1.26370668082  -0.988050915125
0.1   0.3  -0.4  0.519119199489  0.00390011248393   0.476980688027  0.5  0.2  0.0460386239466    0.00780022496786   2030.0  5.71650539446  -1.26314235391  -0.987721710871
0.1   0.3  -0.4  0.519336941821  0.00407293935688   0.476590118822  0.5  0.2  0.0468197623554    0.00814587871376   2040.0  5.68848330919  -1.26199562636  -0.987034683282
0.1   0.3  -0.4  0.519635029817  0.00412162101843   0.476243349164  0.5  0.2  0.0475133016712    0.00824324203685   2050.0  5.66073461012  -1.26118189287  -0.986587192113
0.1   0.3  -0.4  0.519871045208  0.00424981141087   0.475879143381  0.5  0.2  0.0482417132374    0.00849962282174   2060.0  5.6332553159   -1.2601752818   -0.985996062986
0.1   0.3  -0.4  0.519936605039  0.00435345173904   0.475709943222  0.5  0.2  0.0485801135552    0.00870690347807   2070.0  5.6060415221   -1.25962405444  -0.985655491911
0.1   0.3  -0.4  0.520335683072  0.00440408624661   0.475260230681  0.5  0.2  0.0494795386373    0.00880817249321   2080.0  5.5790893994   -1.25859478061  -0.98509618443
0.1   0.3  -0.4  0.520286443455  0.00452864992501   0.47518490662   0.5  0.2  0.049630186759     0.00905729985002   2090.0  5.55239519175  -1.25818194826  -0.984808501607
0.1   0.3  -0.4  0.520540592415  0.00465795622947   0.474801451355  0.5  0.2  0.0503970972897    0.00931591245893   2100.0  5.52595521464  -1.25713779344  -0.984199524579
0.1   0.3  -0.4  0.520660971424  0.00480190887909   0.474537119697  0.5  0.2  0.0509257606056    0.00960381775818   2110.0  5.49976585344  -1.25629606949  -0.983679713345
0.1   0.3  -0.4  0.521004811813  0.00484821922761   0.47414696896   0.5  0.2  0.0517060620804    0.00969643845522   2120.0  5.47382356168  -1.25540770227  -0.983200021004
0.1   0.3  -0.4  0.52099253678   0.00491684781638   0.474090615403  0.5  0.2  0.0518187691937    0.00983369563277   2130.0  5.44812485951  -1.25513706885  -0.983013192567
0.1   0.3  -0.4  0.521187402916  0.00505368652692   0.473758910557  0.5  0.2  0.0524821788852    0.0101073730538    2140.0  5.42266633213  -1.25418097956  -0.982443543613
0.1   0.3  -0.4  0.521333308411  0.00519680224254   0.473469889346  0.5  0.2  0.0530602213077    0.0103936044851    2150.0  5.39744462826  -1.2532926538   -0.981901485345
0.1   0.3  -0.4  0.521576856208  0.0052641754303    0.473158968362  0.5  0.2  0.0536820632767    0.0105283508606    2160.0  5.37245645868  -1.25253321707  -0.981479918875
0.1   0.3  -0.4  0.521763492492  0.00533852306813   0.47289798444   0.5  0.2  0.0542040311206    0.0106770461363    2170.0  5.34769859482  -1.25182786387  -0.981065288655
0.1   0.3  -0.4  0.521947060018  0.00553506307135   0.47251787691   0.5  0.2  0.0549642461791    0.0110701261427    2180.0  5.32316786732  -1.25064778182  -0.980343930136
0.1   0.3  -0.4  0.522000065839  0.00569268564312   0.472307248518  0.5  0.2  0.0553855029639    0.0113853712862    2190.0  5.29886116473  -1.24989805078  -0.979867876521
0.1   0.3  -0.4  0.522208741385  0.00576884663798   0.472022411977  0.5  0.2  0.0559551760463    0.011537693276     2200.0  5.27477543216  -1.24915188977  -0.979437016451
0.1   0.3  -0.4  0.522334699954  0.00590456943651   0.47176073061   0.5  0.2  0.0564785387802    0.011809138873     2210.0  5.25090767002  -1.24833355143  -0.978934648591
0.1   0.3  -0.4  0.522580200596  0.00601518421475   0.471404615189  0.5  0.2  0.0571907696222    0.0120303684295    2220.0  5.22725493277  -1.24736181655  -0.97836327505
0.1   0.3  -0.4  0.522819005767  0.00613695811313   0.47104403612   0.5  0.2  0.0579119277603    0.0122739162263    2230.0  5.20381432769  -1.24637851868  -0.977789265799
0.1   0.3  -0.4  0.522771440017  0.00624548055635   0.470983079426  0.5  0.2  0.0580338411477    0.0124909611127    2240.0  5.18058301373  -1.2460434166   -0.977558529394
0.1   0.3  -0.4  0.523088498518  0.00632024666119   0.470591254821  0.5  0.2  0.0588174903585    0.0126404933224    2250.0  5.15755820033  -1.2450665386   -0.977003382439
0.1   0.3  -0.4  0.52339425841   0.00644202055956   0.470163721031  0.5  0.2  0.0596725579382    0.0128840411191    2260.0  5.13473714635  -1.24394024105  -0.976353328238
0.1   0.3  -0.4  0.523457865394  0.00667273536816   0.469869399238  0.5  0.2  0.0602612015248    0.0133454707363    2270.0  5.11211715892  -1.24286424199  -0.9756639369
0.1   0.3  -0.4  0.523474604074  0.00669449565241   0.469830900273  0.5  0.2  0.0603381994537    0.0133889913048    2280.0  5.08969559243  -1.24274127372  -0.97558817171
0.1   0.3  -0.4  0.523737261864  0.00682059370983   0.469442144426  0.5  0.2  0.0611157111484    0.0136411874197    2290.0  5.06746984749  -1.24168294661  -0.974969039663
0.1   0.3  -0.4  0.52394468201   0.00696859154049   0.46908672645   0.5  0.2  0.0618265471004    0.013937183081     2300.0  5.04543736989  -1.24064144807  -0.974342158238
0.1   0.3  -0.4  0.524084728967  0.00708562281281   0.46882964822   0.5  0.2  0.0623407035602    0.0141712456256    2310.0  5.02359564968  -1.23987869105  -0.973883291957
0.1   0.3  -0.4  0.524242770006  0.00715425140159   0.468602978592  0.5  0.2  0.0627940428153    0.0143085028032    2320.0  5.00194222015  -1.23928524177  -0.973543963735
0.1   0.3  -0.4  0.524375284558  0.00737059884302   0.468254116599  0.5  0.2  0.0634917668012    0.014741197686     2330.0  4.98047465697  -1.23809777638  -0.972791899315
0.1   0.3  -0.4  0.524444331613  0.00746824114412   0.468087427243  0.5  0.2  0.0638251455149    0.0149364822882    2340.0  4.95919057724  -1.23755700987  -0.972456879087
0.1   0.3  -0.4  0.524653704605  0.00758694628446   0.467759349111  0.5  0.2  0.0644813017783    0.0151738925689    2350.0  4.93808763862  -1.23664116389  -0.971916593293
0.1   0.3  -0.4  0.524606417833  0.00781598722504   0.467577594942  0.5  0.2  0.0648448101164    0.0156319744501    2360.0  4.91716353845  -1.23580172491  -0.971350524852
0.1   0.3  -0.4  0.524968391792  0.00798532687295   0.467046281335  0.5  0.2  0.0659074373304    0.0159706537459    2370.0  4.89641601298  -1.23436075637  -0.970508605786
0.1   0.3  -0.4  0.525149727494  0.00807418136695   0.466776091139  0.5  0.2  0.0664478177225    0.0161483627339    2380.0  4.87584283645  -1.23362180621  -0.970075387618
0.1   0.3  -0.4  0.525082075329  0.00821380985752   0.466704114814  0.5  0.2  0.0665917703721    0.016427619715     2390.0  4.8554418204   -1.23316328758  -0.969744696712
0.1   0.3  -0.4  0.525232165494  0.00833851302492   0.466429321481  0.5  0.2  0.0671413570383    0.0166770260498    2400.0  4.83521081281  -1.2323635321   -0.969269615827
