#mu0             mu1             mu2             x0              x1              x2              mua   mub  xa                  xb              T       b              u               phi
-0.733333333333  0.366666666667  0.366666666667  0.376029010365  0.123970989635  0.5             -1.1  1.1  -2.77555756156e-17  0.247941979271  30.0    386.816865025  -1.07716061437  -0.983230124904
-0.733333333333  0.366666666667  0.366666666667  0.376747936679  0.123252063321  0.5             -1.1  1.1  8.32667268469e-17   0.246504126643  40.0    290.112648769  -1.07972470286  -0.984212575502
-0.733333333333  0.366666666667  0.366666666667  0.376643598906  0.123356401094  0.5             -1.1  1.1  1.38777878078e-17   0.246712802189  50.0    232.090119015  -1.08034060434  -0.985058020081
-0.733333333333  0.366666666667  0.366666666667  0.374182594451  0.125817405549  0.5             -1.1  1.1  8.32667268469e-17   0.251634811098  60.0    193.408432513  -1.07585376644  -0.985985391981
-0.733333333333  0.366666666667  0.366666666667  0.375983676439  0.124016323561  0.5             -1.1  1.1  -4.16333634234e-17  0.248032647122  70.0    165.778656439  -1.08121817052  -0.987387415683
-0.733333333333  0.366666666667  0.366666666667  0.374921049225  0.125078950775  0.5             -1.1  1.1  -8.32667268469e-17  0.25015790155   80.0    145.056324384  -1.07966163626  -0.988168661301
-0.733333333333  0.366666666667  0.366666666667  0.374543870965  0.125456129035  0.5             -1.1  1.1  0.0                 0.25091225807   90.0    128.938955008  -1.0790112525   -0.988348069712
-0.733333333333  0.366666666667  0.366666666667  0.374283584488  0.125716415512  0.5             -1.1  1.1  -2.77555756156e-17  0.251432831024  100.0   116.045059507  -1.07856481556  -0.988474263019
-0.733333333333  0.366666666667  0.366666666667  0.373672343683  0.126327656317  0.5             -1.1  1.1  0.0                 0.252655312634  110.0   105.495508643  -1.07749979192  -0.98875396915
-0.733333333333  0.366666666667  0.366666666667  0.373722978191  0.126277021809  0.5             -1.1  1.1  5.55111512313e-17   0.252554043619  120.0   96.7042162563  -1.07761863601  -0.98876141732
-0.733333333333  0.366666666667  0.366666666667  0.372498683224  0.127501316776  0.5             -1.1  1.1  -2.77555756156e-17  0.255002633552  130.0   89.2654303904  -1.07578358165  -0.989619811888
-0.733333333333  0.366666666667  0.366666666667  0.37169592402   0.12830407598   0.5             -1.1  1.1  2.77555756156e-17   0.25660815196   140.0   82.8893282196  -1.07514206658  -0.99074436707
-0.733333333333  0.366666666667  0.366666666667  0.371780035888  0.128219964112  0.5             -1.1  1.1  -2.77555756156e-17  0.256439928225  150.0   77.363373005   -1.07569955337  -0.991116807752
-0.733333333333  0.366666666667  0.366666666667  0.371671513445  0.128328486555  0.5             -1.1  1.1  8.32667268469e-17   0.256656973111  160.0   72.5281621922  -1.07550047776  -0.991156481517
-0.733333333333  0.366666666667  0.366666666667  0.37080179952   0.12919820048   0.5             -1.1  1.1  0.0                 0.258396400961  170.0   68.2617997103  -1.07391215686  -0.991481531253
-0.733333333333  0.366666666667  0.366666666667  0.3703239102    0.1296760898    0.5             -1.1  1.1  5.55111512313e-17   0.259352179599  180.0   64.4694775042  -1.07285542953  -0.99147616042
-0.733333333333  0.366666666667  0.366666666667  0.372300190375  0.127699809625  0.5             -1.1  1.1  -2.77555756156e-17  0.255399619251  190.0   61.0763471092  -1.07816548183  -0.992438396335
-0.733333333333  0.366666666667  0.366666666667  0.372752692696  0.127247307304  0.5             -1.1  1.1  2.77555756156e-17   0.254494614609  200.0   58.0225297537  -1.08008298035  -0.993360389753
-0.733333333333  0.366666666667  0.366666666667  0.37293932898   0.12706067102   0.5             -1.1  1.1  2.77555756156e-17   0.25412134204   210.0   55.2595521464  -1.08194019118  -0.994807000762
-0.733333333333  0.366666666667  0.366666666667  0.373060265944  0.126939734056  0.5             -1.1  1.1  2.77555756156e-17   0.253879468112  220.0   52.7477543216  -1.08305486473  -0.995655612984
-0.733333333333  0.366666666667  0.366666666667  0.374664110484  0.125335889516  0.5             -1.1  1.1  -2.77555756156e-17  0.250671779032  230.0   50.4543736989  -1.0895687368   -0.998641027064
-0.733333333333  0.366666666667  0.366666666667  0.375007811384  0.124992188616  0.5             -1.1  1.1  0.0                 0.249984377232  240.0   48.3521081281  -1.0910748195   -0.99939096779
-0.733333333333  0.366666666667  0.366666666667  0.375005440071  0.124994559929  0.5             -1.1  1.1  -1.38777878078e-17  0.249989119858  250.0   46.418023803   -1.09107059836  -0.999391963542
-0.733333333333  0.366666666667  0.366666666667  0.375010601164  0.124989398836  0.5             -1.1  1.1  8.32667268469e-17   0.249978797672  260.0   44.6327151952  -1.09107913459  -0.999389145367
-0.733333333333  0.366666666667  0.366666666667  0.375010601164  0.124989398836  0.5             -1.1  1.1  8.32667268469e-17   0.249978797672  270.0   42.9796516694  -1.09107916982  -0.999389180588
-0.733333333333  0.366666666667  0.366666666667  0.375012414521  0.124987585479  0.5             -1.1  1.1  0.0                 0.249975170958  280.0   41.4446641098  -1.09108211605  -0.999388137432
-0.733333333333  0.366666666667  0.366666666667  0.375018691526  0.124981308474  0.5             -1.1  1.1  -1.38777878078e-17  0.249962616948  290.0   40.0155377612  -1.09109390098  -0.999386112952
-0.733333333333  0.366666666667  0.366666666667  0.375021899773  0.124978100227  0.5             -1.1  1.1  0.0                 0.249956200454  300.0   38.6816865025  -1.09109961388  -0.999384767713
-0.733333333333  0.366666666667  0.366666666667  0.375018831015  0.124981168985  0.5             -1.1  1.1  2.77555756156e-17   0.24996233797   310.0   37.4338901637  -1.09108985612  -0.999381761223
-0.733333333333  0.366666666667  0.366666666667  0.375031245536  0.124968754464  0.5             -1.1  1.1  2.77555756156e-17   0.249937508927  320.0   36.2640810961  -1.09111543347  -0.999380026626
-0.733333333333  0.366666666667  0.366666666667  0.37503487225   0.12496512775   0.5             -1.1  1.1  -1.38777878078e-17  0.249930255499  330.0   35.1651695477  -1.09112188805  -0.999378502434
-0.733333333333  0.366666666667  0.366666666667  0.375032221959  0.124967778041  0.5             -1.1  1.1  -2.77555756156e-17  0.249935556081  340.0   34.1308998551  -1.0911125806   -0.999375025622
-0.733333333333  0.366666666667  0.366666666667  0.375043102101  0.124956897899  0.5             -1.1  1.1  -6.93889390391e-17  0.249913795797  350.0   33.1557312879  -1.09113199129  -0.999370499997
-0.733333333333  0.366666666667  0.366666666667  0.375054819178  0.124945180822  0.5             -1.1  1.1  0.0                 0.249890361645  360.0   32.2347387521  -1.09115079684  -0.999363527978
-0.733333333333  0.366666666667  0.366666666667  0.375058864359  0.124941135641  0.5             -1.1  1.1  0.0                 0.249882271283  370.0   31.3635295966  -1.09116002632  -0.999363858068
-0.733333333333  0.366666666667  0.366666666667  0.375058864359  0.124941135641  0.5             -1.1  1.1  0.0                 0.249882271283  380.0   30.5381735546  -1.09114983799  -0.999353669734
-0.733333333333  0.366666666667  0.366666666667  0.37507127888   0.12492872112   0.5             -1.1  1.1  0.0                 0.24985744224   390.0   29.7551434635  -1.09117374232  -0.999350262113
-0.733333333333  0.366666666667  0.366666666667  0.375017854592  0.124982145408  0.5             -1.1  1.1  -1.38777878078e-17  0.249964290816  400.0   29.0112648769  -1.09485227759  -1.00314633082
-0.733333333333  0.366666666667  0.366666666667  0.375001673868  0.124998326132  0.5             -1.1  1.1  8.32667268469e-17   0.249996652264  410.0   28.3036730506  -1.09620481428  -1.0045344651
-0.733333333333  0.366666666667  0.366666666667  0.375006137516  0.124993862484  0.5             -1.1  1.1  4.16333634234e-17   0.249987724968  420.0   27.6297760732  -1.0962117422   -1.004531573
-0.733333333333  0.366666666667  0.366666666667  0.375005440071  0.124994559929  0.5             -1.1  1.1  -1.38777878078e-17  0.249989119858  430.0   26.9872231413  -1.09621027906  -1.00453164423
-0.733333333333  0.366666666667  0.366666666667  0.375010322186  0.124989677814  0.5             -1.1  1.1  -2.77555756156e-17  0.249979355628  440.0   26.3738771608  -1.09621724472  -1.00452786925
-0.733333333333  0.366666666667  0.366666666667  0.37500557956   0.12499442044   0.5             -1.1  1.1  -8.32667268469e-17  0.24998884088   450.0   25.7877910017  -1.0962069568   -1.0045280151
-0.733333333333  0.366666666667  0.366666666667  0.375010461675  0.124989538325  0.5             -1.1  1.1  4.16333634234e-17   0.24997907665   460.0   25.2271868495  -1.09621513071  -1.00452544836
-0.733333333333  0.366666666667  0.366666666667  0.375006277005  0.124993722995  0.5             -1.1  1.1  6.93889390391e-17   0.24998744599   470.0   24.6904381931  -1.09620116986  -1.00452069379
-0.733333333333  0.366666666667  0.366666666667  0.375013111966  0.124986888034  0.5             -1.1  1.1  4.16333634234e-17   0.249973776068  480.0   24.1760540641  -1.09621178601  -1.00451627302
-0.733333333333  0.366666666667  0.366666666667  0.375014506856  0.124985493144  0.5             -1.1  1.1  2.77555756156e-17   0.249970986288  490.0   23.6826652056  -1.09620927431  -1.00451069256
-0.733333333333  0.366666666667  0.366666666667  0.375025944954  0.124974055046  0.5             -1.1  1.1  -1.38777878078e-17  0.249948110091  500.0   23.2090119015  -1.09622875766  -1.0045050121
-0.733333333333  0.366666666667  0.366666666667  0.37502231824   0.12497768176   0.5             -1.1  1.1  2.77555756156e-17   0.249955363519  510.0   22.7539332368  -1.09669748604  -1.00498171925
-0.733333333333  0.366666666667  0.366666666667  0.375010182697  0.124989817303  0.5             -1.1  1.1  2.77555756156e-17   0.249979634606  520.0   22.3163575976  -1.09990654677  -1.00821747817
-0.733333333333  0.366666666667  0.366666666667  0.375011298609  0.124988701391  0.5             -1.1  1.1  1.38777878078e-17   0.249977402782  530.0   21.8952942467  -1.09990666602  -1.00821514242
-0.733333333333  0.366666666667  0.366666666667  0.37501115912   0.12498884088   0.5             -1.1  1.1  -2.77555756156e-17  0.24997768176   540.0   21.4898258347  -1.09990483896  -1.00821362223
-0.733333333333  0.366666666667  0.366666666667  0.375013390944  0.124986609056  0.5             -1.1  1.1  4.16333634234e-17   0.249973218112  550.0   21.0991017286  -1.09990863684  -1.0082125101
-0.733333333333  0.366666666667  0.366666666667  0.375019807438  0.124980192562  0.5             -1.1  1.1  5.55111512313e-17   0.249960385124  560.0   20.7223320549  -1.09991657405  -1.00820633102
-0.733333333333  0.366666666667  0.366666666667  0.375020365394  0.124979634606  0.5             -1.1  1.1  -4.16333634234e-17  0.249959269212  570.0   20.3587823697  -1.09991648265  -1.00820501211
-0.733333333333  0.366666666667  0.366666666667  0.375024131597  0.124975868403  0.5             -1.1  1.1  6.93889390391e-17   0.249951736805  580.0   20.0077688806  -1.09992025974  -1.00820050356
-0.733333333333  0.366666666667  0.366666666667  0.375024829042  0.124975170958  0.5             -1.1  1.1  0.0                 0.249950341915  590.0   19.6686541538  -1.09992318077  -1.00820189021
-0.733333333333  0.366666666667  0.366666666667  0.375031942981  0.124968057019  0.5             -1.1  1.1  -4.16333634234e-17  0.249936114037  600.0   19.3408432512  -1.099928065    -1.00819112378
-0.733333333333  0.366666666667  0.366666666667  0.375037383052  0.124962616948  0.5             -1.1  1.1  5.55111512313e-17   0.249925233895  610.0   19.0237802471  -1.09993159353  -1.00818268414
-0.733333333333  0.366666666667  0.366666666667  0.375040172832  0.124959827168  0.5             -1.1  1.1  1.38777878078e-17   0.249919654335  620.0   18.7169450819  -1.09993606402  -1.00818101712
-0.733333333333  0.366666666667  0.366666666667  0.375045333926  0.124954666074  0.5             -1.1  1.1  1.38777878078e-17   0.249909332149  630.0   18.4198507155  -1.09992940374  -1.00816300244
-0.733333333333  0.366666666667  0.366666666667  0.375042265167  0.124957734833  0.5             -1.1  1.1  -4.16333634234e-17  0.249915469665  640.0   18.132040548   -1.09992553244  -1.0081658824
-0.733333333333  0.366666666667  0.366666666667  0.375060677716  0.124939322284  0.5             -1.1  1.1  -6.93889390391e-17  0.249878644569  650.0   17.8530860781  -1.0999553248   -1.00815516716
-0.733333333333  0.366666666667  0.366666666667  0.375062770051  0.124937229949  0.5             -1.1  1.1  -4.16333634234e-17  0.249874459899  660.0   17.5825847739  -1.09995135426  -1.00814659348
-0.733333333333  0.366666666667  0.366666666667  0.375069605012  0.124930394988  0.5             -1.1  1.1  -8.32667268469e-17  0.249860789976  670.0   17.3201581354  -1.09995338041  -1.00813358272
-0.733333333333  0.366666666667  0.366666666667  0.375074905594  0.124925094406  0.5             -1.1  1.1  6.93889390391e-17   0.249850188812  680.0   17.0654499276  -1.09995286013  -1.00812140116
-0.733333333333  0.366666666667  0.366666666667  0.375077555885  0.124922444115  0.5             -1.1  1.1  -1.38777878078e-17  0.24984488823   690.0   16.8181245663  -1.09995835962  -1.00812107001
-0.733333333333  0.366666666667  0.366666666667  0.37508941245   0.12491058755   0.5             -1.1  1.1  -1.38777878078e-17  0.2498211751    700.0   16.5778656439  -1.09996719168  -1.00810381762
-0.733333333333  0.366666666667  0.366666666667  0.375104198284  0.124895801716  0.5             -1.1  1.1  2.77555756156e-17   0.249791603432  710.0   16.3443745785  -1.09997572034  -1.00807981745
-0.733333333333  0.366666666667  0.366666666667  0.375102942883  0.124897057117  0.5             -1.1  1.1  -2.77555756156e-17  0.249794114234  720.0   16.117369376   -1.09996586888  -1.00807272787
-0.733333333333  0.366666666667  0.366666666667  0.375117868206  0.124882131794  0.5             -1.1  1.1  -4.16333634234e-17  0.249764263587  730.0   15.8965834942  -1.09998286592  -1.0080568892
-0.733333333333  0.366666666667  0.366666666667  0.375126516524  0.124873483476  0.5             -1.1  1.1  5.55111512313e-17   0.249746966951  740.0   15.6817647983  -1.09997016032  -1.0080251573
-0.733333333333  0.366666666667  0.366666666667  0.375152879946  0.124847120054  0.5             -1.1  1.1  -1.38777878078e-17  0.249694240109  750.0   15.472674601   -1.09999787433  -1.00799487178
-0.733333333333  0.366666666667  0.366666666667  0.375157343594  0.124842656406  0.5             -1.1  1.1  4.16333634234e-17   0.249685312812  760.0   15.2690867773  -1.10000290109  -1.00799007852
-0.733333333333  0.366666666667  0.366666666667  0.375180777746  0.124819222254  0.5             -1.1  1.1  -4.16333634234e-17  0.249638444508  770.0   15.070786949   -1.100024751    -1.00796037329
-0.733333333333  0.366666666667  0.366666666667  0.375189565553  0.124810434447  0.5             -1.1  1.1  1.38777878078e-17   0.249620868894  780.0   14.8775717317  -1.10002723938  -1.0079435285
-0.733333333333  0.366666666667  0.366666666667  0.375196540003  0.124803459997  0.5             -1.1  1.1  -8.32667268469e-17  0.249606919994  790.0   14.6892480389  -1.09999743328  -1.00789837861
-0.733333333333  0.366666666667  0.366666666667  0.375209651969  0.124790348031  0.5             -1.1  1.1  -4.16333634234e-17  0.249580696061  800.0   14.5056324384  -1.09999606713  -1.00786816613
-0.733333333333  0.366666666667  0.366666666667  0.375210070436  0.124789929564  0.5             -1.1  1.1  1.38777878078e-17   0.249579859127  810.0   14.3265505565  -1.09997279107  -1.00784396944
-0.733333333333  0.366666666667  0.366666666667  0.375247314     0.124752686     0.5             -1.1  1.1  -6.93889390391e-17  0.249505372     820.0   14.1518365253  -1.1000129817   -1.00780222423
-0.733333333333  0.366666666667  0.366666666667  0.375251359181  0.124748640819  0.5             -1.1  1.1  2.77555756156e-17   0.249497281638  830.0   13.9813324708  -1.09996558731  -1.00774593044
-0.733333333333  0.366666666667  0.366666666667  0.375250382758  0.124749617242  0.5             -1.1  1.1  -1.38777878078e-17  0.249499234484  840.0   13.8148880366  -1.09995887948  -1.00774137074
-0.733333333333  0.366666666667  0.366666666667  0.375278699025  0.124721300975  0.5             -1.1  1.1  1.38777878078e-17   0.24944260195   850.0   13.6523599421  -1.09997724968  -1.00769744516
-0.733333333333  0.366666666667  0.366666666667  0.375309665583  0.124690334417  0.5             -1.1  1.1  -6.93889390391e-17  0.249380668833  860.0   13.4936115706  -1.09997067286  -1.0076227419
-0.733333333333  0.366666666667  0.366666666667  0.375326125286  0.124673874714  0.5             -1.1  1.1  5.55111512313e-17   0.249347749429  870.0   13.3385125871  -1.09997664899  -1.00759250669
-0.733333333333  0.366666666667  0.366666666667  0.375333239225  0.124666760775  0.5             -1.1  1.1  1.38777878078e-17   0.24933352155   880.0   13.1869385804  -1.09994997344  -1.00755018048
-0.733333333333  0.366666666667  0.366666666667  0.375349559438  0.124650440562  0.5             -1.1  1.1  -4.16333634234e-17  0.249300881124  890.0   13.0387707312  -1.09990641244  -1.00747071501
-0.733333333333  0.366666666667  0.366666666667  0.375367135052  0.124632864948  0.5             -1.1  1.1  -4.16333634234e-17  0.249265729896  900.0   12.8938955008  -1.09987001329  -1.00739564951
-0.733333333333  0.366666666667  0.366666666667  0.375381641908  0.124618358092  0.5             -1.1  1.1  -1.38777878078e-17  0.249236716183  910.0   12.7522043415  -1.0998455222   -1.00733924334
-0.733333333333  0.366666666667  0.366666666667  0.375405494528  0.124594505472  0.5             -1.1  1.1  -5.55111512313e-17  0.249189010945  920.0   12.6135934247  -1.09983725022  -1.00727849559
-0.733333333333  0.366666666667  0.366666666667  0.375429626125  0.124570373875  0.5             -1.1  1.1  1.38777878078e-17   0.24914074775   930.0   12.4779633879  -1.09982388816  -1.00721204402
-0.733333333333  0.366666666667  0.366666666667  0.375452920788  0.124547079212  0.5             -1.1  1.1  -1.38777878078e-17  0.249094158424  940.0   12.3452190965  -1.09985046949  -1.00718737709
-0.733333333333  0.366666666667  0.366666666667  0.375457105458  0.124542894542  0.5             -1.1  1.1  -6.93889390391e-17  0.249085789084  950.0   12.2152694218  -1.09976267255  -1.00709037388
-0.733333333333  0.366666666667  0.366666666667  0.375497557269  0.124502442731  0.5             -1.1  1.1  6.93889390391e-17   0.249004885463  960.0   12.088027032   -1.09976284795  -1.0070015553
-0.733333333333  0.366666666667  0.366666666667  0.375479842165  0.124520157835  0.5             -1.1  1.1  4.16333634234e-17   0.249040315669  970.0   11.9634081967  -1.09961090594  -1.00688858651
-0.733333333333  0.366666666667  0.366666666667  0.375560466808  0.124439533192  0.5             -1.1  1.1  -2.77555756156e-17  0.248879066383  980.0   11.8413326028  -1.0996684471   -1.00676875345
-0.733333333333  0.366666666667  0.366666666667  0.375559490385  0.124440509615  0.5             -1.1  1.1  -8.32667268469e-17  0.248881019229  990.0   11.7217231826  -1.09960251225  -1.00670496673
-0.733333333333  0.366666666667  0.366666666667  0.375582087604  0.124417912396  0.5             -1.1  1.1  6.93889390391e-17   0.248835824793  1000.0  11.6045059507  -1.0995594314   -1.006612172
-0.733333333333  0.366666666667  0.366666666667  0.375583621983  0.124416378017  0.5             -1.1  1.1  0.0                 0.248832756035  1010.0  11.4896098522  -1.09942230247  -1.00647166744
-0.733333333333  0.366666666667  0.366666666667  0.375617936277  0.124382063723  0.5             -1.1  1.1  -1.38777878078e-17  0.248764127446  1020.0  11.3769666184  -1.09942066785  -1.00639454138
-0.733333333333  0.366666666667  0.366666666667  0.375670105164  0.124329894836  0.5             -1.1  1.1  -2.77555756156e-17  0.248659789673  1030.0  11.2665106318  -1.09937780955  -1.00623691152
-0.733333333333  0.366666666667  0.366666666667  0.375658946043  0.124341053957  0.5             -1.1  1.1  1.38777878078e-17   0.248682107913  1040.0  11.1581787988  -1.09928740165  -1.00617105369
-0.733333333333  0.366666666667  0.366666666667  0.375715160111  0.124284839889  0.5             -1.1  1.1  0.0                 0.248569679778  1050.0  11.0519104293  -1.09926020907  -1.00602019016
-0.733333333333  0.366666666667  0.366666666667  0.375770955712  0.124229044288  0.5             -1.1  1.1  2.77555756156e-17   0.248458088577  1060.0  10.9476471233  -1.09914628991  -1.00578352068
-0.733333333333  0.366666666667  0.366666666667  0.375758541191  0.124241458809  0.5             -1.1  1.1  2.77555756156e-17   0.248482917619  1070.0  10.8453326643  -1.09899018745  -1.00565473016
-0.733333333333  0.366666666667  0.366666666667  0.375813360368  0.124186639632  0.5             -1.1  1.1  4.16333634234e-17   0.248373279264  1080.0  10.7449129174  -1.0989954105   -1.00553935102
-0.733333333333  0.366666666667  0.366666666667  0.375772490091  0.124227509909  0.5             -1.1  1.1  -4.16333634234e-17  0.248455019819  1090.0  10.6463357346  -1.09871656804  -1.00535042318
-0.733333333333  0.366666666667  0.366666666667  0.375855486047  0.124144513953  0.5             -1.1  1.1  2.77555756156e-17   0.248289027907  1100.0  10.5495508643  -1.09872201397  -1.005173278
-0.733333333333  0.366666666667  0.366666666667  0.37585506758   0.12414493242   0.5             -1.1  1.1  0.0                 0.248289864841  1110.0  10.4545098655  -1.09857487815  -1.0050270628
-0.733333333333  0.366666666667  0.366666666667  0.375876967353  0.124123032647  0.5             -1.1  1.1  -2.77555756156e-17  0.248246065294  1120.0  10.3611660275  -1.09847493812  -1.00487894328
-0.733333333333  0.366666666667  0.366666666667  0.375955918128  0.124044081872  0.5             -1.1  1.1  5.55111512313e-17   0.248088163744  1130.0  10.2694742927  -1.098341046    -1.00457135945
-0.733333333333  0.366666666667  0.366666666667  0.375922998723  0.124077001277  0.5             -1.1  1.1  2.77555756156e-17   0.248154002553  1140.0  10.1793911849  -1.09812328576  -1.0044260219
-0.733333333333  0.366666666667  0.366666666667  0.376014085041  0.123985914959  0.5             -1.1  1.1  1.38777878078e-17   0.247971829917  1150.0  10.0908747398  -1.09809312353  -1.00419546978
-0.733333333333  0.366666666667  0.366666666667  0.376049515248  0.123950484752  0.5             -1.1  1.1  -2.77555756156e-17  0.247900969504  1160.0  10.0038844403  -1.09801649466  -1.00404089445
-0.733333333333  0.366666666667  0.366666666667  0.376099312821  0.123900687179  0.5             -1.1  1.1  -5.55111512313e-17  0.247801374357  1170.0  9.91838115449  -1.09764367102  -1.00355851614
-0.733333333333  0.366666666667  0.366666666667  0.376055792253  0.123944207747  0.5             -1.1  1.1  6.93889390391e-17   0.247888415494  1180.0  9.83432707691  -1.09747175241  -1.00348234279
-0.733333333333  0.366666666667  0.366666666667  0.376169894256  0.123830105744  0.5             -1.1  1.1  1.38777878078e-17   0.247660211488  1190.0  9.7516856729   -1.09734525879  -1.00310482476
-0.733333333333  0.366666666667  0.366666666667  0.376144367769  0.123855632231  0.5             -1.1  1.1  -2.77555756156e-17  0.247711264462  1200.0  9.67042162562  -1.09704000031  -1.00285572455
-0.733333333333  0.366666666667  0.366666666667  0.376158874625  0.123841125375  0.5             -1.1  1.1  0.0                 0.24768225075   1210.0  9.59050078574  -1.09667766823  -1.00246147738
-0.733333333333  0.366666666667  0.366666666667  0.376225131901  0.123774868099  0.5             -1.1  1.1  6.93889390391e-17   0.247549736198  1220.0  9.51189012357  -1.09661693364  -1.00225497679
-0.733333333333  0.366666666667  0.366666666667  0.376248566053  0.123751433947  0.5             -1.1  1.1  -2.77555756156e-17  0.247502867894  1230.0  9.43455768354  -1.0963353428   -1.00192183082
-0.733333333333  0.366666666667  0.366666666667  0.376351229958  0.123648770042  0.5             -1.1  1.1  -2.77555756156e-17  0.247297540084  1240.0  9.35847254093  -1.09592210594  -1.00128273337
-0.733333333333  0.366666666667  0.366666666667  0.376382057028  0.123617942972  0.5             -1.1  1.1  -5.55111512313e-17  0.247235885945  1250.0  9.2836047606   -1.09564042052  -1.00093322839
-0.733333333333  0.366666666667  0.366666666667  0.376379127759  0.123620872241  0.5             -1.1  1.1  4.16333634234e-17   0.247241744483  1260.0  9.20992535774  -1.0953786792   -1.00067793147
-0.733333333333  0.366666666667  0.366666666667  0.37673091902   0.12326908098   0.5             -1.1  1.1  -2.77555756156e-17  0.246538161959  1270.0  9.13740626043  -1.07346762717  -0.977992938662
-0.733333333333  0.366666666667  0.366666666667  0.376892447284  0.123107552716  0.5             -1.1  1.1  6.93889390391e-17   0.246215105431  1280.0  9.06602027402  -1.06932546622  -0.973495415526
-0.733333333333  0.366666666667  0.366666666667  0.377020777166  0.122979222834  0.5             -1.1  1.1  -6.93889390391e-17  0.245958445668  1290.0  8.99574104709  -1.06948074809  -0.973368371658
-0.733333333333  0.366666666667  0.366666666667  0.377190814259  0.122809185741  0.5             -1.1  1.1  0.0                 0.245618371483  1300.0  8.92654303904  -1.06936770457  -0.972881246537
-0.733333333333  0.366666666667  0.366666666667  0.377275484083  0.122724515917  0.5             -1.1  1.1  4.16333634234e-17   0.245449031835  1310.0  8.85840148912  -1.06929264675  -0.972619915098
-0.733333333333  0.366666666667  0.366666666667  0.377263906496  0.122736093504  0.5             -1.1  1.1  4.16333634234e-17   0.245472187009  1320.0  8.79129238693  -1.06900269093  -0.972355429973
-0.733333333333  0.366666666667  0.366666666667  0.377485694008  0.122514305992  0.5             -1.1  1.1  0.0                 0.245028611984  1330.0  8.72519244417  -1.06896936233  -0.971834168844
-0.733333333333  0.366666666667  0.366666666667  0.377564365805  0.122435634195  0.5             -1.1  1.1  6.93889390391e-17   0.24487126839   1340.0  8.66007906772  -1.0689425856   -0.971634314166
-0.733333333333  0.366666666667  0.366666666667  0.377594076962  0.122405923038  0.5             -1.1  1.1  -2.77555756156e-17  0.244811846076  1350.0  8.59593033389  -1.06870527808  -0.971331642093
-0.733333333333  0.366666666667  0.366666666667  0.378057738403  0.121942261597  0.5             -1.1  1.1  -1.38777878078e-17  0.243884523193  1360.0  8.53272496379  -1.06915644809  -0.970762756932
-0.733333333333  0.366666666667  0.366666666667  0.37782074659   0.12217925341   0.5             -1.1  1.1  2.77555756156e-17   0.24435850682   1370.0  8.47044229982  -1.06849987303  -0.970627563865
-0.733333333333  0.366666666667  0.366666666667  0.377754907781  0.122245092219  0.5             -1.1  1.1  1.38777878078e-17   0.244490184438  1380.0  8.40906228315  -1.06815760103  -0.970430137246
-0.733333333333  0.366666666667  0.366666666667  0.378115207872  0.121884931617  0.499999860511  -1.1  1.1  2.78978003865e-07   0.243769863234  1390.0  8.34856543219  -1.06843912793  -0.969919003942
-0.733333333333  0.366666666667  0.366666666667  0.378067921101  0.121932078899  0.5             -1.1  1.1  1.38777878078e-17   0.243864157799  1400.0  8.28893282196  -1.06810839166  -0.969692298576
-0.733333333333  0.366666666667  0.366666666667  0.378128459327  0.121871680162  0.499999860511  -1.1  1.1  2.78978003865e-07   0.243743360324  1410.0  8.23014606436  -1.06802390812  -0.969474630934
-0.733333333333  0.366666666667  0.366666666667  0.378121205899  0.121878794101  0.5             -1.1  1.1  -1.38777878078e-17  0.243757588202  1420.0  8.17218728926  -1.06771697858  -0.96918365893
-0.733333333333  0.366666666667  0.366666666667  0.378243816732  0.121756183268  0.5             -1.1  1.1  -2.77555756156e-17  0.243512366537  1430.0  8.1150391264   -1.0676863135   -0.968883250023
-0.733333333333  0.366666666667  0.366666666667  0.378234470968  0.121765529032  0.5             -1.1  1.1  4.16333634234e-17   0.243531058063  1440.0  8.05868468802  -1.06745850575  -0.968676002957
-0.733333333333  0.366666666667  0.366666666667  0.378268785263  0.121731214737  0.5             -1.1  1.1  -6.93889390391e-17  0.243462429474  1450.0  8.00310755224  -1.06721400459  -0.968356010342
-0.733333333333  0.366666666667  0.366666666667  0.378350107351  0.121650032138  0.499999860511  -1.1  1.1  2.78978002907e-07   0.243300064277  1460.0  7.94829174709  -1.06711420036  -0.968077297519
-0.733333333333  0.366666666667  0.366666666667  0.378356105378  0.121643894622  0.5             -1.1  1.1  0.0                 0.243287789244  1470.0  7.8942217352   -1.06689181285  -0.967841714348
-0.733333333333  0.366666666667  0.366666666667  0.378355686911  0.121644313089  0.5             -1.1  1.1  8.32667268469e-17   0.243288626178  1480.0  7.84088239916  -1.06652983047  -0.967480652602
-0.733333333333  0.366666666667  0.366666666667  0.378628806376  0.121371193624  0.5             -1.1  1.1  -6.93889390391e-17  0.242742387248  1490.0  7.78825902735  -1.06669425731  -0.967044216619
-0.733333333333  0.366666666667  0.366666666667  0.378382189821  0.121617810179  0.5             -1.1  1.1  -6.93889390391e-17  0.243235620358  1500.0  7.7363373005   -1.06608383026  -0.966976345987
-0.733333333333  0.366666666667  0.366666666667  0.378399207479  0.121600792521  0.5             -1.1  1.1  -5.55111512313e-17  0.243201585041  1510.0  7.68510327864  -1.0657777009   -0.966632777782
-0.733333333333  0.366666666667  0.366666666667  0.378415527692  0.121584472308  0.5             -1.1  1.1  1.38777878078e-17   0.243168944615  1520.0  7.63454338865  -1.06567802897  -0.966497201381
-0.733333333333  0.366666666667  0.366666666667  0.37834466728   0.12165533272   0.5             -1.1  1.1  -1.05471187339e-15  0.243310665441  1530.0  7.58464441225  -1.06534615086  -0.966321216178
-0.733333333333  0.366666666667  0.366666666667  0.378240468996  0.121759531004  0.5             -1.1  1.1  4.16333634234e-17   0.243519062009  1540.0  7.53539347451  -1.06488692347  -0.96609122501
-0.733333333333  0.366666666667  0.366666666667  0.378362940339  0.12163719915   0.499999860511  -1.1  1.1  2.78978002963e-07   0.2432743983    1550.0  7.48677803274  -1.06484034783  -0.965775212415
-0.733333333333  0.366666666667  0.366666666667  0.378379400041  0.121620739448  0.499999860511  -1.1  1.1  2.78978002852e-07   0.243241478896  1560.0  7.43878586587  -1.06454815604  -0.965446809281
-0.733333333333  0.366666666667  0.366666666667  0.378370891212  0.121629387766  0.499999721022  -1.1  1.1  5.57956005773e-07   0.243258775532  1570.0  7.39140506417  -1.06444542385  -0.965362796513
-0.733333333333  0.366666666667  0.366666666667  0.378293753794  0.121706804162  0.499999442044  -1.1  1.1  1.11591201168e-06   0.243413608324  1580.0  7.34462401946  -1.06396209751  -0.965049172496
-0.733333333333  0.366666666667  0.366666666667  0.378352757642  0.121647242358  0.5             -1.1  1.1  -5.55111512313e-17  0.243294484716  1590.0  7.29843141557  -1.06379769096  -0.964754957482
-0.733333333333  0.366666666667  0.366666666667  0.378175327632  0.121824672368  0.5             -1.1  1.1  -6.93889390391e-17  0.243649344736  1600.0  7.25281621922  -1.06325003416  -0.964597646704
-0.733333333333  0.366666666667  0.366666666667  0.378448447097  0.121551831881  0.499999721022  -1.1  1.1  5.57956006855e-07   0.243103663762  1610.0  7.20776767127  -1.06351432603  -0.964261075755
-0.733333333333  0.366666666667  0.366666666667  0.378308818606  0.121692436795  0.499998744599  -1.1  1.1  2.51080202728e-06   0.243384873589  1620.0  7.16327527824  -1.06296693059  -0.964020862991
-0.733333333333  0.366666666667  0.366666666667  0.378209362948  0.121790776541  0.499999860511  -1.1  1.1  2.78978003906e-07   0.243581553082  1630.0  7.11932880414  -1.06257936743  -0.963852102274
-0.733333333333  0.366666666667  0.366666666667  0.378188718576  0.121811281424  0.5             -1.1  1.1  -1.38777878078e-17  0.243622562848  1640.0  7.07591826265  -1.0622125381   -0.963530690565
-0.733333333333  0.366666666667  0.366666666667  0.378212292217  0.121788684206  0.499999023577  -1.1  1.1  1.95284602235e-06   0.243577368412  1650.0  7.03303390954  -1.06215523136  -0.963421521811
-0.733333333333  0.366666666667  0.366666666667  0.378191787334  0.121808631133  0.499999581533  -1.1  1.1  8.36934009762e-07   0.243617262266  1660.0  6.99066623539  -1.06181370192  -0.96312510312
-0.733333333333  0.366666666667  0.366666666667  0.378237260748  0.12176301823   0.499999721022  -1.1  1.1  5.57956006855e-07   0.243526036459  1670.0  6.94880595853  -1.06171522901  -0.962926588699
-0.733333333333  0.366666666667  0.366666666667  0.378245351111  0.121755067356  0.499999581533  -1.1  1.1  8.36934009721e-07   0.243510134713  1680.0  6.9074440183   -1.06148464322  -0.962678204105
-0.733333333333  0.366666666667  0.366666666667  0.378073779639  0.12192635985   0.499999860511  -1.1  1.1  2.78978003906e-07   0.243852719701  1690.0  6.86657156849  -1.06092060514  -0.962491623267
-0.733333333333  0.366666666667  0.366666666667  0.37793108239   0.12206891761   0.5             -1.1  1.1  -1.38777878078e-17  0.24413783522   1700.0  6.82617997103  -1.0605170704   -0.962402022474
-0.733333333333  0.366666666667  0.366666666667  0.377863709202  0.122136430287  0.499999860511  -1.1  1.1  2.78978003782e-07   0.244272860573  1710.0  6.78626078991  -1.0601640329   -0.962197205986
-0.733333333333  0.366666666667  0.366666666667  0.377855758329  0.122144241671  0.5             -1.1  1.1  6.93889390391e-17   0.244288483342  1720.0  6.74680578532  -1.0598819543   -0.961932619306
-0.733333333333  0.366666666667  0.366666666667  0.377845575632  0.122155819258  0.49999860511   -1.1  1.1  2.78978003117e-06   0.244311638516  1730.0  6.70780690795  -1.05975616787  -0.961829234813
-0.733333333333  0.366666666667  0.366666666667  0.377736774211  0.122264202212  0.499999023577  -1.1  1.1  1.95284602134e-06   0.244528404424  1740.0  6.66925629353  -1.05910394273  -0.961416372803
-0.733333333333  0.366666666667  0.366666666667  0.377707342031  0.122294052859  0.49999860511   -1.1  1.1  2.78978003125e-06   0.244588105717  1750.0  6.63114625757  -1.05895349179  -0.961330672654
-0.733333333333  0.366666666667  0.366666666667  0.377673585693  0.122327251241  0.499999163066  -1.1  1.1  1.67386801955e-06   0.244654502482  1760.0  6.5934692902   -1.05850997711  -0.960961421915
-0.733333333333  0.366666666667  0.366666666667  0.377691998241  0.122308141248  0.499999860511  -1.1  1.1  2.78978002879e-07   0.244616282495  1770.0  6.55621805127  -1.05856695382  -0.96097789102
-0.733333333333  0.366666666667  0.366666666667  0.377564226316  0.122436750107  0.499999023577  -1.1  1.1  1.95284602242e-06   0.244873500214  1780.0  6.51938536559  -1.05807169821  -0.960763733643
-0.733333333333  0.366666666667  0.366666666667  0.37743784928   0.122564103566  0.499998047154  -1.1  1.1  3.90569204492e-06   0.245128207131  1790.0  6.4829642183   -1.05758184671  -0.96055191163
-0.733333333333  0.366666666667  0.366666666667  0.377477464157  0.122524488689  0.499998047154  -1.1  1.1  3.90569204496e-06   0.245048977378  1800.0  6.44694775042  -1.05746785719  -0.960350769376
-0.733333333333  0.366666666667  0.366666666667  0.377313425091  0.122687969799  0.49999860511   -1.1  1.1  2.78978003122e-06   0.245375939598  1810.0  6.41132925456  -1.05679989126  -0.960043689388
-0.733333333333  0.366666666667  0.366666666667  0.377240611832  0.122759806635  0.499999581533  -1.1  1.1  8.36934009651e-07   0.24551961327   1820.0  6.37610217074  -1.05652340272  -0.959927390022
-0.733333333333  0.366666666667  0.366666666667  0.377223873152  0.122778219183  0.499997907665  -1.1  1.1  4.18467004695e-06   0.245556438366  1830.0  6.34126008238  -1.0563089898   -0.959749802197
-0.733333333333  0.366666666667  0.366666666667  0.377113258374  0.12288757856   0.499999163066  -1.1  1.1  1.67386801954e-06   0.24577515712   1840.0  6.30679671236  -1.05589296958  -0.959577134495
-0.733333333333  0.366666666667  0.366666666667  0.376977256597  0.123024696249  0.499998047154  -1.1  1.1  3.90569204399e-06   0.246049392497  1850.0  6.27270591932  -1.0553502519   -0.959333620721
-0.733333333333  0.366666666667  0.366666666667  0.376976140685  0.123026509606  0.499997349709  -1.1  1.1  5.30058205946e-06   0.246053019212  1860.0  6.23898169395  -1.05519555156  -0.959181375387
-0.733333333333  0.366666666667  0.366666666667  0.376944616171  0.123056499741  0.499998884088  -1.1  1.1  2.23182402533e-06   0.246112999482  1870.0  6.20561815548  -1.05486170468  -0.958916882434
-0.733333333333  0.366666666667  0.366666666667  0.376862457149  0.123140890587  0.499996652264  -1.1  1.1  6.69547207524e-06   0.246281781174  1880.0  6.17260954827  -1.0545161061   -0.958752033703
-0.733333333333  0.366666666667  0.366666666667  0.37677987966   0.123223189098  0.499996931242  -1.1  1.1  6.13751606923e-06   0.246446378196  1890.0  6.13995023849  -1.05421053522  -0.958628133297
-0.733333333333  0.366666666667  0.366666666667  0.376745565366  0.123257084925  0.499997349709  -1.1  1.1  5.30058206052e-06   0.246514169851  1900.0  6.10763471092  -1.05400242466  -0.958495514185
-0.733333333333  0.366666666667  0.366666666667  0.376466587363  0.123536481396  0.499996931242  -1.1  1.1  6.13751606826e-06   0.247072962791  1910.0  6.07565756584  -1.05314569092  -0.95825253206
-0.733333333333  0.366666666667  0.366666666667  0.376621280665  0.123381788093  0.499996931242  -1.1  1.1  6.13751606839e-06   0.246763576186  1920.0  6.04401351602  -1.05335400524  -0.95812052111
-0.733333333333  0.366666666667  0.366666666667  0.376400330087  0.123602180715  0.499997489198  -1.1  1.1  5.0216040566e-06    0.247204361431  1930.0  6.01269738381  -1.05252241723  -0.957775024372
-0.733333333333  0.366666666667  0.366666666667  0.376281903924  0.123723675636  0.49999442044   -1.1  1.1  1.11591201249e-05   0.247447351271  1940.0  5.98170409833  -1.05213922196  -0.957652366656
-0.733333333333  0.366666666667  0.366666666667  0.376160687982  0.123842938732  0.499996373286  -1.1  1.1  7.25342808212e-06   0.247685877464  1950.0  5.95102869269  -1.0516907148   -0.957470534575
-0.733333333333  0.366666666667  0.366666666667  0.376196397166  0.123807508526  0.499996094308  -1.1  1.1  7.81138408795e-06   0.247615017051  1960.0  5.9206663014   -1.05171289076  -0.957414150326
-0.733333333333  0.366666666667  0.366666666667  0.376113261722  0.123889807036  0.499996931242  -1.1  1.1  6.13751606927e-06   0.247779614073  1970.0  5.89061215774  -1.05121265126  -0.957096808801
-0.733333333333  0.366666666667  0.366666666667  0.375969727539  0.12403459662   0.499995675841  -1.1  1.1  8.64831809769e-06   0.24806919324   1980.0  5.86086159129  -1.05068269773  -0.956882630481
-0.733333333333  0.366666666667  0.366666666667  0.375709301573  0.124295162075  0.499995536352  -1.1  1.1  8.92729609971e-06   0.24859032415   1990.0  5.8314100255   -1.04997908297  -0.956751952847
-0.733333333333  0.366666666667  0.366666666667  0.375803596138  0.124200449043  0.499995954819  -1.1  1.1  8.09036209175e-06   0.248400898086  2000.0  5.80225297537  -1.05000470258  -0.956570124414
-0.733333333333  0.366666666667  0.366666666667  0.375834981163  0.124169621974  0.499995396863  -1.1  1.1  9.20627410343e-06   0.248339243947  2010.0  5.77338604515  -1.05001075221  -0.956507126979
-0.733333333333  0.366666666667  0.366666666667  0.375533824409  0.124472034129  0.499994141462  -1.1  1.1  1.17170761319e-05   0.248944068258  2020.0  5.74480492611  -1.04901012977  -0.956169049402
-0.733333333333  0.366666666667  0.366666666667  0.375510669235  0.124493096968  0.499996233797  -1.1  1.1  7.53240608399e-06   0.248986193937  2030.0  5.71650539446  -1.04883615683  -0.956046017845
-0.733333333333  0.366666666667  0.366666666667  0.375374667458  0.124631470058  0.499993862484  -1.1  1.1  1.22750321387e-05   0.249262940116  2040.0  5.68848330919  -1.04845648667  -0.955965551591
-0.733333333333  0.366666666667  0.366666666667  0.375369924832  0.124639002464  0.499991072704  -1.1  1.1  1.78545922011e-05   0.249278004928  2050.0  5.66073461012  -1.04818550926  -0.955705007963
-0.733333333333  0.366666666667  0.366666666667  0.375319708792  0.124687823614  0.499992467594  -1.1  1.1  1.506481217e-05     0.249375647229  2060.0  5.6332553159   -1.04787306341  -0.955503037403
-0.733333333333  0.366666666667  0.366666666667  0.375045054948  0.124959827168  0.499995117885  -1.1  1.1  9.76423011036e-06   0.249919654335  2070.0  5.6060415221   -1.04717706169  -0.955411274141
-0.733333333333  0.366666666667  0.366666666667  0.374969870376  0.125037941008  0.499992188616  -1.1  1.1  1.56227681757e-05   0.250075882017  2080.0  5.5790893994   -1.04680651905  -0.955206137555
-0.733333333333  0.366666666667  0.366666666667  0.3750963869    0.124911284995  0.499992328105  -1.1  1.1  1.53437901739e-05   0.24982256999   2090.0  5.55239519175  -1.04690134416  -0.955022626308
-0.733333333333  0.366666666667  0.366666666667  0.374937927394  0.125070441946  0.49999163066   -1.1  1.1  1.67386801885e-05   0.250140883892  2100.0  5.52595521464  -1.04640004004  -0.954869933104
-0.733333333333  0.366666666667  0.366666666667  0.374791463943  0.125218579265  0.499989956792  -1.1  1.1  2.00864162266e-05   0.250437158531  2110.0  5.49976585344  -1.04589772989  -0.954689842551
-0.733333333333  0.366666666667  0.366666666667  0.374789371608  0.1252206716    0.499989956792  -1.1  1.1  2.00864162266e-05   0.250441343201  2120.0  5.47382356168  -1.04568211646  -0.954478832255
-0.733333333333  0.366666666667  0.366666666667  0.374475939821  0.125533126964  0.499990933215  -1.1  1.1  1.8133570204e-05    0.251066253928  2130.0  5.44812485951  -1.04500692561  -0.95449319134
-0.733333333333  0.366666666667  0.366666666667  0.374448460488  0.125563535566  0.499988003946  -1.1  1.1  2.39921082695e-05   0.251127071133  2140.0  5.42266633213  -1.04457999429  -0.954126714555
-0.733333333333  0.366666666667  0.366666666667  0.374357095192  0.12565378495   0.499989119858  -1.1  1.1  2.17602842451e-05   0.251307569901  2150.0  5.39744462826  -1.04433192352  -0.95407964743
-0.733333333333  0.366666666667  0.366666666667  0.374189987368  0.125819916351  0.499990096281  -1.1  1.1  1.98074382226e-05   0.251639832702  2160.0  5.37245645868  -1.04381160945  -0.953926970578
-0.733333333333  0.366666666667  0.366666666667  0.374223604217  0.125788949793  0.49998744599   -1.1  1.1  2.51080202832e-05   0.251577899586  2170.0  5.34769859482  -1.04365311176  -0.953694515811
-0.733333333333  0.366666666667  0.366666666667  0.374174643578  0.125839165833  0.499986190589  -1.1  1.1  2.76188223105e-05   0.251678331667  2180.0  5.32316786732  -1.04336824401  -0.953517361473
-0.733333333333  0.366666666667  0.366666666667  0.374008233199  0.126006692124  0.499985074677  -1.1  1.1  2.98506463369e-05   0.252013384249  2190.0  5.29886116473  -1.04279075685  -0.953305977146
-0.733333333333  0.366666666667  0.366666666667  0.373886319811  0.126128745001  0.499984935188  -1.1  1.1  3.01296243388e-05   0.252257490001  2200.0  5.27477543216  -1.04235619918  -0.953139628932
-0.733333333333  0.366666666667  0.366666666667  0.373688245429  0.126328074784  0.499983679787  -1.1  1.1  3.26404263672e-05   0.252656149568  2210.0  5.25090767002  -1.04186959597  -0.953088789364
-0.733333333333  0.366666666667  0.366666666667  0.373569679778  0.126447616858  0.499982703364  -1.1  1.1  3.45932723887e-05   0.252895233717  2220.0  5.22725493277  -1.04141786204  -0.952897899857
-0.733333333333  0.366666666667  0.366666666667  0.373573445981  0.126442176787  0.499984377232  -1.1  1.1  3.12455363526e-05   0.252884353574  2230.0  5.20381432769  -1.04119996121  -0.95267171339
-0.733333333333  0.366666666667  0.366666666667  0.373289585863  0.126723107636  0.499987306501  -1.1  1.1  2.53869982861e-05   0.253446215273  2240.0  5.18058301373  -1.04042451035  -0.952520754784
-0.733333333333  0.366666666667  0.366666666667  0.373270615359  0.126747099745  0.499982284897  -1.1  1.1  3.54302063995e-05   0.253494199489  2250.0  5.15755820033  -1.04018373872  -0.952321718264
-0.733333333333  0.366666666667  0.366666666667  0.373156373866  0.126862457149  0.499981168985  -1.1  1.1  3.76620304238e-05   0.253724914298  2260.0  5.13473714635  -1.03986576982  -0.95225508065
-0.733333333333  0.366666666667  0.366666666667  0.37318943276   0.126834838327  0.499975728914  -1.1  1.1  4.85421725469e-05   0.253669676653  2270.0  5.11211715892  -1.03967811693  -0.951994698197
-0.733333333333  0.366666666667  0.366666666667  0.372947000875  0.127078107145  0.49997489198   -1.1  1.1  5.02160405664e-05   0.254156214291  2280.0  5.08969559243  -1.03898172006  -0.951831651468
-0.733333333333  0.366666666667  0.366666666667  0.372911849646  0.127108794726  0.499979355628  -1.1  1.1  4.12887444658e-05   0.254217589452  2290.0  5.06746984749  -1.03876464038  -0.951691904496
-0.733333333333  0.366666666667  0.366666666667  0.372907246509  0.127121348736  0.499971404755  -1.1  1.1  5.71904906446e-05   0.254242697472  2300.0  5.04543736989  -1.03860278021  -0.951540171223
-0.733333333333  0.366666666667  0.366666666667  0.372509423877  0.12751331283   0.499977263293  -1.1  1.1  4.54734145117e-05   0.255026625661  2310.0  5.02359564968  -1.03752647302  -0.951339073819
-0.733333333333  0.366666666667  0.366666666667  0.372717820445  0.12730659013   0.499975589425  -1.1  1.1  4.88211505507e-05   0.25461318026   2320.0  5.00194222015  -1.03792605104  -0.95128017939
-0.733333333333  0.366666666667  0.366666666667  0.372580702757  0.127448310956  0.499970986288  -1.1  1.1  5.80274246543e-05   0.254896621911  2330.0  4.98047465697  -1.03749917529  -0.95115496256
-0.733333333333  0.366666666667  0.366666666667  0.372449304117  0.127574269524  0.499976426359  -1.1  1.1  4.71472825303e-05   0.255148539048  2340.0  4.95919057724  -1.03701551628  -0.950960380557
-0.733333333333  0.366666666667  0.366666666667  0.372294331837  0.127734263409  0.499971404755  -1.1  1.1  5.71904906446e-05   0.255468526818  2350.0  4.93808763862  -1.03655279226  -0.950838595554
-0.733333333333  0.366666666667  0.366666666667  0.372152332033  0.127877658102  0.499970009865  -1.1  1.1  5.99802706758e-05   0.255755316205  2360.0  4.91716353845  -1.03603780411  -0.950636006973
-0.733333333333  0.366666666667  0.366666666667  0.371938216416  0.128090239341  0.499971544244  -1.1  1.1  5.69115126407e-05   0.256180478682  2370.0  4.89641601298  -1.03535750786  -0.95042676508
-0.733333333333  0.366666666667  0.366666666667  0.371891348111  0.128139757936  0.499968893953  -1.1  1.1  6.22120947012e-05   0.256279515873  2380.0  4.87584283645  -1.03512403471  -0.9502964022
-0.733333333333  0.366666666667  0.366666666667  0.371794542744  0.128238655638  0.499966801618  -1.1  1.1  6.63967647481e-05   0.256477311277  2390.0  4.8554418204   -1.03484770762  -0.950233046918
-0.733333333333  0.366666666667  0.366666666667  0.371670816     0.128364893185  0.499964290816  -1.1  1.1  7.14183688047e-05   0.25672978637   2400.0  4.83521081281  -1.03430937647  -0.949966914607
