#mu0  mu1   mu2   x0              x1                 x2              mua  mub   xa              xb                 T       b              u                phi
0.6   -0.0  -0.6  0.655437895033  0.0                0.344562104967  1.2  -0.6  0.310875790066  0.0                30.0    386.816865025  -1.00672064379   -1.37977159187
0.6   -0.0  -0.6  0.656964462666  0.0                0.343035537334  1.2  -0.6  0.313928925332  0.0                40.0    290.112648769  -1.00382101004   -1.38053572044
0.6   -0.0  -0.6  0.656382096084  0.0                0.343617903916  1.2  -0.6  0.312764192169  0.0                50.0    232.090119015  -1.00581915584   -1.38113618644
0.6   -0.0  -0.6  0.65677113091   0.0                0.34322886909   1.2  -0.6  0.31354226182   0.0                60.0    193.408432513  -1.00550176369   -1.38175247787
0.6   -0.0  -0.6  0.656745464934  0.0                0.343254535066  1.2  -0.6  0.313490929867  0.0                70.0    165.778656439  -1.00600822313   -1.38219733898
0.6   -0.0  -0.6  0.656772386311  0.0                0.343227613689  1.2  -0.6  0.313544772622  0.0                80.0    145.056324384  -1.00623444723   -1.38248817438
0.6   -0.0  -0.6  0.658973383267  0.0                0.341026616733  1.2  -0.6  0.317946766533  0.0                90.0    128.938955008  -1.00157262486   -1.3831087447
0.6   -0.0  -0.6  0.662942961273  0.0                0.337057038727  1.2  -0.6  0.325885922547  0.0                100.0   116.045059507  -0.993932159893  -1.38499526695
0.6   -0.0  -0.6  0.663414713077  0.0                0.336585286923  1.2  -0.6  0.326829426153  0.0                110.0   105.495508643  -0.993268168899  -1.38546348028
0.6   -0.0  -0.6  0.667817543922  0.0                0.332182456078  1.2  -0.6  0.335635087845  0.0                120.0   96.7042162563  -0.984561323038  -1.38732342845
0.6   -0.0  -0.6  0.667865249161  0.0                0.332134750839  1.2  -0.6  0.335730498322  0.0                130.0   89.2654303904  -0.984485072009  -1.38736167
0.6   -0.0  -0.6  0.667860646024  0.0                0.332139353976  1.2  -0.6  0.335721292048  0.0                140.0   82.8893282196  -0.984495529524  -1.38736107998
0.6   -0.0  -0.6  0.667839583185  0.0                0.332160416815  1.2  -0.6  0.335679166369  0.0                150.0   77.363373005   -0.984543572313  -1.38735857196
0.6   -0.0  -0.6  0.667822565526  0.0                0.332177434474  1.2  -0.6  0.335645131053  0.0                160.0   72.5281621922  -0.984581782683  -1.38735593995
0.6   -0.0  -0.6  0.667819496768  0.0                0.332180503232  1.2  -0.6  0.335638993537  0.0                170.0   68.2617997103  -0.984585707479  -1.38735249972
0.6   -0.0  -0.6  0.667798712907  0.0                0.332201287093  1.2  -0.6  0.335597425814  0.0                180.0   64.4694775042  -0.984632254057  -1.38734916503
0.6   -0.0  -0.6  0.667800805242  0.0                0.332199194758  1.2  -0.6  0.335601610484  0.0                190.0   61.0763471092  -0.984624252734  -1.38734618532
0.6   -0.0  -0.6  0.667779742403  0.0                0.332220257597  1.2  -0.6  0.335559484806  0.0                200.0   58.0225297537  -0.984667763466  -1.38733914523
0.6   -0.0  -0.6  0.667794249259  0.0                0.332205750741  1.2  -0.6  0.335588498518  0.0                210.0   55.2595521464  -0.984618224883  -1.38732442311
0.6   -0.0  -0.6  0.667759655987  0.0                0.332240344013  1.2  -0.6  0.335519311973  0.0                220.0   52.7477543216  -0.984691450002  -1.38731462437
0.6   -0.0  -0.6  0.667778905469  0.0                0.332221094531  1.2  -0.6  0.335557810938  0.0                230.0   50.4543736989  -0.984637832279  -1.3873072054
0.6   -0.0  -0.6  0.667765932992  0.0                0.332234067008  1.2  -0.6  0.335531865983  0.0                240.0   48.3521081281  -0.984652006473  -1.38729024565
0.6   -0.0  -0.6  0.667794946704  0.0                0.332205053296  1.2  -0.6  0.335589893408  0.0                250.0   46.418023803   -0.984558759712  -1.3872666318
0.6   -0.0  -0.6  0.668080062223  0.0                0.331919937777  1.2  -0.6  0.336160124447  0.0                260.0   44.6327151952  -0.983791330666  -1.38718348
0.6   -0.0  -0.6  0.667858274711  0.0                0.332141725289  1.2  -0.6  0.335716549422  0.0                270.0   42.9796516694  -0.984335672727  -1.38719553203
0.6   -0.0  -0.6  0.66777179153   0.0                0.33222820847   1.2  -0.6  0.33554358306   0.0                280.0   41.4446641098  -0.984545610439  -1.38719791011
0.6   -0.0  -0.6  0.667769141239  0.0                0.332230858761  1.2  -0.6  0.335538282478  0.0                290.0   40.0155377612  -0.984505832018  -1.38715177099
0.6   -0.0  -0.6  0.668982277085  0.0                0.331017722915  1.2  -0.6  0.337964554171  0.0                300.0   38.6816865025  -0.981119909706  -1.38667737471
0.6   -0.0  -0.6  0.669636341014  0.0                0.330363658986  1.2  -0.6  0.339272682028  0.0                310.0   37.4338901637  -0.979348523699  -1.38647574213
0.6   -0.0  -0.6  0.667756726718  0.0                0.332243273282  1.2  -0.6  0.335513453435  0.0                320.0   36.2640810961  -0.984398294392  -1.38701443851
0.6   -0.0  -0.6  0.669806936063  0.0                0.330193063937  1.2  -0.6  0.339613872125  0.0                330.0   35.1651695477  -0.978749409206  -1.38628605576
0.6   -0.0  -0.6  0.669577197677  0.0                0.330422802323  1.2  -0.6  0.339154395354  0.0                340.0   34.1308998551  -0.979349766247  -1.38633504067
0.6   -0.0  -0.6  0.671463507445  0.0                0.328536492555  1.2  -0.6  0.342927014891  0.0                350.0   33.1557312879  -0.974095283288  -1.38560770116
0.6   -0.0  -0.6  0.671155655219  0.0                0.328844344781  1.2  -0.6  0.342311310438  0.0                360.0   32.2347387521  -0.974832951031  -1.38560652356
0.6   -0.0  -0.6  0.671459462264  0.0                0.328540537736  1.2  -0.6  0.342918924529  0.0                370.0   31.3635295966  -0.97385899529   -1.38536170472
0.6   -0.0  -0.6  0.671335317053  0.0                0.328664682947  1.2  -0.6  0.342670634106  0.0                380.0   30.5381735546  -0.973981244557  -1.38518600548
0.6   -0.0  -0.6  0.671405898488  0.0                0.328594101512  1.2  -0.6  0.342811796975  0.0                390.0   29.7551434635  -0.973657914341  -1.38503207071
0.6   -0.0  -0.6  0.671860214166  0.0                0.328139785834  1.2  -0.6  0.343720428332  0.0                400.0   29.0112648769  -0.972329519264  -1.38479403326
0.6   -0.0  -0.6  0.6717507153    0.0                0.3282492847    1.2  -0.6  0.343501430599  0.0                410.0   28.3036730506  -0.972398499885  -1.3846002166
0.6   -0.0  -0.6  0.671367260034  0.0                0.328632739966  1.2  -0.6  0.342734520069  0.0                420.0   27.6297760732  -0.973307798817  -1.3845892229
0.6   -0.0  -0.6  0.671328342603  0.0                0.328671657397  1.2  -0.6  0.342656685206  0.0                430.0   26.9872231413  -0.973129602555  -1.3843176248
0.6   -0.0  -0.6  0.671230281835  0.0                0.328769718165  1.2  -0.6  0.342460563669  0.0                440.0   26.3738771608  -0.973207806423  -1.38416048283
0.6   -0.0  -0.6  0.671009470745  0.0                0.328990529255  1.2  -0.6  0.342018941491  0.0                450.0   25.7877910017  -0.973637840512  -1.3840605703
0.6   -0.0  -0.6  0.670855474888  0.0                0.329144525112  1.2  -0.6  0.341710949775  0.0                460.0   25.2271868495  -0.973831833286  -1.38388497302
0.6   -0.0  -0.6  0.670673023273  0.0                0.329326976727  1.2  -0.6  0.341346046547  0.0                470.0   24.6904381931  -0.974096107939  -1.3837113638
0.6   -0.0  -0.6  0.670574404549  0.0                0.329425595451  1.2  -0.6  0.341148809099  0.0                480.0   24.1760540641  -0.974186824055  -1.38356539497
0.6   -0.0  -0.6  0.670279385311  0.0                0.329720614689  1.2  -0.6  0.340558770622  0.0                490.0   23.6826652056  -0.974751127333  -1.38342165208
0.6   -0.0  -0.6  0.670201968915  0.0                0.329798031085  1.2  -0.6  0.34040393783   0.0                500.0   23.2090119015  -0.97475025563   -1.38323498103
0.6   -0.0  -0.6  0.669753372286  0.0                0.330246627714  1.2  -0.6  0.339506744572  0.0                510.0   22.7539332368  -0.975579700137  -1.38298779362
0.6   -0.0  -0.6  0.669633551234  0.0                0.330366448766  1.2  -0.6  0.339267102468  0.0                520.0   22.3163575976  -0.975728825923  -1.38284934888
0.6   -0.0  -0.6  0.669457376625  0.0                0.330542623375  1.2  -0.6  0.33891475325   0.0                530.0   21.8952942467  -0.975948501894  -1.38264620579
0.6   -0.0  -0.6  0.669097216023  0.0                0.330902783977  1.2  -0.6  0.338194432045  0.0                540.0   21.4898258347  -0.976608647807  -1.38244196626
0.6   -0.0  -0.6  0.668988833068  0.0                0.331011166932  1.2  -0.6  0.337977666137  0.0                550.0   21.0991017286  -0.976677624532  -1.3822508239
0.6   -0.0  -0.6  0.668520986957  0.0                0.331479013043  1.2  -0.6  0.337041973914  0.0                560.0   20.7223320549  -0.977517455407  -1.3819678241
0.6   -0.0  -0.6  0.668230849834  0.0                0.331769150166  1.2  -0.6  0.336461699668  0.0                570.0   20.3587823697  -0.977965090579  -1.38171913018
0.6   -0.0  -0.6  0.667957311902  0.0                0.332042688098  1.2  -0.6  0.335914623804  0.0                580.0   20.0077688806  -0.978362709798  -1.38146025836
0.6   -0.0  -0.6  0.667701210095  0.0                0.332298789905  1.2  -0.6  0.33540242019   0.0                590.0   19.6686541538  -0.97874348274   -1.38122638697
0.6   -0.0  -0.6  0.667536613073  0.0                0.332463386927  1.2  -0.6  0.335073226146  0.0                600.0   19.3408432512  -0.97890047324   -1.38098834462
0.6   -0.0  -0.6  0.667135024238  0.0                0.332864975762  1.2  -0.6  0.334270048475  0.0                610.0   19.0237802471  -0.97955378257   -1.38067784074
0.6   -0.0  -0.6  0.66683289106   0.0                0.33316710894   1.2  -0.6  0.33366578212   0.0                620.0   18.7169450819  -0.980019739154  -1.3804186777
0.6   -0.0  -0.6  0.666432697115  0.0                0.333567302885  1.2  -0.6  0.332865394229  0.0                630.0   18.4198507155  -0.980635854423  -1.3800743275
0.6   -0.0  -0.6  0.666241039227  0.0                0.333758960773  1.2  -0.6  0.332482078453  0.0                640.0   18.132040548   -0.980781715637  -1.37976020978
0.6   -0.0  -0.6  0.665957876553  0.0                0.334042123447  1.2  -0.6  0.331915753107  0.0                650.0   17.8530860781  -0.981134560551  -1.37943346428
0.6   -0.0  -0.6  0.665310787075  0.0                0.334689212925  1.2  -0.6  0.33062157415   0.0                660.0   17.5825847739  -0.982178861031  -1.37892475001
0.6   -0.0  -0.6  0.664982150987  0.0                0.335017849013  1.2  -0.6  0.329964301975  0.0                670.0   17.3201581354  -0.982516616218  -1.37847377859
0.6   -0.0  -0.6  0.664450279424  0.0                0.335549720576  1.2  -0.6  0.328900558849  0.0                680.0   17.0654499276  -0.983413489255  -1.37809415987
0.6   -0.0  -0.6  0.664198222799  0.0                0.335801777201  1.2  -0.6  0.328396445597  0.0                690.0   16.8181245663  -0.983555419077  -1.37763115379
0.6   -0.0  -0.6  0.663565361198  0.0                0.336434638802  1.2  -0.6  0.327130722397  0.0                700.0   16.5778656439  -0.984560346691  -1.37711721357
0.6   -0.0  -0.6  0.663288893997  0.0                0.336711106003  1.2  -0.6  0.326577787995  0.0                710.0   16.3443745785  -0.984702322209  -1.3765956678
0.6   -0.0  -0.6  0.662767205131  0.0                0.337232794869  1.2  -0.6  0.325534410263  0.0                720.0   16.117369376   -0.985476834868  -1.37611812718
0.6   -0.0  -0.6  0.662207296279  0.0                0.337792703721  1.2  -0.6  0.324414592558  0.0                730.0   15.8965834942  -0.986156104261  -1.37545361533
0.6   -0.0  -0.6  0.661815053207  0.0                0.338184946793  1.2  -0.6  0.323630106413  0.0                740.0   15.6817647983  -0.986575614077  -1.37493174177
0.6   -0.0  -0.6  0.661256957711  0.0                0.338743042289  1.2  -0.6  0.322513915423  0.0                750.0   15.472674601   -0.98716859443   -1.37418529294
0.6   -0.0  -0.6  0.660603730717  0.0                0.339396269283  1.2  -0.6  0.321207461434  0.0                760.0   15.2690867773  -0.987871593223  -1.37332054694
0.6   -0.0  -0.6  0.660539844754  0.0                0.339460155246  1.2  -0.6  0.321079689509  0.0                770.0   15.070786949   -0.987818368673  -1.37311399608
0.6   -0.0  -0.6  0.660084413164  0.0                0.339915586836  1.2  -0.6  0.320168826328  0.0                780.0   14.8775717317  -0.988235291712  -1.37243788331
0.6   -0.0  -0.6  0.659860254339  0.0                0.340139745661  1.2  -0.6  0.319720508677  0.0                790.0   14.6892480389  -0.98857196465   -1.37223657506
0.6   -0.0  -0.6  0.659751173939  0.0                0.340248826061  1.2  -0.6  0.319502347879  0.0                800.0   14.5056324384  -0.988448508655  -1.37185132611
0.6   -0.0  -0.6  0.659643069963  0.0                0.340356930037  1.2  -0.6  0.319286139926  0.0                810.0   14.3265505565  -0.988427163691  -1.3715705316
0.6   -0.0  -0.6  0.659276911334  0.0                0.340723088666  1.2  -0.6  0.318553822668  0.0                820.0   14.1518365253  -0.988695136395  -1.3709597236
0.6   -0.0  -0.6  0.659034897916  0.0                0.340965102084  1.2  -0.6  0.318069795833  0.0                830.0   13.9813324708  -0.988917176854  -1.37060093185
0.6   -0.0  -0.6  0.658734438607  0.0                0.341265561393  1.2  -0.6  0.317468877214  0.0                840.0   13.8148880366  -0.989145309276  -1.37010796193
0.6   -0.0  -0.6  0.658600110698  0.0                0.341399889302  1.2  -0.6  0.317200221397  0.0                850.0   13.6523599421  -0.989218282374  -1.36985854805
0.6   -0.0  -0.6  0.658574444722  0.0                0.341425555278  1.2  -0.6  0.317148889444  0.0                860.0   13.4936115706  -0.988943513451  -1.36952218078
0.6   -0.0  -0.6  0.658463132499  0.0                0.341536867501  1.2  -0.6  0.316926264998  0.0                870.0   13.3385125871  -0.98893873293   -1.36925025093
0.6   -0.0  -0.6  0.658304812482  0.0                0.341695187518  1.2  -0.6  0.316609624964  0.0                880.0   13.1869385804  -0.988901420983  -1.36883297094
0.6   -0.0  -0.6  0.658151793047  0.0                0.341848206953  1.2  -0.6  0.316303586095  0.0                890.0   13.0387707312  -0.988983762733  -1.36854806605
0.6   -0.0  -0.6  0.658088465041  0.0                0.341911534959  1.2  -0.6  0.316176930081  0.0                900.0   12.8938955008  -0.988877532011  -1.36828984811
0.6   -0.0  -0.6  0.658036435643  0.0                0.341963564357  1.2  -0.6  0.316072871286  0.0                910.0   12.7522043415  -0.988775759287  -1.36806320483
0.6   -0.0  -0.6  0.657953858154  0.0                0.342046141846  1.2  -0.6  0.315907716308  0.0                920.0   12.6135934247  -0.988708544323  -1.36779780389
0.6   -0.0  -0.6  0.657878534093  0.0                0.342121465907  1.2  -0.6  0.315757068187  0.0                930.0   12.4779633879  -0.988645955664  -1.36755443749
0.6   -0.0  -0.6  0.657625501044  0.0                0.342374498956  1.2  -0.6  0.315251002089  0.0                940.0   12.3452190965  -0.988881167099  -1.36718236961
0.6   -0.0  -0.6  0.657721887945  0.0                0.342278112055  1.2  -0.6  0.315443775889  0.0                950.0   12.2152694218  -0.988402841972  -1.36693537304
0.6   -0.0  -0.6  0.657686318249  0.0                0.342313681751  1.2  -0.6  0.315372636498  0.0                960.0   12.088027032   -0.988205116369  -1.36665228017
0.6   -0.0  -0.6  0.65763456783   0.0                0.34236543217   1.2  -0.6  0.315269135659  0.0                970.0   11.9634081967  -0.988108738908  -1.3664317017
0.6   -0.0  -0.6  0.657446815633  0.0                0.342553184367  1.2  -0.6  0.314893631267  0.0                980.0   11.8413326028  -0.988335342057  -1.36620769958
0.6   -0.0  -0.6  0.657566497197  0.0                0.342433502803  1.2  -0.6  0.315132994394  0.0                990.0   11.7217231826  -0.987835822136  -1.36599541541
0.6   -0.0  -0.6  0.657402318642  0.0                0.342597681358  1.2  -0.6  0.314804637284  0.0                1000.0  11.6045059507  -0.987866473334  -1.36563203808
0.6   -0.0  -0.6  0.657430076953  0.0                0.342569923047  1.2  -0.6  0.314860153907  0.0                1010.0  11.4896098522  -0.987617686598  -1.36544987129
0.6   -0.0  -0.6  0.657367027925  0.0                0.342632972075  1.2  -0.6  0.314734055849  0.0                1020.0  11.3769666184  -0.987527973049  -1.36520884007
0.6   -0.0  -0.6  0.657139800341  0.0                0.342860199659  1.2  -0.6  0.314279600682  0.0                1030.0  11.2665106318  -0.987822193328  -1.36495771415
0.6   -0.0  -0.6  0.657183599888  0.0                0.342816400112  1.2  -0.6  0.314367199775  0.0                1040.0  11.1581787988  -0.98751603338   -1.36475667311
0.6   -0.0  -0.6  0.657314719549  0.0                0.342685280451  1.2  -0.6  0.314629439098  0.0                1050.0  11.0519104293  -0.987079140088  -1.36463446701
0.6   -0.0  -0.6  0.657194619519  0.0                0.342805380481  1.2  -0.6  0.314389239037  0.0                1060.0  10.9476471233  -0.987156744959  -1.3644238318
0.6   -0.0  -0.6  0.657090839701  0.0                0.342909160299  1.2  -0.6  0.314181679403  0.0                1070.0  10.8453326643  -0.987161517963  -1.36417953325
0.6   -0.0  -0.6  0.657055270006  0.0                0.342944729994  1.2  -0.6  0.314110540012  0.0                1080.0  10.7449129174  -0.986982118945  -1.36391476696
0.6   -0.0  -0.6  0.657162955515  0.0                0.342837044485  1.2  -0.6  0.314325911031  0.0                1090.0  10.6463357346  -0.986491809944  -1.36368290318
0.6   -0.0  -0.6  0.656954279969  0.0                0.343045720031  1.2  -0.6  0.313908559938  0.0                1100.0  10.5495508643  -0.986764334583  -1.36345460651
0.6   -0.0  -0.6  0.65698064339   0.0                0.34301935661   1.2  -0.6  0.31396128678   0.0                1110.0  10.4545098655  -0.986509153354  -1.36326269749
0.6   -0.0  -0.6  0.657284310947  0.0                0.342715689053  1.2  -0.6  0.314568621893  0.0                1120.0  10.3611660275  -0.985545092307  -1.36302743858
0.6   -0.0  -0.6  0.657046621688  0.0                0.342953378312  1.2  -0.6  0.314093243376  0.0                1130.0  10.2694742927  -0.985812152358  -1.36272404441
0.6   -0.0  -0.6  0.657165326828  0.0                0.342834673172  1.2  -0.6  0.314330653657  0.0                1140.0  10.1793911849  -0.985418580024  -1.36261536441
0.6   -0.0  -0.6  0.65709237408   2.7897800293e-07   0.342907346942  1.2  -0.6  0.314185306117  5.57956005859e-07  1150.0  10.0908747398  -0.985402156166  -1.36242418873
0.6   -0.0  -0.6  0.657108275827  6.97445007813e-07  0.342891026728  1.2  -0.6  0.314217946543  1.39489001563e-06  1160.0  10.0038844403  -0.985165386311  -1.36222608523
0.6   -0.0  -0.6  0.657238837532  0.0                0.342761162468  1.2  -0.6  0.314477675064  0.0                1170.0  9.91838115449  -0.984715925994  -1.36208913607
0.6   -0.0  -0.6  0.656997103092  0.0                0.343002896908  1.2  -0.6  0.313994206185  0.0                1180.0  9.83432707691  -0.985028593817  -1.36182164124
0.6   -0.0  -0.6  0.657203965282  0.0                0.342796034718  1.2  -0.6  0.314407930563  0.0                1190.0  9.7516856729   -0.984381903525  -1.3616714202
0.6   -0.0  -0.6  0.657000729806  0.0                0.342999270194  1.2  -0.6  0.314001459613  0.0                1200.0  9.67042162562  -0.984596809756  -1.36139856129
0.6   -0.0  -0.6  0.657128222754  0.0                0.342871777246  1.2  -0.6  0.314256445508  0.0                1210.0  9.59050078574  -0.984154137401  -1.36126187201
0.6   -0.0  -0.6  0.657131709979  0.0                0.342868290021  1.2  -0.6  0.314263419958  0.0                1220.0  9.51189012357  -0.983928261131  -1.36104436508
0.6   -0.0  -0.6  0.657145100923  0.0                0.342854899077  1.2  -0.6  0.314290201846  0.0                1230.0  9.43455768354  -0.983761133314  -1.36090937553
0.6   -0.0  -0.6  0.657161142158  0.0                0.342838857842  1.2  -0.6  0.314322284317  0.0                1240.0  9.35847254093  -0.983436022377  -1.36062276356
0.6   -0.0  -0.6  0.657298120358  4.18467004883e-07  0.342701461175  1.2  -0.6  0.31459707765   8.36934009766e-07  1250.0  9.2836047606   -0.982942080214  -1.36045807123
0.6   -0.0  -0.6  0.657243440669  0.0                0.342756559331  1.2  -0.6  0.314486881338  0.0                1260.0  9.20992535774  -0.982927183533  -1.36031144114
0.6   -0.0  -0.6  0.657220006517  0.0                0.342779993483  1.2  -0.6  0.314440013034  0.0                1270.0  9.13740626043  -0.982853816022  -1.36018183166
0.6   -0.0  -0.6  0.657272175404  6.97445007813e-07  0.342727127151  1.2  -0.6  0.314545745697  1.39489001563e-06  1280.0  9.06602027402  -0.982580470828  -1.36003452873
0.6   -0.0  -0.6  0.657334526987  0.0                0.342665473013  1.2  -0.6  0.314669053974  0.0                1290.0  8.99574104709  -0.982183346978  -1.35978621175
0.6   -0.0  -0.6  0.657385440473  0.0                0.342614559527  1.2  -0.6  0.314770880946  0.0                1300.0  8.92654303904  -0.981816041751  -1.35954109889
0.6   -0.0  -0.6  0.65738027938   2.7897800293e-07   0.342619441642  1.2  -0.6  0.314761116715  5.57956005859e-07  1310.0  8.85840148912  -0.981737565299  -1.35945057058
0.6   -0.0  -0.6  0.657356287271  5.57956005859e-07  0.342643154773  1.2  -0.6  0.314713690455  1.11591201172e-06  1320.0  8.79129238693  -0.981640439449  -1.35929619845
0.6   -0.0  -0.6  0.65756189406   1.39489001953e-07  0.342437966451  1.2  -0.6  0.315124067098  2.78978003906e-07  1330.0  8.72519244417  -0.980966737108  -1.35911545024
0.6   -0.0  -0.6  0.657710170868  6.97445007813e-07  0.342289131687  1.2  -0.6  0.315421736627  1.39489001563e-06  1340.0  8.66007906772  -0.980370813191  -1.35887606021
0.6   -0.0  -0.6  0.657505261525  4.18467004883e-07  0.342494320008  1.2  -0.6  0.315011359984  8.36934009766e-07  1350.0  8.59593033389  -0.98068673729   -1.35869986711
0.6   -0.0  -0.6  0.657553106253  5.57956005859e-07  0.342446335791  1.2  -0.6  0.315107328417  1.11591201172e-06  1360.0  8.53272496379  -0.980484283232  -1.35861240779
0.6   -0.0  -0.6  0.657660512784  1.67386801855e-06  0.342337813348  1.2  -0.6  0.315324373304  3.34773603711e-06  1370.0  8.47044229982  -0.979985565287  -1.35837280461
0.6   -0.0  -0.6  0.657743927207  9.76423010742e-07  0.34225509637   1.2  -0.6  0.31548980726   1.95284602148e-06  1380.0  8.40906228315  -0.979648679006  -1.35823527601
0.6   -0.0  -0.6  0.657928610645  2.7897800293e-07   0.342071110377  1.2  -0.6  0.315857779246  5.57956005859e-07  1390.0  8.34856543219  -0.979002587408  -1.35803158773
0.6   -0.0  -0.6  0.657825807251  1.25540101367e-06  0.342172937348  1.2  -0.6  0.315654125304  2.51080202734e-06  1400.0  8.28893282196  -0.979104735715  -1.3578881796
0.6   -0.0  -0.6  0.657808371126  1.39489001563e-06  0.342190233984  1.2  -0.6  0.315619532031  2.78978003125e-06  1410.0  8.23014606436  -0.979023690614  -1.35776545518
0.6   -0.0  -0.6  0.65792233364   9.76423010742e-07  0.342076689937  1.2  -0.6  0.315846620126  1.95284602148e-06  1420.0  8.17218728926  -0.978604308973  -1.35761908142
0.6   -0.0  -0.6  0.658013419958  1.53437901758e-06  0.341985045663  1.2  -0.6  0.316029908674  3.06875803516e-06  1430.0  8.1150391264   -0.978170090497  -1.35740413965
0.6   -0.0  -0.6  0.658040201846  5.57956005859e-07  0.341959240198  1.2  -0.6  0.316081519604  1.11591201172e-06  1440.0  8.05868468802  -0.977941515559  -1.35723866954
0.6   -0.0  -0.6  0.658006306019  9.76423010742e-07  0.341992717558  1.2  -0.6  0.316014564884  1.95284602148e-06  1450.0  8.00310755224  -0.977852470366  -1.35706877652
0.6   -0.0  -0.6  0.658222374482  1.67386801855e-06  0.34177595165   1.2  -0.6  0.3164480967    3.34773603711e-06  1460.0  7.94829174709  -0.977207870905  -1.3569435783
0.6   -0.0  -0.6  0.658364095308  2.7897800293e-07   0.341635625714  1.2  -0.6  0.316728748572  5.57956005859e-07  1470.0  7.8942217352   -0.97665634729   -1.3567305108
0.6   -0.0  -0.6  0.658352796699  2.37131302637e-06  0.341644831988  1.2  -0.6  0.316710336023  4.74262605273e-06  1480.0  7.84088239916  -0.976536199525  -1.35658575718
0.6   -0.0  -0.6  0.65840845281   2.09233502344e-06  0.341589454855  1.2  -0.6  0.316821090291  4.18467004688e-06  1490.0  7.78825902735  -0.97630326109   -1.35648605864
0.6   -0.0  -0.6  0.658401199382  3.48722503906e-06  0.341595313393  1.2  -0.6  0.316809373215  6.97445007813e-06  1500.0  7.7363373005   -0.976091483629  -1.35625854682
0.6   -0.0  -0.6  0.658525763061  6.97445007813e-07  0.341473539494  1.2  -0.6  0.317052921011  1.39489001563e-06  1510.0  7.68510327864  -0.975681317883  -1.35614398616
0.6   -0.0  -0.6  0.658530226709  2.78978003125e-06  0.341466983511  1.2  -0.6  0.317066032977  5.5795600625e-06   1520.0  7.63454338865  -0.975517334649  -1.35599322649
0.6   -0.0  -0.6  0.658639307108  1.25540101367e-06  0.341359437491  1.2  -0.6  0.317281125018  2.51080202734e-06  1530.0  7.58464441225  -0.975136642177  -1.35587248572
0.6   -0.0  -0.6  0.658653395497  1.81335702051e-06  0.341344791146  1.2  -0.6  0.317310417708  3.62671404102e-06  1540.0  7.53539347451  -0.974940378484  -1.35571070371
0.6   -0.0  -0.6  0.658734578096  6.55598307422e-06  0.341258865921  1.2  -0.6  0.317482268158  1.31119661484e-05  1550.0  7.48677803274  -0.974613603523  -1.35558445813
0.6   -0.0  -0.6  0.65876191794   2.9292690332e-06   0.341235152791  1.2  -0.6  0.317529694419  5.85853806641e-06  1560.0  7.43878586587  -0.974379650482  -1.35541176866
0.6   -0.0  -0.6  0.658917169199  3.90569204395e-06  0.341078925109  1.2  -0.6  0.317842149782  7.81138408789e-06  1570.0  7.39140506417  -0.973778058686  -1.3551839516
0.6   -0.0  -0.6  0.658921632847  3.62671404102e-06  0.341074740439  1.2  -0.6  0.317850519122  7.25342808203e-06  1580.0  7.34462401946  -0.973723253361  -1.35513952425
0.6   -0.0  -0.6  0.659009929385  5.99802706738e-06  0.340984072588  1.2  -0.6  0.318031854824  1.19960541348e-05  1590.0  7.29843141557  -0.973241567808  -1.35487259597
0.6   -0.0  -0.6  0.658987053189  4.32415904883e-06  0.341008622652  1.2  -0.6  0.317982754696  8.64831809766e-06  1600.0  7.25281621922  -0.97321399743   -1.35478811407
0.6   -0.0  -0.6  0.659119707229  7.25342808203e-06  0.340873039343  1.2  -0.6  0.318253921315  1.45068561641e-05  1610.0  7.20776767127  -0.97279489867   -1.35469090014
0.6   -0.0  -0.6  0.659415702891  6.13751606934e-06  0.340578159593  1.2  -0.6  0.318843680813  1.22750321387e-05  1620.0  7.16327527824  -0.97192001226   -1.35452506422
0.6   -0.0  -0.6  0.659388223557  5.30058205957e-06  0.340606475861  1.2  -0.6  0.318787048279  1.06011641191e-05  1630.0  7.11932880414  -0.971810168435  -1.35434826567
0.6   -0.0  -0.6  0.65939756932   9.48525210645e-06  0.340592945427  1.2  -0.6  0.318814109145  1.89705042129e-05  1640.0  7.07591826265  -0.971605302564  -1.35417085124
0.6   -0.0  -0.6  0.65936409196   7.53240608496e-06  0.340628375634  1.2  -0.6  0.318743248732  1.50648121699e-05  1650.0  7.03303390954  -0.971509008784  -1.35399186838
0.6   -0.0  -0.6  0.659492282353  8.78780709863e-06  0.34049892984   1.2  -0.6  0.319002140319  1.75756141973e-05  1660.0  6.99066623539  -0.971130039659  -1.35392206267
0.6   -0.0  -0.6  0.659553099557  9.90371911133e-06  0.340436996724  1.2  -0.6  0.319126006553  1.98074382227e-05  1670.0  6.94880595853  -0.97084620636   -1.35378552976
0.6   -0.0  -0.6  0.659658553242  9.20627410352e-06  0.340332240484  1.2  -0.6  0.319335519033  1.8412548207e-05   1680.0  6.9074440183   -0.970465525355  -1.35365710067
0.6   -0.0  -0.6  0.659683382285  7.11393908008e-06  0.340309503776  1.2  -0.6  0.319380992448  1.42278781602e-05  1690.0  6.86657156849  -0.970207576589  -1.3534562308
0.6   -0.0  -0.6  0.65991033089   1.1298609127e-05   0.340078370501  1.2  -0.6  0.319843258999  2.25972182539e-05  1700.0  6.82617997103  -0.969574428296  -1.35337278076
0.6   -0.0  -0.6  0.65997324043   7.95087308984e-06  0.340018808697  1.2  -0.6  0.319962382606  1.59017461797e-05  1710.0  6.78626078991  -0.969277496808  -1.35322281489
0.6   -0.0  -0.6  0.660043542887  1.25540101416e-05  0.339943903103  1.2  -0.6  0.320112193794  2.51080202832e-05  1720.0  6.74680578532  -0.968929187776  -1.35304875552
0.6   -0.0  -0.6  0.660190424805  9.34576310547e-06  0.339800229432  1.2  -0.6  0.320399541137  1.86915262109e-05  1730.0  6.70780690795  -0.968477996813  -1.35294623126
0.6   -0.0  -0.6  0.660212603557  1.01826971143e-05  0.339777213746  1.2  -0.6  0.320445572507  2.03653942285e-05  1740.0  6.66925629353  -0.968281034429  -1.3528035022
0.6   -0.0  -0.6  0.660287648639  1.01826971143e-05  0.339702168663  1.2  -0.6  0.320595662673  2.03653942285e-05  1750.0  6.63114625757  -0.967934241808  -1.35263681778
0.6   -0.0  -0.6  0.660411235895  1.25540101416e-05  0.339576210095  1.2  -0.6  0.32084757981   2.51080202832e-05  1760.0  6.5934692902   -0.96751063871   -1.35251266967
0.6   -0.0  -0.6  0.660427137641  1.1019631124e-05   0.339561842728  1.2  -0.6  0.320876314544  2.2039262248e-05   1770.0  6.55621805127  -0.967391381714  -1.35242973561
0.6   -0.0  -0.6  0.660458104199  1.68781691904e-05  0.339525017631  1.2  -0.6  0.320949964737  3.37563383809e-05  1780.0  6.51938536559  -0.96707835299   -1.35219805687
0.6   -0.0  -0.6  0.660641392747  1.65991911865e-05  0.339342008061  1.2  -0.6  0.321315983877  3.3198382373e-05   1790.0  6.4829642183   -0.966550101496  -1.35210936312
0.6   -0.0  -0.6  0.660807803126  1.65991911865e-05  0.339175597682  1.2  -0.6  0.321648804635  3.3198382373e-05   1800.0  6.44694775042  -0.965971784209  -1.35193043074
0.6   -0.0  -0.6  0.660796922984  2.02259052275e-05  0.339182851111  1.2  -0.6  0.321634297779  4.04518104551e-05  1810.0  6.41132925456  -0.965888417414  -1.35182530366
0.6   -0.0  -0.6  0.660839746108  1.72966361953e-05  0.339142957256  1.2  -0.6  0.321714085488  3.45932723906e-05  1820.0  6.37610217074  -0.965651225049  -1.35168737167
0.6   -0.0  -0.6  0.660956358913  2.02259052275e-05  0.339023415182  1.2  -0.6  0.321953169636  4.04518104551e-05  1830.0  6.34126008238  -0.965219761068  -1.35153929355
0.6   -0.0  -0.6  0.660972539637  2.07838612344e-05  0.339006676502  1.2  -0.6  0.321986646997  4.15677224687e-05  1840.0  6.30679671236  -0.965070788906  -1.35142982467
0.6   -0.0  -0.6  0.661191676859  2.14813062422e-05  0.338786841835  1.2  -0.6  0.32242631633   4.29626124844e-05  1850.0  6.27270591932  -0.964439223294  -1.35132502532
0.6   -0.0  -0.6  0.661263653183  2.44105752754e-05  0.338711936241  1.2  -0.6  0.322576127517  4.88211505508e-05  1860.0  6.23898169395  -0.964036948384  -1.35109900872
0.6   -0.0  -0.6  0.661241613921  2.30156852588e-05  0.338735370394  1.2  -0.6  0.322529259213  4.60313705176e-05  1870.0  6.20561815548  -0.964026501296  -1.35103399353
0.6   -0.0  -0.6  0.661518220611  2.91532013281e-05  0.338452626187  1.2  -0.6  0.323094747625  5.83064026562e-05  1880.0  6.17260954827  -0.963172627754  -1.35085134106
0.6   -0.0  -0.6  0.661474839532  2.9571668333e-05   0.3384955888    1.2  -0.6  0.3230088224    5.9143336666e-05   1890.0  6.13995023849  -0.963205745529  -1.35078084641
0.6   -0.0  -0.6  0.661525474039  3.22219593633e-05  0.338442304001  1.2  -0.6  0.323115391998  6.44439187266e-05  1900.0  6.10763471092  -0.962932486985  -1.35063229103
0.6   -0.0  -0.6  0.661648084872  2.66423992998e-05  0.338325272729  1.2  -0.6  0.323349454542  5.32847985996e-05  1910.0  6.07565756584  -0.96251612422   -1.35050349879
0.6   -0.0  -0.6  0.661729267471  4.04518104561e-05  0.338230280719  1.2  -0.6  0.323539438562  8.09036209121e-05  1920.0  6.04401351602  -0.962158388391  -1.35035717249
0.6   -0.0  -0.6  0.6618062654    3.65461184121e-05  0.338157188482  1.2  -0.6  0.323685623036  7.30922368242e-05  1930.0  6.01269738381  -0.961758437074  -1.35013732938
0.6   -0.0  -0.6  0.661938500973  3.79410084277e-05  0.338023558018  1.2  -0.6  0.323952883963  7.58820168555e-05  1940.0  5.98170409833  -0.961371074444  -1.35006900599
0.6   -0.0  -0.6  0.662081616689  3.41748053848e-05  0.337884208506  1.2  -0.6  0.324231582988  6.83496107695e-05  1950.0  5.95102869269  -0.96099791889   -1.35003480871
0.6   -0.0  -0.6  0.662009221897  3.82199864307e-05  0.337952558117  1.2  -0.6  0.324094883767  7.64399728613e-05  1960.0  5.9206663014   -0.960953260421  -1.34982125696
0.6   -0.0  -0.6  0.662235752035  3.89174314385e-05  0.337725330533  1.2  -0.6  0.324549338934  7.7834862877e-05   1970.0  5.89061215774  -0.96024648863   -1.34965899443
0.6   -0.0  -0.6  0.662268950418  4.63103485215e-05  0.337684739234  1.2  -0.6  0.324630521533  9.2620697043e-05   1980.0  5.86086159129  -0.960131961771  -1.34963301519
0.6   -0.0  -0.6  0.662370916878  4.25441454795e-05  0.337586538977  1.2  -0.6  0.324826922047  8.5088290959e-05   1990.0  5.8314100255   -0.959770099175  -1.34951135266
0.6   -0.0  -0.6  0.662386121179  5.9143336666e-05   0.337554735484  1.2  -0.6  0.324890529032  0.000118286673332  2000.0  5.80225297537  -0.959476530291  -1.34927419313
0.6   -0.0  -0.6  0.66238040213   5.1750419583e-05   0.33756784745   1.2  -0.6  0.324864305099  0.000103500839166  2010.0  5.77338604515  -0.959481653816  -1.34925671943
0.6   -0.0  -0.6  0.662654776996  4.75657495361e-05  0.337297657254  1.2  -0.6  0.325404685491  9.51314990723e-05  2020.0  5.74480492611  -0.958655658301  -1.34908420199
0.6   -0.0  -0.6  0.662788546949  5.31453095986e-05  0.337158307742  1.2  -0.6  0.325683384516  0.000106290619197  2030.0  5.71650539446  -0.958187947227  -1.34894423428
0.6   -0.0  -0.6  0.662876564509  5.78879356523e-05  0.337065547556  1.2  -0.6  0.325868904889  0.000115775871305  2040.0  5.68848330919  -0.957813419499  -1.34878663984
0.6   -0.0  -0.6  0.662979367903  5.5656111627e-05   0.336964975986  1.2  -0.6  0.326070048029  0.000111312223254  2050.0  5.66073461012  -0.957468998853  -1.34868626915
0.6   -0.0  -0.6  0.663048833426  6.6396764748e-05   0.33688476981   1.2  -0.6  0.326230460381  0.000132793529496  2060.0  5.6332553159   -0.957111953466  -1.34850882981
0.6   -0.0  -0.6  0.663000849209  6.69547207539e-05  0.33693219607   1.2  -0.6  0.32613560786   0.000133909441508  2070.0  5.6060415221   -0.957179665121  -1.34846204889
0.6   -0.0  -0.6  0.663113556322  7.89507748896e-05  0.336807492903  1.2  -0.6  0.326385014194  0.000157901549779  2080.0  5.5790893994   -0.956742305601  -1.3483095817
0.6   -0.0  -0.6  0.663255974593  7.42081488359e-05  0.336669817258  1.2  -0.6  0.326660365484  0.000148416297672  2090.0  5.55239519175  -0.956213692502  -1.3481170813
0.6   -0.0  -0.6  0.66345195664   7.99271979004e-05  0.336468116162  1.2  -0.6  0.327063767676  0.000159854395801  2100.0  5.52595521464  -0.955648538755  -1.34802914733
0.6   -0.0  -0.6  0.663441634454  8.34144229395e-05  0.336474951123  1.2  -0.6  0.327050097754  0.000166828845879  2110.0  5.49976585344  -0.955506885281  -1.34786690528
0.6   -0.0  -0.6  0.663586424038  8.91334720039e-05  0.33632444249   1.2  -0.6  0.327351115019  0.000178266944008  2120.0  5.47382356168  -0.955107949188  -1.34782232705
0.6   -0.0  -0.6  0.663778360904  8.20195329238e-05  0.336139619563  1.2  -0.6  0.327720760873  0.000164039065848  2130.0  5.44812485951  -0.954502450611  -1.34766894022
0.6   -0.0  -0.6  0.663759808867  9.80607681045e-05  0.336142130365  1.2  -0.6  0.327715739269  0.000196121536209  2140.0  5.42266633213  -0.954367766401  -1.3475089806
0.6   -0.0  -0.6  0.663841549422  9.9734636123e-05   0.336058715942  1.2  -0.6  0.327882568115  0.000199469272246  2150.0  5.39744462826  -0.953999753426  -1.3473391536
0.6   -0.0  -0.6  0.664028883151  0.000100850548136  0.335870266301  1.2  -0.6  0.328259467398  0.000201701096271  2160.0  5.37245645868  -0.953437357061  -1.34722769728
0.6   -0.0  -0.6  0.664194456595  0.000104895729182  0.335700647675  1.2  -0.6  0.328598704649  0.000209791458363  2170.0  5.34769859482  -0.952932465222  -1.34712503593
0.6   -0.0  -0.6  0.664136708149  0.00011270711327   0.335750584738  1.2  -0.6  0.328498830524  0.000225414226539  2180.0  5.32316786732  -0.952983886532  -1.34704723463
0.6   -0.0  -0.6  0.664281637221  0.00010921988823   0.33560914289   1.2  -0.6  0.328781714219  0.000218439776461  2190.0  5.29886116473  -0.952468094875  -1.34687508807
0.6   -0.0  -0.6  0.664419033888  0.000115217915298  0.335465748197  1.2  -0.6  0.329068503607  0.000230435830596  2200.0  5.27477543216  -0.952078497166  -1.34682244
0.6   -0.0  -0.6  0.664347197052  0.000118286673332  0.335534516274  1.2  -0.6  0.328930967451  0.000236573346664  2210.0  5.25090767002  -0.952133475072  -1.34670869201
0.6   -0.0  -0.6  0.664757294717  0.000117170761319  0.335125534522  1.2  -0.6  0.329748930956  0.000234341522639  2220.0  5.22725493277  -0.95097924958   -1.34653736181
0.6   -0.0  -0.6  0.664753110047  0.000129306304456  0.335117583649  1.2  -0.6  0.329764832702  0.000258612608912  2230.0  5.20381432769  -0.950853074676  -1.34641570635
0.6   -0.0  -0.6  0.66486442227   0.0001419998036    0.334993577926  1.2  -0.6  0.330012844147  0.000283999607199  2240.0  5.18058301373  -0.950329542954  -1.34617455617
0.6   -0.0  -0.6  0.664651701543  0.000140325935581  0.335207972522  1.2  -0.6  0.329584054956  0.000280651871162  2250.0  5.15755820033  -0.950846134128  -1.34617860895
0.6   -0.0  -0.6  0.66505161651   0.000141860314598  0.334806523175  1.2  -0.6  0.330386953649  0.000283720629195  2260.0  5.13473714635  -0.949626423318  -1.34592053532
0.6   -0.0  -0.6  0.664888693356  0.000149950676689  0.334961355967  1.2  -0.6  0.330077288066  0.000299901353379  2270.0  5.11211715892  -0.949961617213  -1.34587442208
0.6   -0.0  -0.6  0.664956903478  0.000154972280746  0.334888124241  1.2  -0.6  0.330223751518  0.000309944561492  2280.0  5.08969559243  -0.949684131603  -1.34576666669
0.6   -0.0  -0.6  0.665189013177  0.000162783664834  0.334648203158  1.2  -0.6  0.330703593683  0.000325567329668  2290.0  5.06746984749  -0.948997816872  -1.3456467889
0.6   -0.0  -0.6  0.665362398006  0.000169339647907  0.334468262346  1.2  -0.6  0.331063475307  0.000338679295814  2300.0  5.04543736989  -0.948321734882  -1.34539469767
0.6   -0.0  -0.6  0.665581256249  0.000179243367019  0.334239500384  1.2  -0.6  0.331520999232  0.000358486734037  2310.0  5.02359564968  -0.947707142115  -1.34531724915
0.6   -0.0  -0.6  0.665430468638  0.000170176581917  0.33439935478   1.2  -0.6  0.331201290441  0.000340353163834  2320.0  5.00194222015  -0.948179683913  -1.34541702054
0.6   -0.0  -0.6  0.665748224584  0.00018733372911   0.334064441687  1.2  -0.6  0.331871116626  0.000374667458221  2330.0  4.98047465697  -0.947058952366  -1.34507949184
0.6   -0.0  -0.6  0.665656022354  0.000192215844165  0.334151761802  1.2  -0.6  0.331696476396  0.00038443168833   2340.0  4.95919057724  -0.947186537688  -1.34499165035
0.6   -0.0  -0.6  0.665811273613  0.000199190294244  0.333989536093  1.2  -0.6  0.332020927814  0.000398380588488  2350.0  4.93808763862  -0.94667618473   -1.34486226975
0.6   -0.0  -0.6  0.665857304983  0.000191099932152  0.333951595085  1.2  -0.6  0.332096809831  0.000382199864305  2360.0  4.91716353845  -0.946523960135  -1.34481081201
0.6   -0.0  -0.6  0.666131400871  0.000217881820454  0.333650717308  1.2  -0.6  0.332698565384  0.000435763640908  2370.0  4.89641601298  -0.94563299974   -1.34460982002
0.6   -0.0  -0.6  0.666129169047  0.000209930947364  0.333660900005  1.2  -0.6  0.332678199989  0.000419861894729  2380.0  4.87584283645  -0.945568484409  -1.34453040726
0.6   -0.0  -0.6  0.66616794699   0.000231830720611  0.33360022229   1.2  -0.6  0.332799555421  0.000463661441223  2390.0  4.8554418204   -0.945169024631  -1.34425029427
0.6   -0.0  -0.6  0.666271447829  0.000220113644479  0.333508438527  1.2  -0.6  0.332983122947  0.000440227288959  2400.0  4.83521081281  -0.944968458027  -1.34428406919
