#mu0            mu1              mu2              x0              x1                 x2              mua  mub   xa                 xb                 T       b              u               phi
0.533333333333  -0.366666666667  -0.166666666667  0.5             0.0                0.5             0.7  -0.9  0.0                0.0                30.0    386.816865025  -1.31774118     -1.68440784667
0.533333333333  -0.366666666667  -0.166666666667  0.5             0.0                0.5             0.7  -0.9  0.0                0.0                40.0    290.112648769  -1.31774118     -1.68440784667
0.533333333333  -0.366666666667  -0.166666666667  0.5             0.0                0.5             0.7  -0.9  0.0                0.0                50.0    232.090119015  -1.31774118     -1.68440784667
0.533333333333  -0.366666666667  -0.166666666667  0.5             0.0                0.5             0.7  -0.9  0.0                0.0                60.0    193.408432513  -1.31774118     -1.68440784667
0.533333333333  -0.366666666667  -0.166666666667  0.5             0.0                0.5             0.7  -0.9  0.0                0.0                70.0    165.778656439  -1.31774118     -1.68440784667
0.533333333333  -0.366666666667  -0.166666666667  0.5             0.0                0.5             0.7  -0.9  0.0                0.0                80.0    145.056324384  -1.31774118     -1.68440784667
0.533333333333  -0.366666666667  -0.166666666667  0.5             0.0                0.5             0.7  -0.9  0.0                0.0                90.0    128.938955008  -1.31774118     -1.68440784667
0.533333333333  -0.366666666667  -0.166666666667  0.5             0.0                0.5             0.7  -0.9  0.0                0.0                100.0   116.045059507  -1.31774118     -1.68440784667
0.533333333333  -0.366666666667  -0.166666666667  0.5             0.0                0.5             0.7  -0.9  0.0                0.0                110.0   105.495508643  -1.31774118     -1.68440784667
0.533333333333  -0.366666666667  -0.166666666667  0.5             0.0                0.5             0.7  -0.9  0.0                0.0                120.0   96.7042162563  -1.31774118     -1.68440784667
0.533333333333  -0.366666666667  -0.166666666667  0.5             0.0                0.5             0.7  -0.9  0.0                0.0                130.0   89.2654303904  -1.31774118     -1.68440784667
0.533333333333  -0.366666666667  -0.166666666667  0.5             0.0                0.5             0.7  -0.9  0.0                0.0                140.0   82.8893282196  -1.31774118     -1.68440784667
0.533333333333  -0.366666666667  -0.166666666667  0.5             0.0                0.5             0.7  -0.9  0.0                0.0                150.0   77.363373005   -1.31774118     -1.68440784667
0.533333333333  -0.366666666667  -0.166666666667  0.5             0.0                0.5             0.7  -0.9  0.0                0.0                160.0   72.5281621922  -1.31774118     -1.68440784667
0.533333333333  -0.366666666667  -0.166666666667  0.5             0.0                0.5             0.7  -0.9  0.0                0.0                170.0   68.2617997103  -1.31774118     -1.68440784667
0.533333333333  -0.366666666667  -0.166666666667  0.5             0.0                0.5             0.7  -0.9  0.0                0.0                180.0   64.4694775042  -1.31774118     -1.68440784667
0.533333333333  -0.366666666667  -0.166666666667  0.5             0.0                0.5             0.7  -0.9  0.0                0.0                190.0   61.0763471092  -1.31774118     -1.68440784667
0.533333333333  -0.366666666667  -0.166666666667  0.5             0.0                0.5             0.7  -0.9  0.0                0.0                200.0   58.0225297537  -1.31774118     -1.68440784667
0.533333333333  -0.366666666667  -0.166666666667  0.5             0.0                0.5             0.7  -0.9  0.0                0.0                210.0   55.2595521464  -1.31774118     -1.68440784667
0.533333333333  -0.366666666667  -0.166666666667  0.5             0.0                0.5             0.7  -0.9  0.0                0.0                220.0   52.7477543216  -1.31774118     -1.68440784667
0.533333333333  -0.366666666667  -0.166666666667  0.5             0.0                0.5             0.7  -0.9  0.0                0.0                230.0   50.4543736989  -1.31774118     -1.68440784667
0.533333333333  -0.366666666667  -0.166666666667  0.500000278978  0.0                0.499999721022  0.7  -0.9  5.57956005842e-07  0.0                240.0   48.3521081281  -1.31774061917  -1.6844076764
0.533333333333  -0.366666666667  -0.166666666667  0.500000139489  0.0                0.499999860511  0.7  -0.9  2.78978003809e-07  0.0                250.0   46.418023803   -1.31774089958  -1.68440776153
0.533333333333  -0.366666666667  -0.166666666667  0.500000697445  0.0                0.499999302555  0.7  -0.9  1.39489001572e-06  0.0                260.0   44.6327151952  -1.31773977792  -1.68440742101
0.533333333333  -0.366666666667  -0.166666666667  0.500000697445  0.0                0.499999302555  0.7  -0.9  1.39489001572e-06  0.0                270.0   42.9796516694  -1.31773977792  -1.68440742101
0.533333333333  -0.366666666667  -0.166666666667  0.500000418467  0.0                0.499999581533  0.7  -0.9  8.36934009874e-07  0.0                280.0   41.4446641098  -1.31774033875  -1.68440759127
0.533333333333  -0.366666666667  -0.166666666667  0.500001673868  0.0                0.499998326132  0.7  -0.9  3.34773603705e-06  0.0                290.0   40.0155377612  -1.317737815    -1.68440682508
0.533333333333  -0.366666666667  -0.166666666667  0.500003766203  0.0                0.499996233797  0.7  -0.9  7.53240608387e-06  0.0                300.0   38.6816865025  -1.31773360875  -1.6844055481
0.533333333333  -0.366666666667  -0.166666666667  0.500003766203  0.0                0.499996233797  0.7  -0.9  7.53240608387e-06  0.0                310.0   37.4338901637  -1.31773360875  -1.6844055481
0.533333333333  -0.366666666667  -0.166666666667  0.500006695472  0.0                0.499993304528  0.7  -0.9  1.33909441504e-05  0.0                320.0   36.2640810961  -1.31772772     -1.68440376033
0.533333333333  -0.366666666667  -0.166666666667  0.500010740653  0.0                0.499989259347  0.7  -0.9  2.14813062422e-05  0.0                330.0   35.1651695477  -1.31771958792  -1.6844012915
0.533333333333  -0.366666666667  -0.166666666667  0.500015762257  0.0                0.499984237743  0.7  -0.9  3.15245143554e-05  0.0                340.0   34.1308998551  -1.31770949254  -1.68439822637
0.533333333333  -0.366666666667  -0.166666666667  0.500018273059  0.0                0.499981726941  0.7  -0.9  3.65461184122e-05  0.0                350.0   33.1557312879  -1.31770444542  -1.68439669437
0.533333333333  -0.366666666667  -0.166666666667  0.500024271086  0.0                0.499975728914  0.7  -0.9  4.85421725469e-05  0.0                360.0   32.2347387521  -1.3176923875   -1.68439303369
0.533333333333  -0.366666666667  -0.166666666667  0.500040033343  0.0                0.499959966657  0.7  -0.9  8.00666869023e-05  0.0                370.0   31.3635295966  -1.31766070466  -1.68438341801
0.533333333333  -0.366666666667  -0.166666666667  0.500044915459  0.0                0.499955084541  0.7  -0.9  8.98309170116e-05  0.0                380.0   30.5381735546  -1.31765088583  -1.68438043414
0.533333333333  -0.366666666667  -0.166666666667  0.500056214068  0.0                0.499943785932  0.7  -0.9  0.000112428135266  0.0                390.0   29.7551434635  -1.31762817208  -1.68437353844
0.533333333333  -0.366666666667  -0.166666666667  0.500064862386  0.0                0.499935137614  0.7  -0.9  0.000129724771461  0.0                400.0   29.0112648769  -1.31761078625  -1.68436826025
0.533333333333  -0.366666666667  -0.166666666667  0.500096247411  0.0                0.499903752589  0.7  -0.9  0.000192494822168  0.0                410.0   28.3036730506  -1.3175476973   -1.68434911034
0.533333333333  -0.366666666667  -0.166666666667  0.500112149157  0.0                0.499887850843  0.7  -0.9  0.000224298314527  0.0                420.0   27.6297760732  -1.31751574184  -1.68433941732
0.533333333333  -0.366666666667  -0.166666666667  0.500131398639  0.0                0.499868601361  0.7  -0.9  0.000262797278961  0.0                430.0   26.9872231413  -1.31747702826  -1.68432765302
0.533333333333  -0.366666666667  -0.166666666667  0.500165015489  0.0                0.499834984511  0.7  -0.9  0.000330030977717  0.0                440.0   26.3738771608  -1.31740946232  -1.68430715067
0.533333333333  -0.366666666667  -0.166666666667  0.500199050805  0.0                0.499800949195  0.7  -0.9  0.000398101610484  0.0                450.0   25.7877910017  -1.31734106507  -1.68428640286
0.533333333333  -0.366666666667  -0.166666666667  0.500224577293  0.0                0.499775422707  0.7  -0.9  0.000449154585059  0.0                460.0   25.2271868495  -1.31728974279  -1.68427081766
0.533333333333  -0.366666666667  -0.166666666667  0.500268795306  0.0                0.499731204694  0.7  -0.9  0.000537590612055  0.0                470.0   24.6904381931  -1.31720090952  -1.68424388961
0.533333333333  -0.366666666667  -0.166666666667  0.500319290325  0.0                0.499680709675  0.7  -0.9  0.000638580649193  0.0                480.0   24.1760540641  -1.31709931117  -1.68421298429
0.533333333333  -0.366666666667  -0.166666666667  0.500344677323  0.0                0.499655322677  0.7  -0.9  0.000689354645766  0.0                490.0   23.6826652056  -1.31704834268  -1.6841975576
0.533333333333  -0.366666666667  -0.166666666667  0.500416653648  0.0                0.499583346352  0.7  -0.9  0.000833307295387  0.0                500.0   23.2090119015  -1.31690363736  -1.68415361913
0.533333333333  -0.366666666667  -0.166666666667  0.500480121143  0.0                0.499519878857  0.7  -0.9  0.000960242286816  0.0                510.0   22.7539332368  -1.31677617857  -1.68411501484
0.533333333333  -0.366666666667  -0.166666666667  0.500545541485  0.0                0.499454458515  0.7  -0.9  0.00109108297029   0.0                520.0   22.3163575976  -1.31664466611  -1.68407509086
0.533333333333  -0.366666666667  -0.166666666667  0.500631048243  0.0                0.499368951757  0.7  -0.9  0.00126209648622   0.0                530.0   21.8952942467  -1.31647281504  -1.68402294925
0.533333333333  -0.366666666667  -0.166666666667  0.500710835952  0.0                0.499289164048  0.7  -0.9  0.00142167190401   0.0                540.0   21.4898258347  -1.31631242778  -1.68397426478
0.533333333333  -0.366666666667  -0.166666666667  0.500795645265  0.0                0.499204354735  0.7  -0.9  0.00159129052992   0.0                550.0   21.0991017286  -1.31614218478  -1.68392275482
0.533333333333  -0.366666666667  -0.166666666667  0.500929415217  0.0                0.499070584783  0.7  -0.9  0.00185883043494   0.0                560.0   20.7223320549  -1.315873324    -1.68384117198
0.533333333333  -0.366666666667  -0.166666666667  0.500987303153  0.0                0.499012696847  0.7  -0.9  0.00197460630624   0.0                570.0   20.3587823697  -1.31575669646  -1.68380558754
0.533333333333  -0.366666666667  -0.166666666667  0.501112703766  0.0                0.498887296234  0.7  -0.9  0.00222540753107   0.0                580.0   20.0077688806  -1.31550513471  -1.68372958665
0.533333333333  -0.366666666667  -0.166666666667  0.501199326436  0.0                0.498800673564  0.7  -0.9  0.00239865287102   0.0                590.0   19.6686541538  -1.31533089799  -1.68367662166
0.533333333333  -0.366666666667  -0.166666666667  0.501359878276  0.0                0.498640121724  0.7  -0.9  0.00271975655263   0.0                600.0   19.3408432512  -1.31500862227  -1.68357911852
0.533333333333  -0.366666666667  -0.166666666667  0.501497414432  0.0                0.498502585568  0.7  -0.9  0.00299482886373   0.0                610.0   19.0237802471  -1.31473201496  -1.68349506184
0.533333333333  -0.366666666667  -0.166666666667  0.501672612618  0.0                0.498327387382  0.7  -0.9  0.00334522523568   0.0                620.0   18.7169450819  -1.31438059767  -1.683388922
0.533333333333  -0.366666666667  -0.166666666667  0.50180080301   0.0                0.49819919699   0.7  -0.9  0.00360160602057   0.0                630.0   18.4198507155  -1.31412277432  -1.6833105652
0.533333333333  -0.366666666667  -0.166666666667  0.501959820472  0.0                0.498040179528  0.7  -0.9  0.00391964094415   0.0                640.0   18.132040548   -1.31380327506  -1.68321369039
0.533333333333  -0.366666666667  -0.166666666667  0.502118698445  0.0                0.497881301555  0.7  -0.9  0.00423739688973   0.0                650.0   17.8530860781  -1.31348447422  -1.68311731871
0.533333333333  -0.366666666667  -0.166666666667  0.502294873054  0.0                0.497705126946  0.7  -0.9  0.0045897461077    0.0                660.0   17.5825847739  -1.31313071227  -1.68301020121
0.533333333333  -0.366666666667  -0.166666666667  0.502488344299  0.0                0.497511655701  0.7  -0.9  0.00497668859806   0.0                670.0   17.3201581354  -1.31274205562  -1.68289240431
0.533333333333  -0.366666666667  -0.166666666667  0.502711108235  0.0                0.497288891765  0.7  -0.9  0.00542221646908   0.0                680.0   17.0654499276  -1.31229507847  -1.68275729666
0.533333333333  -0.366666666667  -0.166666666667  0.502922573561  0.0                0.497077426439  0.7  -0.9  0.00584514712184   0.0                690.0   16.8181245663  -1.31187020806  -1.68262847772
0.533333333333  -0.366666666667  -0.166666666667  0.503082288468  0.0                0.496917711532  0.7  -0.9  0.00616457693544   0.0                700.0   16.5778656439  -1.31154986292  -1.68253173344
0.533333333333  -0.366666666667  -0.166666666667  0.503397115144  0.0                0.496602884856  0.7  -0.9  0.00679423028853   0.0                710.0   16.3443745785  -1.31091780637  -1.68234043424
0.533333333333  -0.366666666667  -0.166666666667  0.503614578498  0.0                0.496385421502  0.7  -0.9  0.00722915699543   0.0                720.0   16.117369376   -1.31048084565  -1.68220792221
0.533333333333  -0.366666666667  -0.166666666667  0.503854360091  0.0                0.496145639909  0.7  -0.9  0.00770872018283   0.0                730.0   15.8965834942  -1.30999954113  -1.68206231192
0.533333333333  -0.366666666667  -0.166666666667  0.504011145729  0.0                0.495988854271  0.7  -0.9  0.00802229145836   0.0                740.0   15.6817647983  -1.30968555681  -1.68196782749
0.533333333333  -0.366666666667  -0.166666666667  0.50436865604   0.0                0.49563134396   0.7  -0.9  0.00873731208042   0.0                750.0   15.472674601   -1.30896752871  -1.68175031383
0.533333333333  -0.366666666667  -0.166666666667  0.504633824632  0.0                0.495366175368  0.7  -0.9  0.00926764926439   0.0                760.0   15.2690867773  -1.30843558033  -1.68158960148
0.533333333333  -0.366666666667  -0.166666666667  0.504836362662  0.0                0.495163637338  0.7  -0.9  0.00967272532495   0.0                770.0   15.070786949   -1.30802894606  -1.68146652045
0.533333333333  -0.366666666667  -0.166666666667  0.505095254249  0.0                0.494904745751  0.7  -0.9  0.0101905084988    0.0                780.0   14.8775717317  -1.30750906723  -1.68130908984
0.533333333333  -0.366666666667  -0.166666666667  0.505470619153  0.0                0.494529380847  0.7  -0.9  0.0109412383052    0.0                790.0   14.6892480389  -1.30675525726  -1.68108079074
0.533333333333  -0.366666666667  -0.166666666667  0.505741785772  0.0                0.494258214228  0.7  -0.9  0.0114835715434    0.0                800.0   14.5056324384  -1.30621300299  -1.68091816973
0.533333333333  -0.366666666667  -0.166666666667  0.50606749259   0.0                0.49393250741   0.7  -0.9  0.0121349851807    0.0                810.0   14.3265505565  -1.30555859597  -1.68071975226
0.533333333333  -0.366666666667  -0.166666666667  0.506436580489  0.0                0.493563419511  0.7  -0.9  0.012873160977     0.0                820.0   14.1518365253  -1.30481805772  -1.68049593708
0.533333333333  -0.366666666667  -0.166666666667  0.506686684268  0.0                0.493313315732  0.7  -0.9  0.0133733685366    0.0                830.0   13.9813324708  -1.30431521249  -1.68034323713
0.533333333333  -0.366666666667  -0.166666666667  0.507029129767  0.0                0.492970870233  0.7  -0.9  0.0140582595344    0.0                840.0   13.8148880366  -1.30363034815  -1.68013779649
0.533333333333  -0.366666666667  -0.166666666667  0.507430997581  0.0                0.492569002419  0.7  -0.9  0.0148619951614    0.0                850.0   13.6523599421  -1.30282445394  -1.67989451722
0.533333333333  -0.366666666667  -0.166666666667  0.507752938196  0.0                0.492247061804  0.7  -0.9  0.0155058763927    0.0                860.0   13.4936115706  -1.30217641018  -1.67969719033
0.533333333333  -0.366666666667  -0.166666666667  0.508007366135  0.0                0.491992633865  0.7  -0.9  0.0160147322704    0.0                870.0   13.3385125871  -1.30166670945  -1.67954368871
0.533333333333  -0.366666666667  -0.166666666667  0.508344511052  0.0                0.491655488948  0.7  -0.9  0.016689022104     0.0                880.0   13.1869385804  -1.30099089055  -1.67933987269
0.533333333333  -0.366666666667  -0.166666666667  0.508798687241  0.0                0.491201312759  0.7  -0.9  0.0175973744822    0.0                890.0   13.0387707312  -1.30008008787  -1.67906491668
0.533333333333  -0.366666666667  -0.166666666667  0.509110305671  0.0                0.490889694329  0.7  -0.9  0.0182206113412    0.0                900.0   12.8938955008  -1.29945400037  -1.67887509498
0.533333333333  -0.366666666667  -0.166666666667  0.509509104726  0.0                0.490490895274  0.7  -0.9  0.0190182094522    0.0                910.0   12.7522043415  -1.2986564011   -1.67863581438
0.533333333333  -0.366666666667  -0.166666666667  0.509809703524  0.0                0.490190296476  0.7  -0.9  0.019619407049     0.0                920.0   12.6135934247  -1.29805110066  -1.67845135226
0.533333333333  -0.366666666667  -0.166666666667  0.510249372857  0.0                0.489750627143  0.7  -0.9  0.0204987457149    0.0                930.0   12.4779633879  -1.29716859813  -1.6781843868
0.533333333333  -0.366666666667  -0.166666666667  0.510648729869  0.0                0.489351270131  0.7  -0.9  0.0212974597379    0.0                940.0   12.3452190965  -1.29636788133  -1.67794276981
0.533333333333  -0.366666666667  -0.166666666667  0.511019212657  0.0                0.488980787343  0.7  -0.9  0.0220384253142    0.0                950.0   12.2152694218  -1.29562353437  -1.67771709876
0.533333333333  -0.366666666667  -0.166666666667  0.511415082444  0.0                0.488584917556  0.7  -0.9  0.0228301648872    0.0                960.0   12.088027032   -1.29483225207  -1.67748003416
0.533333333333  -0.366666666667  -0.166666666667  0.511842476744  0.0                0.488157523256  0.7  -0.9  0.0236849534888    0.0                970.0   11.9634081967  -1.29397304378  -1.67721917789
0.533333333333  -0.366666666667  -0.166666666667  0.51217418159   0.0                0.48782581841   0.7  -0.9  0.0243483631803    0.0                980.0   11.8413326028  -1.29330959101  -1.6770201119
0.533333333333  -0.366666666667  -0.166666666667  0.512506444392  0.0                0.487493555608  0.7  -0.9  0.0250128887837    0.0                990.0   11.7217231826  -1.29264015148  -1.6768158403
0.533333333333  -0.366666666667  -0.166666666667  0.512891852503  0.0                0.487108147497  0.7  -0.9  0.0257837050064    0.0                1000.0  11.6045059507  -1.29186563385  -1.67658089402
0.533333333333  -0.366666666667  -0.166666666667  0.513425676912  0.0                0.486574323088  0.7  -0.9  0.0268513538245    0.0                1010.0  11.4896098522  -1.29079216037  -1.67625477471
0.533333333333  -0.366666666667  -0.166666666667  0.513731018337  0.0                0.486268981663  0.7  -0.9  0.0274620366733    0.0                1020.0  11.3769666184  -1.29018207875  -1.67607217109
0.533333333333  -0.366666666667  -0.166666666667  0.514176546208  0.0                0.485823453792  0.7  -0.9  0.0283530924154    0.0                1030.0  11.2665106318  -1.28928936891  -1.67580320027
0.533333333333  -0.366666666667  -0.166666666667  0.514588736207  0.0                0.485411263793  0.7  -0.9  0.0291774724147    0.0                1040.0  11.1581787988  -1.28846002573  -1.67555092309
0.533333333333  -0.366666666667  -0.166666666667  0.515025057804  0.0                0.484974942196  0.7  -0.9  0.0300501156085    0.0                1050.0  11.0519104293  -1.28758541923  -1.67528716683
0.533333333333  -0.366666666667  -0.166666666667  0.515515082667  0.0                0.484484917333  0.7  -0.9  0.0310301653335    0.0                1060.0  10.9476471233  -1.28660120986  -1.67498899226
0.533333333333  -0.366666666667  -0.166666666667  0.515863386704  0.0                0.484136613296  0.7  -0.9  0.0317267734074    0.0                1070.0  10.8453326643  -1.28589657327  -1.67477198132
0.533333333333  -0.366666666667  -0.166666666667  0.516303613993  0.0                0.483696386007  0.7  -0.9  0.0326072279853    0.0                1080.0  10.7449129174  -1.2850140713   -1.67450579755
0.533333333333  -0.366666666667  -0.166666666667  0.516714130124  0.0                0.483285869876  0.7  -0.9  0.0334282602485    0.0                1090.0  10.6463357346  -1.28418974645  -1.67425619529
0.533333333333  -0.366666666667  -0.166666666667  0.517191600977  0.0                0.482808399023  0.7  -0.9  0.0343832019533    0.0                1100.0  10.5495508643  -1.28322920808  -1.67396411611
0.533333333333  -0.366666666667  -0.166666666667  0.517646893078  0.0                0.482353106922  0.7  -0.9  0.0352937861555    0.0                1110.0  10.4545098655  -1.28231616575  -1.67368848272
0.533333333333  -0.366666666667  -0.166666666667  0.518009564482  0.0                0.481990435518  0.7  -0.9  0.0360191289637    0.0                1120.0  10.3611660275  -1.28158469804  -1.67346475498
0.533333333333  -0.366666666667  -0.166666666667  0.518393438214  0.0                0.481606561786  0.7  -0.9  0.0367868764284    0.0                1130.0  10.2694742927  -1.28081106795  -1.67322854812
0.533333333333  -0.366666666667  -0.166666666667  0.518956555314  0.0                0.481043444686  0.7  -0.9  0.0379131106271    0.0                1140.0  10.1793911849  -1.27967540281  -1.67288124691
0.533333333333  -0.366666666667  -0.166666666667  0.519421472156  0.0                0.480578527844  0.7  -0.9  0.0388429443115    0.0                1150.0  10.0908747398  -1.27874174896  -1.67259847665
0.533333333333  -0.366666666667  -0.166666666667  0.519738809634  0.0                0.480261190366  0.7  -0.9  0.0394776192687    0.0                1160.0  10.0038844403  -1.27809882801  -1.67239982817
0.533333333333  -0.366666666667  -0.166666666667  0.52016550649   0.0                0.47983449351   0.7  -0.9  0.0403310129803    0.0                1170.0  9.91838115449  -1.27724296827  -1.67214134403
0.533333333333  -0.366666666667  -0.166666666667  0.520629865376  0.0                0.479370134624  0.7  -0.9  0.0412597307528    0.0                1180.0  9.83432707691  -1.276300602    -1.67184908019
0.533333333333  -0.366666666667  -0.166666666667  0.521128538557  0.0                0.478871461443  0.7  -0.9  0.042257077114     0.0                1190.0  9.7516856729   -1.275299602    -1.67154622265
0.533333333333  -0.366666666667  -0.166666666667  0.521410166851  0.0                0.478589833149  0.7  -0.9  0.0428203337023    0.0                1200.0  9.67042162562  -1.2747374814   -1.67137838166
0.533333333333  -0.366666666667  -0.166666666667  0.52196351972   0.0                0.47803648028   0.7  -0.9  0.0439270394408    0.0                1210.0  9.59050078574  -1.27361509394  -1.67103068821
0.533333333333  -0.366666666667  -0.166666666667  0.52228769216   0.0                0.47771230784   0.7  -0.9  0.0445753843201    0.0                1220.0  9.51189012357  -1.27296674308  -1.67083617877
0.533333333333  -0.366666666667  -0.166666666667  0.522732662075  0.0                0.477267337925  0.7  -0.9  0.0454653241501    0.0                1230.0  9.43455768354  -1.27206590048  -1.67055829405
0.533333333333  -0.366666666667  -0.166666666667  0.523054184224  0.0                0.476945815776  0.7  -0.9  0.0461083684474    0.0                1240.0  9.35847254093  -1.27142440831  -1.67036693289
0.533333333333  -0.366666666667  -0.166666666667  0.523689138159  0.0                0.476310861841  0.7  -0.9  0.0473782763177    0.0                1250.0  9.2836047606   -1.27013485757  -1.66996631766
0.533333333333  -0.366666666667  -0.166666666667  0.524065200507  0.0                0.475934799493  0.7  -0.9  0.0481304010141    0.0                1260.0  9.20992535774  -1.26937407251  -1.66973201988
0.533333333333  -0.366666666667  -0.166666666667  0.524401229512  0.0                0.475598770488  0.7  -0.9  0.0488024590237    0.0                1270.0  9.13740626043  -1.26869576496  -1.66952415294
0.533333333333  -0.366666666667  -0.166666666667  0.524711174073  0.0                0.475288825927  0.7  -0.9  0.0494223481467    0.0                1280.0  9.06602027402  -1.26807415673  -1.6693364671
0.533333333333  -0.366666666667  -0.166666666667  0.525335666333  0.0                0.474664333667  0.7  -0.9  0.0506713326668    0.0                1290.0  8.99574104709  -1.26679780226  -1.6689344018
0.533333333333  -0.366666666667  -0.166666666667  0.525668487091  0.0                0.474331512909  0.7  -0.9  0.0513369741823    0.0                1300.0  8.92654303904  -1.26612724146  -1.66872979005
0.533333333333  -0.366666666667  -0.166666666667  0.526106622045  1.39489001953e-07  0.473893238466  0.7  -0.9  0.0522135230681    2.78978003906e-07  1310.0  8.85840148912  -1.26525011548  -1.66846599722
0.533333333333  -0.366666666667  -0.166666666667  0.526630821713  0.0                0.473369178287  0.7  -0.9  0.0532616434259    0.0                1320.0  8.79129238693  -1.26418523309  -1.66813505015
0.533333333333  -0.366666666667  -0.166666666667  0.526989447936  0.0                0.473010552064  0.7  -0.9  0.053978895872     0.0                1330.0  8.72519244417  -1.26345787834  -1.66790977212
0.533333333333  -0.366666666667  -0.166666666667  0.527271913164  0.0                0.472728086836  0.7  -0.9  0.0545438263284    0.0                1340.0  8.66007906772  -1.2628807605   -1.66772810559
0.533333333333  -0.366666666667  -0.166666666667  0.52782707939   0.0                0.47217292061   0.7  -0.9  0.0556541587809    0.0                1350.0  8.59593033389  -1.26175888217  -1.66738345999
0.533333333333  -0.366666666667  -0.166666666667  0.528327705417  0.0                0.471672294583  0.7  -0.9  0.0566554108342    0.0                1360.0  8.53272496379  -1.26074006765  -1.6670655219
0.533333333333  -0.366666666667  -0.166666666667  0.528677543833  0.0                0.471322456167  0.7  -0.9  0.057355087666     0.0                1370.0  8.47044229982  -1.26002881159  -1.66684403963
0.533333333333  -0.366666666667  -0.166666666667  0.528991394087  0.0                0.471008605913  0.7  -0.9  0.0579827881731    0.0                1380.0  8.40906228315  -1.25939830577  -1.66665292416
0.533333333333  -0.366666666667  -0.166666666667  0.529541120242  0.0                0.470458879758  0.7  -0.9  0.0590822404835    0.0                1390.0  8.34856543219  -1.25827246954  -1.66629670455
0.533333333333  -0.366666666667  -0.166666666667  0.529935037182  2.7897800293e-07   0.47006468384   0.7  -0.9  0.0598706323204    5.57956005859e-07  1400.0  8.28893282196  -1.25747347986  -1.66604908699
0.533333333333  -0.366666666667  -0.166666666667  0.530425341023  0.0                0.469574658977  0.7  -0.9  0.0608506820454    0.0                1410.0  8.23014606436  -1.25648610734  -1.66574825144
0.533333333333  -0.366666666667  -0.166666666667  0.530662053858  0.0                0.469337946142  0.7  -0.9  0.0613241077168    0.0                1420.0  8.17218728926  -1.25599208858  -1.66558563064
0.533333333333  -0.366666666667  -0.166666666667  0.531200062937  0.0                0.468799937063  0.7  -0.9  0.0624001258749    0.0                1430.0  8.1150391264   -1.2548965947   -1.66524334948
0.533333333333  -0.366666666667  -0.166666666667  0.531538323766  0.0                0.468461676234  0.7  -0.9  0.0630766475325    0.0                1440.0  8.05868468802  -1.25421191553  -1.66503223547
0.533333333333  -0.366666666667  -0.166666666667  0.531984967549  1.39489001953e-07  0.468014892962  0.7  -0.9  0.0639702140766    2.78978003906e-07  1450.0  8.00310755224  -1.25330396094  -1.66474952638
0.533333333333  -0.366666666667  -0.166666666667  0.532446536655  0.0                0.467553463345  0.7  -0.9  0.064893073311     0.0                1460.0  7.94829174709  -1.25235170565  -1.66444352363
0.533333333333  -0.366666666667  -0.166666666667  0.53278535544   0.0                0.46721464456   0.7  -0.9  0.0655707108806    0.0                1470.0  7.8942217352   -1.2516695118   -1.66423567608
0.533333333333  -0.366666666667  -0.166666666667  0.533158488519  0.0                0.466841511481  0.7  -0.9  0.066316977039     0.0                1480.0  7.84088239916  -1.25090744148  -1.66399599208
0.533333333333  -0.366666666667  -0.166666666667  0.533497028326  1.39489001953e-07  0.466502832185  0.7  -0.9  0.0669943356306    2.78978003906e-07  1490.0  7.78825902735  -1.25021052585  -1.66377297638
0.533333333333  -0.366666666667  -0.166666666667  0.533926514962  6.97445007813e-07  0.466072787593  0.7  -0.9  0.0678544248143    1.39489001563e-06  1500.0  7.7363373005   -1.24932661006  -1.6634901187
0.533333333333  -0.366666666667  -0.166666666667  0.534144954739  2.7897800293e-07   0.465854766283  0.7  -0.9  0.0682904674332    5.57956005859e-07  1510.0  7.68510327864  -1.24888293274  -1.66335242445
0.533333333333  -0.366666666667  -0.166666666667  0.534793160129  0.0                0.465206839871  0.7  -0.9  0.0695863202578    0.0                1520.0  7.63454338865  -1.24756797855  -1.6629450694
0.533333333333  -0.366666666667  -0.166666666667  0.53517298868   0.0                0.46482701132   0.7  -0.9  0.0703459773604    0.0                1530.0  7.58464441225  -1.24678540777  -1.66269425859
0.533333333333  -0.366666666667  -0.166666666667  0.535531893881  9.76423010742e-07  0.464467129696  0.7  -0.9  0.0710657406085    1.95284602148e-06  1540.0  7.53539347451  -1.24604799778  -1.66245892531
0.533333333333  -0.366666666667  -0.166666666667  0.535858019167  1.1159120127e-06   0.464140864921  0.7  -0.9  0.0717182701578    2.23182402539e-06  1550.0  7.48677803274  -1.24537485072  -1.66224229786
0.533333333333  -0.366666666667  -0.166666666667  0.536392819999  2.7897800293e-07   0.463606901023  0.7  -0.9  0.0727861979539    5.57956005859e-07  1560.0  7.43878586587  -1.24427622909  -1.66189273216
0.533333333333  -0.366666666667  -0.166666666667  0.536727454114  2.7897800293e-07   0.463272266908  0.7  -0.9  0.0734554661834    5.57956005859e-07  1570.0  7.39140506417  -1.24359885092  -1.66168384176
0.533333333333  -0.366666666667  -0.166666666667  0.537079663843  0.0                0.462920336157  0.7  -0.9  0.0741593276853    0.0                1580.0  7.34462401946  -1.24285971849  -1.66143791454
0.533333333333  -0.366666666667  -0.166666666667  0.537343298056  1.53437901758e-06  0.462655167565  0.7  -0.9  0.0746896648693    3.06875803516e-06  1590.0  7.29843141557  -1.24231359015  -1.66126026034
0.533333333333  -0.366666666667  -0.166666666667  0.537799845558  6.97445007813e-07  0.462199456997  0.7  -0.9  0.0756010860056    1.39489001563e-06  1600.0  7.25281621922  -1.24137228591  -1.66095845737
0.533333333333  -0.366666666667  -0.166666666667  0.538136432519  5.57956005859e-07  0.461863009525  0.7  -0.9  0.0762739809491    1.11591201172e-06  1610.0  7.20776767127  -1.24068592456  -1.66074337357
0.533333333333  -0.366666666667  -0.166666666667  0.538534115662  2.7897800293e-07   0.46146560536   0.7  -0.9  0.0770687892801    5.57956005859e-07  1620.0  7.16327527824  -1.23987234736  -1.66048666436
0.533333333333  -0.366666666667  -0.166666666667  0.539006285932  9.76423010742e-07  0.460992737645  0.7  -0.9  0.0780145247108    1.95284602148e-06  1630.0  7.11932880414  -1.23889274372  -1.66016782012
0.533333333333  -0.366666666667  -0.166666666667  0.539428658629  4.18467004883e-07  0.460570922904  0.7  -0.9  0.0788581541923    8.36934009766e-07  1640.0  7.07591826265  -1.23802064799  -1.65988726935
0.533333333333  -0.366666666667  -0.166666666667  0.539779612957  2.7897800293e-07   0.460220108065  0.7  -0.9  0.0795597838702    5.57956005859e-07  1650.0  7.03303390954  -1.23729782709  -1.65965584031
0.533333333333  -0.366666666667  -0.166666666667  0.540152885525  1.39489001953e-07  0.459846974986  0.7  -0.9  0.0803060500286    2.78978003906e-07  1660.0  6.99066623539  -1.23652460517  -1.65940525578
0.533333333333  -0.366666666667  -0.166666666667  0.540421959809  8.36934009766e-07  0.459577203257  0.7  -0.9  0.0808455934866    1.67386801953e-06  1670.0  6.94880595853  -1.23597699858  -1.6592340742
0.533333333333  -0.366666666667  -0.166666666667  0.54075715188   1.67386801855e-06  0.459241174252  0.7  -0.9  0.0815176514962    3.34773603711e-06  1680.0  6.9074440183   -1.23527736758  -1.65900337733
0.533333333333  -0.366666666667  -0.166666666667  0.541045475646  4.18467004883e-07  0.458954105887  0.7  -0.9  0.0820917882267    8.36934009766e-07  1690.0  6.86657156849  -1.23467057171  -1.65880073689
0.533333333333  -0.366666666667  -0.166666666667  0.541574836407  4.18467004883e-07  0.458424745126  0.7  -0.9  0.0831505097486    8.36934009766e-07  1700.0  6.82617997103  -1.23357599899  -1.65844726924
0.533333333333  -0.366666666667  -0.166666666667  0.541803319392  4.18467004883e-07  0.458196262141  0.7  -0.9  0.0836074757178    8.36934009766e-07  1710.0  6.78626078991  -1.23311269526  -1.65830384169
0.533333333333  -0.366666666667  -0.166666666667  0.542347744965  1.39489001563e-06  0.457650860145  0.7  -0.9  0.08469827971      2.78978003125e-06  1720.0  6.74680578532  -1.23198368658  -1.65793663824
0.533333333333  -0.366666666667  -0.166666666667  0.542497556153  1.1159120127e-06   0.457501327935  0.7  -0.9  0.0849973441294    2.23182402539e-06  1730.0  6.70780690795  -1.23166681787  -1.65782961679
0.533333333333  -0.366666666667  -0.166666666667  0.54287515288   1.67386801855e-06  0.457123173252  0.7  -0.9  0.0857536534959    3.34773603711e-06  1740.0  6.66925629353  -1.23088622222  -1.65757743337
0.533333333333  -0.366666666667  -0.166666666667  0.543302268203  8.36934009766e-07  0.456696894863  0.7  -0.9  0.0866062102735    1.67386801953e-06  1750.0  6.63114625757  -1.2300034682   -1.65729297558
0.533333333333  -0.366666666667  -0.166666666667  0.543745424761  1.67386801855e-06  0.456252901371  0.7  -0.9  0.0874941972575    3.34773603711e-06  1760.0  6.5934692902   -1.22906920985  -1.65697880164
0.533333333333  -0.366666666667  -0.166666666667  0.544079640409  6.97445007813e-07  0.455919662146  0.7  -0.9  0.088160675707     1.39489001563e-06  1770.0  6.55621805127  -1.2283791236   -1.65675700786
0.533333333333  -0.366666666667  -0.166666666667  0.544310494706  1.25540101367e-06  0.455688249893  0.7  -0.9  0.0886235002143    2.51080202734e-06  1780.0  6.51938536559  -1.22789601344  -1.65659687054
0.533333333333  -0.366666666667  -0.166666666667  0.544703295735  2.51080202832e-06  0.455294193463  0.7  -0.9  0.0894116130731    5.02160405664e-06  1790.0  6.4829642183   -1.22707581498  -1.65632609135
0.533333333333  -0.366666666667  -0.166666666667  0.544996501616  9.76423010742e-07  0.455002521961  0.7  -0.9  0.0899949560777    1.95284602148e-06  1800.0  6.44694775042  -1.22647720163  -1.65613857999
0.533333333333  -0.366666666667  -0.166666666667  0.545487502901  1.53437901758e-06  0.45451096272   0.7  -0.9  0.0909780745608    3.06875803516e-06  1810.0  6.41132925456  -1.22543839868  -1.65578695566
0.533333333333  -0.366666666667  -0.166666666667  0.54573216661   2.23182402539e-06  0.454265601566  0.7  -0.9  0.0914687968683    4.46364805078e-06  1820.0  6.37610217074  -1.22491805519  -1.65560886239
0.533333333333  -0.366666666667  -0.166666666667  0.546004867608  5.99802706738e-06  0.453989134365  0.7  -0.9  0.0920217312705    1.19960541348e-05  1830.0  6.34126008238  -1.22433570801  -1.65540679011
0.533333333333  -0.366666666667  -0.166666666667  0.54650479619   2.51080202832e-06  0.453492693008  0.7  -0.9  0.0930146139837    5.02160405664e-06  1840.0  6.30679671236  -1.22330124589  -1.6550736229
0.533333333333  -0.366666666667  -0.166666666667  0.546934701293  2.23182402539e-06  0.453063066883  0.7  -0.9  0.0938738662334    4.46364805078e-06  1850.0  6.27270591932  -1.22240137706  -1.65477573281
0.533333333333  -0.366666666667  -0.166666666667  0.547118547797  6.97445007813e-07  0.452880754758  0.7  -0.9  0.0942384904835    1.39489001563e-06  1860.0  6.23898169395  -1.22202217619  -1.6546545308
0.533333333333  -0.366666666667  -0.166666666667  0.547483730003  3.76620304199e-06  0.452512503794  0.7  -0.9  0.0949749924118    7.53240608398e-06  1870.0  6.20561815548  -1.22124731787  -1.65438970006
0.533333333333  -0.366666666667  -0.166666666667  0.547891037887  3.62671404102e-06  0.452105335399  0.7  -0.9  0.095789329203     7.25342808203e-06  1880.0  6.17260954827  -1.22041009628  -1.6541227653
0.533333333333  -0.366666666667  -0.166666666667  0.548332241599  2.78978003125e-06  0.451664968621  0.7  -0.9  0.0966700627589    5.5795600625e-06   1890.0  6.13995023849  -1.21946994941  -1.6538006384
0.533333333333  -0.366666666667  -0.166666666667  0.548657390462  3.90569204395e-06  0.451338703846  0.7  -0.9  0.0973225923082    7.81138408789e-06  1900.0  6.10763471092  -1.21877833516  -1.65356378619
0.533333333333  -0.366666666667  -0.166666666667  0.548829380401  2.37131302637e-06  0.451168248286  0.7  -0.9  0.0976635034281    4.74262605273e-06  1910.0  6.07565756584  -1.21840922944  -1.65343608015
0.533333333333  -0.366666666667  -0.166666666667  0.549232364127  5.02160405664e-06  0.450762614269  0.7  -0.9  0.0984747714612    1.00432081133e-05  1920.0  6.04401351602  -1.21756151974  -1.65315148754
0.533333333333  -0.366666666667  -0.166666666667  0.549372132106  4.88211505469e-06  0.450622985779  0.7  -0.9  0.0987540284424    9.76423010938e-06  1930.0  6.01269738381  -1.2172725417   -1.65305824047
0.533333333333  -0.366666666667  -0.166666666667  0.549851974272  5.16109305859e-06  0.450142864635  0.7  -0.9  0.0997142707292    1.03221861172e-05  1940.0  5.98170409833  -1.21626461915  -1.65272198536
0.533333333333  -0.366666666667  -0.166666666667  0.55009942776   3.62671404102e-06  0.449896945526  0.7  -0.9  0.100206108949     7.25342808203e-06  1950.0  5.95102869269  -1.21573987283  -1.65254428767
0.533333333333  -0.366666666667  -0.166666666667  0.550380079631  6.41649407227e-06  0.449613503874  0.7  -0.9  0.100772992251     1.28329881445e-05  1960.0  5.9206663014   -1.21514591542  -1.65234212697
0.533333333333  -0.366666666667  -0.166666666667  0.550795756856  6.41649407227e-06  0.44919782665   0.7  -0.9  0.1016043467       1.28329881445e-05  1970.0  5.89061215774  -1.21428060041  -1.65205876008
0.533333333333  -0.366666666667  -0.166666666667  0.551098726968  6.6954720752e-06   0.44889457756   0.7  -0.9  0.102210844879     1.33909441504e-05  1980.0  5.86086159129  -1.21361548164  -1.65181768787
0.533333333333  -0.366666666667  -0.166666666667  0.551433221593  8.22985109277e-06  0.448558548556  0.7  -0.9  0.102882902889     1.64597021855e-05  1990.0  5.8314100255   -1.21290567088  -1.65157555583
0.533333333333  -0.366666666667  -0.166666666667  0.551689881356  9.20627410352e-06  0.44830091237   0.7  -0.9  0.103398175261     1.8412548207e-05   2000.0  5.80225297537  -1.21236629481  -1.65139511286
0.533333333333  -0.366666666667  -0.166666666667  0.55200652139   9.34576310547e-06  0.447984132847  0.7  -0.9  0.104031734306     1.86915262109e-05  2010.0  5.77338604515  -1.21166941334  -1.65114147165
0.533333333333  -0.366666666667  -0.166666666667  0.552368634838  5.30058205957e-06  0.44762606458   0.7  -0.9  0.10474787084      1.06011641191e-05  2020.0  5.74480492611  -1.21092881425  -1.65090944946
0.533333333333  -0.366666666667  -0.166666666667  0.5527483239    7.11393908008e-06  0.447244562161  0.7  -0.9  0.105510875678     1.42278781602e-05  2030.0  5.71650539446  -1.21010977185  -1.6506212464
0.533333333333  -0.366666666667  -0.166666666667  0.553000520015  1.07406531211e-05  0.446988739332  0.7  -0.9  0.106022521336     2.14813062422e-05  2040.0  5.68848330919  -1.20955971567  -1.6504228141
0.533333333333  -0.366666666667  -0.166666666667  0.553374629517  9.48525210645e-06  0.446615885231  0.7  -0.9  0.106768229539     1.89705042129e-05  2050.0  5.66073461012  -1.20877285966  -1.65016021355
0.533333333333  -0.366666666667  -0.166666666667  0.553483570427  1.22750321387e-05  0.44650415454   0.7  -0.9  0.106991690919     2.45500642773e-05  2060.0  5.6332553159   -1.20851634774  -1.65005510299
0.533333333333  -0.366666666667  -0.166666666667  0.553889622911  1.60412351807e-05  0.446094335854  0.7  -0.9  0.107811328292     3.20824703613e-05  2070.0  5.6060415221   -1.20764032771  -1.64974604995
0.533333333333  -0.366666666667  -0.166666666667  0.554234997679  1.08801421221e-05  0.445754122179  0.7  -0.9  0.108491755642     2.17602842441e-05  2080.0  5.5790893994   -1.20693345317  -1.64952476453
0.533333333333  -0.366666666667  -0.166666666667  0.5547153978    1.71571471934e-05  0.445267445052  0.7  -0.9  0.109465109895     3.43142943867e-05  2090.0  5.55239519175  -1.20591076042  -1.64917212115
0.533333333333  -0.366666666667  -0.166666666667  0.554761289682  1.17170761318e-05  0.445226993242  0.7  -0.9  0.109546013516     2.34341522637e-05  2100.0  5.52595521464  -1.20581381662  -1.64914160201
0.533333333333  -0.366666666667  -0.166666666667  0.555178919753  1.18565651338e-05  0.444809223682  0.7  -0.9  0.110381552635     2.37131302676e-05  2110.0  5.49976585344  -1.20492472522  -1.64883713691
0.533333333333  -0.366666666667  -0.166666666667  0.555532942839  1.06011641191e-05  0.444456455997  0.7  -0.9  0.111087088005     2.12023282383e-05  2120.0  5.47382356168  -1.2041698543   -1.64857840047
0.533333333333  -0.366666666667  -0.166666666667  0.555906633874  1.06011641191e-05  0.444082764962  0.7  -0.9  0.111834470076     2.12023282383e-05  2130.0  5.44812485951  -1.20336307308  -1.6482947867
0.533333333333  -0.366666666667  -0.166666666667  0.556036358645  1.61807241826e-05  0.443947460631  0.7  -0.9  0.112105078739     3.23614483652e-05  2140.0  5.42266633213  -1.20304465562  -1.6481557521
0.533333333333  -0.366666666667  -0.166666666667  0.556271537102  1.54832791748e-05  0.443712979619  0.7  -0.9  0.112574040762     3.09665583496e-05  2150.0  5.39744462826  -1.2025632907   -1.648003916
0.533333333333  -0.366666666667  -0.166666666667  0.556696281112  1.96679492217e-05  0.443284050939  0.7  -0.9  0.113431898122     3.93358984434e-05  2160.0  5.37245645868  -1.20162304968  -1.64765664272
0.533333333333  -0.366666666667  -0.166666666667  0.556978327873  1.65991911865e-05  0.443005072936  0.7  -0.9  0.113989854128     3.3198382373e-05   2170.0  5.34769859482  -1.20104969351  -1.64747937952
0.533333333333  -0.366666666667  -0.166666666667  0.557215459175  2.32946632627e-05  0.442761246161  0.7  -0.9  0.114477507677     4.65893265254e-05  2180.0  5.32316786732  -1.20047007391  -1.64722906555
0.533333333333  -0.366666666667  -0.166666666667  0.557527077605  1.82730592061e-05  0.442454649336  0.7  -0.9  0.115090701328     3.65461184121e-05  2190.0  5.29886116473  -1.19983457317  -1.64703183926
0.533333333333  -0.366666666667  -0.166666666667  0.557806195097  2.217875125e-05    0.442171626152  0.7  -0.9  0.115656747697     4.43575025e-05     2200.0  5.27477543216  -1.19924576965  -1.64683223796
0.533333333333  -0.366666666667  -0.166666666667  0.558175282995  1.91099932148e-05  0.441805607011  0.7  -0.9  0.116388785977     3.82199864297e-05  2210.0  5.25090767002  -1.19844767627  -1.64655209513
0.533333333333  -0.366666666667  -0.166666666667  0.558333045056  1.98074382227e-05  0.441647147506  0.7  -0.9  0.116705704989     3.96148764453e-05  2220.0  5.22725493277  -1.1980782126   -1.64640321937
0.533333333333  -0.366666666667  -0.166666666667  0.558745932501  2.16207952432e-05  0.441232446704  0.7  -0.9  0.117535106592     4.32415904863e-05  2230.0  5.20381432769  -1.19720286134  -1.64610518519
0.533333333333  -0.366666666667  -0.166666666667  0.559234701962  2.62239322949e-05  0.440739074105  0.7  -0.9  0.118521851789     5.24478645898e-05  2240.0  5.18058301373  -1.19611887705  -1.64570363689
0.533333333333  -0.366666666667  -0.166666666667  0.559232888605  2.2039262248e-05   0.440745072133  0.7  -0.9  0.118509855735     4.40785244961e-05  2250.0  5.15755820033  -1.19616670387  -1.64575059888
0.533333333333  -0.366666666667  -0.166666666667  0.559581192642  2.84557563203e-05  0.440390351602  0.7  -0.9  0.119219296797     5.69115126406e-05  2260.0  5.13473714635  -1.19535932582  -1.64542827988
0.533333333333  -0.366666666667  -0.166666666667  0.559993801109  2.87347343232e-05  0.439977464157  0.7  -0.9  0.120045071686     5.74694686465e-05  2270.0  5.11211715892  -1.19446771027  -1.6451142046
0.533333333333  -0.366666666667  -0.166666666667  0.56027584787   2.87347343232e-05  0.439695417396  0.7  -0.9  0.120609165209     5.74694686465e-05  2280.0  5.08969559243  -1.19388954951  -1.6449309093
0.533333333333  -0.366666666667  -0.166666666667  0.560464855467  3.11060473506e-05  0.439504038486  0.7  -0.9  0.120991923029     6.22120947012e-05  2290.0  5.06746984749  -1.19343874346  -1.64474376536
0.533333333333  -0.366666666667  -0.166666666667  0.560667532986  3.05480913438e-05  0.439301918922  0.7  -0.9  0.121396162155     6.10961826875e-05  2300.0  5.04543736989  -1.1929972581   -1.64458625171
0.533333333333  -0.366666666667  -0.166666666667  0.561091161084  2.72003553066e-05  0.438881638561  0.7  -0.9  0.122236722879     5.44007106133e-05  2310.0  5.02359564968  -1.19213212009  -1.64431553214
0.533333333333  -0.366666666667  -0.166666666667  0.561364420038  2.92926903301e-05  0.438606287271  0.7  -0.9  0.122787425457     5.85853806602e-05  2320.0  5.00194222015  -1.19154879716  -1.6441139348
0.533333333333  -0.366666666667  -0.166666666667  0.561588299886  3.23614483643e-05  0.438379338666  0.7  -0.9  0.123241322668     6.47228967285e-05  2330.0  4.98047465697  -1.19100165791  -1.64387899984
0.533333333333  -0.366666666667  -0.166666666667  0.561828220968  4.0591299457e-05   0.438131187732  0.7  -0.9  0.123737624536     8.11825989141e-05  2340.0  4.95919057724  -1.1904487386   -1.64365867811
0.533333333333  -0.366666666667  -0.166666666667  0.562022389659  4.00333434512e-05  0.437937576998  0.7  -0.9  0.124124846004     8.00666869023e-05  2350.0  4.93808763862  -1.19001292694  -1.64349492579
0.533333333333  -0.366666666667  -0.166666666667  0.562428442142  3.54302063994e-05  0.437536127651  0.7  -0.9  0.124927744697     7.08604127988e-05  2360.0  4.91716353845  -1.18918261954  -1.64323493312
0.533333333333  -0.366666666667  -0.166666666667  0.562859602646  4.03123214541e-05  0.437100085032  0.7  -0.9  0.125799829935     8.06246429082e-05  2370.0  4.89641601298  -1.1881963773   -1.64285036274
0.533333333333  -0.366666666667  -0.166666666667  0.562959476771  4.53339255107e-05  0.436995189303  0.7  -0.9  0.126009621393     9.06678510215e-05  2380.0  4.87584283645  -1.18797151894  -1.64276331951
0.533333333333  -0.366666666667  -0.166666666667  0.563170802609  4.49154585059e-05  0.436784281933  0.7  -0.9  0.126431436134     8.98309170117e-05  2390.0  4.8554418204   -1.18748380693  -1.64257163107
0.533333333333  -0.366666666667  -0.166666666667  0.563387429028  4.91001285527e-05  0.436563470843  0.7  -0.9  0.126873058313     9.82002571055e-05  2400.0  4.83521081281  -1.18700610807  -1.64239553532
