#mu0            mu1             mu2              x0              x1                 x2              mua  mub   xa              xb                 T       b              u                phi
0.566666666667  0.066666666667  -0.633333333333  0.655981902139  0.0                0.344018097861  1.2  -0.5  0.311963804278  0.0                30.0    386.816865025  -1.0034763722    -1.31116627067
0.566666666667  0.066666666667  -0.633333333333  0.656959162084  0.0                0.343040837916  1.2  -0.5  0.313918324168  0.0                40.0    290.112648769  -1.00252546445   -1.31256078678
0.566666666667  0.066666666667  -0.633333333333  0.657584909745  0.0                0.342415090255  1.2  -0.5  0.31516981949   0.0                50.0    232.090119015  -1.00132088173   -1.31285799845
0.566666666667  0.066666666667  -0.633333333333  0.657353497491  0.0                0.342646502509  1.2  -0.5  0.314706994983  0.0                60.0    193.408432513  -1.00250419336   -1.31348592067
0.566666666667  0.066666666667  -0.633333333333  0.664528253776  0.0                0.335471746224  1.2  -0.5  0.329056507552  0.0                70.0    165.778656439  -0.989491548863  -1.31769269126
0.566666666667  0.066666666667  -0.633333333333  0.667220809974  0.0                0.332779190026  1.2  -0.5  0.334441619947  0.0                80.0    145.056324384  -0.98457748944   -1.31924076671
0.566666666667  0.066666666667  -0.633333333333  0.66740298261   0.0                0.33259701739   1.2  -0.5  0.334805965219  0.0                90.0    128.938955008  -0.984406428861  -1.31950692046
0.566666666667  0.066666666667  -0.633333333333  0.66743785486   0.0                0.33256214514   1.2  -0.5  0.33487570972   0.0                100.0   116.045059507  -0.984321404726  -1.31950558972
0.566666666667  0.066666666667  -0.633333333333  0.667435623036  0.0                0.332564376964  1.2  -0.5  0.334871246072  0.0                110.0   105.495508643  -0.984325988907  -1.31950481753
0.566666666667  0.066666666667  -0.633333333333  0.667525732931  0.0                0.332474267069  1.2  -0.5  0.335051465862  0.0                120.0   96.7042162563  -0.98410400912   -1.31949910149
0.566666666667  0.066666666667  -0.633333333333  0.667161108681  0.0                0.332838891319  1.2  -0.5  0.334322217362  0.0                130.0   89.2654303904  -0.984963152596  -1.31948314676
0.566666666667  0.066666666667  -0.633333333333  0.667372992474  0.0                0.332627007526  1.2  -0.5  0.334745984949  0.0                140.0   82.8893282196  -0.984967955864  -1.31999647114
0.566666666667  0.066666666667  -0.633333333333  0.667382617215  0.0                0.332617382785  1.2  -0.5  0.334765234431  0.0                150.0   77.363373005   -0.984943494626  -1.31999510928
0.566666666667  0.066666666667  -0.633333333333  0.667403540566  0.0                0.332596459434  1.2  -0.5  0.334807081131  0.0                160.0   72.5281621922  -0.98489125632   -1.31999308701
0.566666666667  0.066666666667  -0.633333333333  0.667419442312  0.0                0.332580557688  1.2  -0.5  0.334838884624  0.0                170.0   68.2617997103  -0.984849862007  -1.31998985689
0.566666666667  0.066666666667  -0.633333333333  0.667442736975  0.0                0.332557263025  1.2  -0.5  0.33488547395   0.0                180.0   64.4694775042  -0.984785316343  -1.31998121842
0.566666666667  0.066666666667  -0.633333333333  0.667455569963  0.0                0.332544430037  1.2  -0.5  0.334911139926  0.0                190.0   61.0763471092  -0.984753861132  -1.31998056238
0.566666666667  0.066666666667  -0.633333333333  0.667473006088  0.0                0.332526993912  1.2  -0.5  0.334946012177  0.0                200.0   58.0225297537  -0.984704629255  -1.3199731772
0.566666666667  0.066666666667  -0.633333333333  0.667484165209  0.0                0.332515834791  1.2  -0.5  0.334968330417  0.0                210.0   55.2595521464  -0.984666902075  -1.31996223191
0.566666666667  0.066666666667  -0.633333333333  0.667494487395  0.0                0.332505512605  1.2  -0.5  0.334988974789  0.0                220.0   52.7477543216  -0.984635369968  -1.31995547305
0.566666666667  0.066666666667  -0.633333333333  0.667493231994  0.0                0.332506768006  1.2  -0.5  0.334986463987  0.0                230.0   50.4543736989  -0.984630331571  -1.31994742169
0.566666666667  0.066666666667  -0.633333333333  0.667545261391  0.0                0.332454738609  1.2  -0.5  0.335090522782  0.0                240.0   48.3521081281  -0.984476762365  -1.31991872304
0.566666666667  0.066666666667  -0.633333333333  0.667528801689  0.0                0.332471198311  1.2  -0.5  0.335057603378  0.0                250.0   46.418023803   -0.98451048126   -1.31991293865
0.566666666667  0.066666666667  -0.633333333333  0.667523640596  0.0                0.332476359404  1.2  -0.5  0.335047281192  0.0                260.0   44.6327151952  -0.984488770925  -1.31987884169
0.566666666667  0.066666666667  -0.633333333333  0.667537171029  0.0                0.332462828971  1.2  -0.5  0.335074342058  0.0                270.0   42.9796516694  -0.984447183243  -1.31986972705
0.566666666667  0.066666666667  -0.633333333333  0.667526988332  0.0                0.332473011668  1.2  -0.5  0.335053976664  0.0                280.0   41.4446641098  -0.984451104899  -1.31984921023
0.566666666667  0.066666666667  -0.633333333333  0.667533962782  0.0                0.332466037218  1.2  -0.5  0.335067925564  0.0                290.0   40.0155377612  -0.984384910682  -1.31979975469
0.566666666667  0.066666666667  -0.633333333333  0.667563255472  0.0                0.332436744528  1.2  -0.5  0.335126510945  0.0                300.0   38.6816865025  -0.984240191451  -1.31972533792
0.566666666667  0.066666666667  -0.633333333333  0.667494068928  0.0                0.332505931072  1.2  -0.5  0.334988137855  0.0                310.0   37.4338901637  -0.984366332521  -1.31968543128
0.566666666667  0.066666666667  -0.633333333333  0.667463939303  0.0                0.332536060697  1.2  -0.5  0.334927878607  0.0                320.0   36.2640810961  -0.984421577484  -1.31966836515
0.566666666667  0.066666666667  -0.633333333333  0.667655318213  0.0                0.332344681787  1.2  -0.5  0.335310636427  0.0                330.0   35.1651695477  -0.983826825021  -1.31953292207
0.566666666667  0.066666666667  -0.633333333333  0.667453617117  0.0                0.332546382883  1.2  -0.5  0.334907234234  0.0                340.0   34.1308998551  -0.984284672332  -1.31950668675
0.566666666667  0.066666666667  -0.633333333333  0.6673079906    0.0                0.3326920094    1.2  -0.5  0.334615981199  0.0                350.0   33.1557312879  -0.984530899247  -1.31940341002
0.566666666667  0.066666666667  -0.633333333333  0.668233779103  0.0                0.331766220897  1.2  -0.5  0.336467558206  0.0                360.0   32.2347387521  -0.981847401194  -1.31894180437
0.566666666667  0.066666666667  -0.633333333333  0.667493650461  0.0                0.332506349539  1.2  -0.5  0.334987300921  0.0                370.0   31.3635295966  -0.983666914924  -1.31898500936
0.566666666667  0.066666666667  -0.633333333333  0.668785737082  0.0                0.331214262918  1.2  -0.5  0.337571474164  0.0                380.0   30.5381735546  -0.980213711546  -1.31863281388
0.566666666667  0.066666666667  -0.633333333333  0.671385672582  0.0                0.328614327418  1.2  -0.5  0.342771345165  0.0                390.0   29.7551434635  -0.973659033496  -1.31831798103
0.566666666667  0.066666666667  -0.633333333333  0.671828410673  0.0                0.328171589327  1.2  -0.5  0.343656821347  0.0                400.0   29.0112648769  -0.972414043797  -1.31813556275
0.566666666667  0.066666666667  -0.633333333333  0.671245904603  0.0                0.328754095397  1.2  -0.5  0.342491809206  0.0                410.0   28.3036730506  -0.973749269001  -1.31807277338
0.566666666667  0.066666666667  -0.633333333333  0.671589605503  0.0                0.328410394497  1.2  -0.5  0.343179211006  0.0                420.0   27.6297760732  -0.972706523001  -1.31785490954
0.566666666667  0.066666666667  -0.633333333333  0.671389020319  0.0                0.328610979681  1.2  -0.5  0.342778040637  0.0                430.0   26.9872231413  -0.973014184195  -1.31768116629
0.566666666667  0.066666666667  -0.633333333333  0.671154260329  0.0                0.328845739671  1.2  -0.5  0.342308520658  0.0                440.0   26.3738771608  -0.973464269657  -1.31756782778
0.566666666667  0.066666666667  -0.633333333333  0.671160258356  0.0                0.328839741644  1.2  -0.5  0.342320516712  0.0                450.0   25.7877910017  -0.97325946916   -1.31737742255
0.566666666667  0.066666666667  -0.633333333333  0.670874445392  0.0                0.329125554608  1.2  -0.5  0.341748890783  0.0                460.0   25.2271868495  -0.973797039825  -1.3172290421
0.566666666667  0.066666666667  -0.633333333333  0.6707335615    0.0                0.3292664385    1.2  -0.5  0.341467123     0.0                470.0   24.6904381931  -0.97395908423   -1.31705296516
0.566666666667  0.066666666667  -0.633333333333  0.670653634302  0.0                0.329346365698  1.2  -0.5  0.341307268604  0.0                480.0   24.1760540641  -0.974034383209  -1.31693643887
0.566666666667  0.066666666667  -0.633333333333  0.670332530621  0.0                0.329667469379  1.2  -0.5  0.340665061241  0.0                490.0   23.6826652056  -0.974546862869  -1.31667826969
0.566666666667  0.066666666667  -0.633333333333  0.669993990814  0.0                0.330006009186  1.2  -0.5  0.339987981628  0.0                500.0   23.2090119015  -0.975211180241  -1.31653009153
0.566666666667  0.066666666667  -0.633333333333  0.669867753267  0.0                0.330132246733  1.2  -0.5  0.339735506535  0.0                510.0   22.7539332368  -0.975331295775  -1.31634723695
0.566666666667  0.066666666667  -0.633333333333  0.669606769345  0.0                0.330393230655  1.2  -0.5  0.339213538691  0.0                520.0   22.3163575976  -0.975776422848  -1.31616600261
0.566666666667  0.066666666667  -0.633333333333  0.669419714594  0.0                0.330580285406  1.2  -0.5  0.338839429189  0.0                530.0   21.8952942467  -0.976114269807  -1.31605491817
0.566666666667  0.066666666667  -0.633333333333  0.669116604994  0.0                0.330883395006  1.2  -0.5  0.338233209988  0.0                540.0   21.4898258347  -0.976557233154  -1.31577041847
0.566666666667  0.066666666667  -0.633333333333  0.668781412923  0.0                0.331218587077  1.2  -0.5  0.337562825846  0.0                550.0   21.0991017286  -0.977101188129  -1.31550991248
0.566666666667  0.066666666667  -0.633333333333  0.668500063607  0.0                0.331499936393  1.2  -0.5  0.337000127214  0.0                560.0   20.7223320549  -0.977563239154  -1.31529672514
0.566666666667  0.066666666667  -0.633333333333  0.668269767265  0.0                0.331730232735  1.2  -0.5  0.336539534531  0.0                570.0   20.3587823697  -0.977876454156  -1.31505722893
0.566666666667  0.066666666667  -0.633333333333  0.667928856146  0.0                0.332071143854  1.2  -0.5  0.335857712291  0.0                580.0   20.0077688806  -0.978392945461  -1.31475553354
0.566666666667  0.066666666667  -0.633333333333  0.667928716657  0.0                0.332071283343  1.2  -0.5  0.335857433313  0.0                590.0   19.6686541538  -0.978251452149  -1.31461370546
0.566666666667  0.066666666667  -0.633333333333  0.667455151496  0.0                0.332544848504  1.2  -0.5  0.334910302992  0.0                600.0   19.3408432512  -0.97907291691   -1.31429861383
0.566666666667  0.066666666667  -0.633333333333  0.667222065375  0.0                0.332777934625  1.2  -0.5  0.334444130749  0.0                610.0   19.0237802471  -0.979368644271  -1.3140349345
0.566666666667  0.066666666667  -0.633333333333  0.666988979253  0.0                0.333011020747  1.2  -0.5  0.333977958506  0.0                620.0   18.7169450819  -0.979721716901  -1.31382860044
0.566666666667  0.066666666667  -0.633333333333  0.666699539575  0.0                0.333300460425  1.2  -0.5  0.333399079149  0.0                630.0   18.4198507155  -0.9801595975    -1.31357182581
0.566666666667  0.066666666667  -0.633333333333  0.666217465585  0.0                0.333782534415  1.2  -0.5  0.332434931171  0.0                640.0   18.132040548   -0.980787070559  -1.3130423213
0.566666666667  0.066666666667  -0.633333333333  0.665837358056  0.0                0.334162641944  1.2  -0.5  0.331674716112  0.0                650.0   17.8530860781  -0.981392948104  -1.31273594077
0.566666666667  0.066666666667  -0.633333333333  0.665531179698  0.0                0.334468820302  1.2  -0.5  0.331062359395  0.0                660.0   17.5825847739  -0.981838567843  -1.31244673245
0.566666666667  0.066666666667  -0.633333333333  0.664992473173  0.0                0.335007526827  1.2  -0.5  0.329984946347  0.0                670.0   17.3201581354  -0.982557086719  -1.31187235567
0.566666666667  0.066666666667  -0.633333333333  0.664543318588  0.0                0.335456681412  1.2  -0.5  0.329086637177  0.0                680.0   17.0654499276  -0.983163239363  -1.31140053731
0.566666666667  0.066666666667  -0.633333333333  0.663874189848  0.0                0.336125810152  1.2  -0.5  0.327748379696  0.0                690.0   16.8181245663  -0.984147701385  -1.31077909035
0.566666666667  0.066666666667  -0.633333333333  0.663836946284  0.0                0.336163053716  1.2  -0.5  0.327673892569  0.0                700.0   16.5778656439  -0.984067946277  -1.31060995069
0.566666666667  0.066666666667  -0.633333333333  0.662962210756  0.0                0.337037789244  1.2  -0.5  0.325924421511  0.0                710.0   16.3443745785  -0.98538823524   -1.30983087439
0.566666666667  0.066666666667  -0.633333333333  0.662655474441  0.0                0.337344525559  1.2  -0.5  0.325310948882  0.0                720.0   16.117369376   -0.9856103089    -1.30931678089
0.566666666667  0.066666666667  -0.633333333333  0.662360036736  0.0                0.337639963264  1.2  -0.5  0.324720073472  0.0                730.0   15.8965834942  -0.985851194281  -1.30884861578
0.566666666667  0.066666666667  -0.633333333333  0.661990948838  0.0                0.338009051162  1.2  -0.5  0.323981897675  0.0                740.0   15.6817647983  -0.986273706027  -1.30838531657
0.566666666667  0.066666666667  -0.633333333333  0.661214413566  0.0                0.338785586434  1.2  -0.5  0.322428827132  0.0                750.0   15.472674601   -0.987241912274  -1.30748983817
0.566666666667  0.066666666667  -0.633333333333  0.660581830944  0.0                0.339418169056  1.2  -0.5  0.321163661888  0.0                760.0   15.2690867773  -0.987971123737  -1.30670085134
0.566666666667  0.066666666667  -0.633333333333  0.660451408727  0.0                0.339548591273  1.2  -0.5  0.320902817455  0.0                770.0   15.070786949   -0.988037081267  -1.30645379555
0.566666666667  0.066666666667  -0.633333333333  0.660103941624  0.0                0.339896058376  1.2  -0.5  0.320207883249  0.0                780.0   14.8775717317  -0.988236799368  -1.3058195926
0.566666666667  0.066666666667  -0.633333333333  0.660144811902  0.0                0.339855188098  1.2  -0.5  0.320289623804  0.0                790.0   14.6892480389  -0.988171865802  -1.3058527477
0.566666666667  0.066666666667  -0.633333333333  0.659699284031  0.0                0.340300715969  1.2  -0.5  0.319398568062  0.0                800.0   14.5056324384  -0.988453465672  -1.30506508068
0.566666666667  0.066666666667  -0.633333333333  0.659434952373  0.0                0.340565047627  1.2  -0.5  0.318869904746  0.0                810.0   14.3265505565  -0.988680989919  -1.30465820895
0.566666666667  0.066666666667  -0.633333333333  0.65913923569   0.0                0.34086076431   1.2  -0.5  0.318278471379  0.0                820.0   14.1518365253  -0.989049494213  -1.3043169932
0.566666666667  0.066666666667  -0.633333333333  0.658891642712  0.0                0.341108357288  1.2  -0.5  0.317783285424  0.0                830.0   13.9813324708  -0.989282814781  -1.30395609062
0.566666666667  0.066666666667  -0.633333333333  0.658690918038  0.0                0.341309081962  1.2  -0.5  0.317381836077  0.0                840.0   13.8148880366  -0.989333579619  -1.30352511625
0.566666666667  0.066666666667  -0.633333333333  0.658574305233  0.0                0.341425694767  1.2  -0.5  0.317148610466  0.0                850.0   13.6523599421  -0.989164158863  -1.30307582476
0.566666666667  0.066666666667  -0.633333333333  0.658463550966  0.0                0.341536449034  1.2  -0.5  0.316927101932  0.0                860.0   13.4936115706  -0.989147324733  -1.30279318038
0.566666666667  0.066666666667  -0.633333333333  0.658561751223  0.0                0.341438248777  1.2  -0.5  0.317123502446  0.0                870.0   13.3385125871  -0.988655825679  -1.30253736195
0.566666666667  0.066666666667  -0.633333333333  0.658231162289  0.0                0.341768837711  1.2  -0.5  0.316462324579  0.0                880.0   13.1869385804  -0.989026471687  -1.30211459452
0.566666666667  0.066666666667  -0.633333333333  0.658276077748  0.0                0.341723922252  1.2  -0.5  0.316552155496  0.0                890.0   13.0387707312  -0.988838161205  -1.30203408113
0.566666666667  0.066666666667  -0.633333333333  0.658015651782  0.0                0.341984348218  1.2  -0.5  0.316031303564  0.0                900.0   12.8938955008  -0.988982827006  -1.30155372462
0.566666666667  0.066666666667  -0.633333333333  0.657941164655  0.0                0.342058835345  1.2  -0.5  0.31588232931   0.0                910.0   12.7522043415  -0.988927880591  -1.3013200091
0.566666666667  0.066666666667  -0.633333333333  0.657767361359  0.0                0.342232638641  1.2  -0.5  0.315534722718  0.0                920.0   12.6135934247  -0.989093067979  -1.30106806857
0.566666666667  0.066666666667  -0.633333333333  0.657689108029  0.0                0.342310891971  1.2  -0.5  0.315378216058  0.0                930.0   12.4779633879  -0.988996267679  -1.30078346028
0.566666666667  0.066666666667  -0.633333333333  0.657774614787  0.0                0.342225385213  1.2  -0.5  0.315549229574  0.0                940.0   12.3452190965  -0.988537807623  -1.30053021645
0.566666666667  0.066666666667  -0.633333333333  0.65771561094   0.0                0.34228438906   1.2  -0.5  0.315431221879  0.0                950.0   12.2152694218  -0.988432918006  -1.30028371759
0.566666666667  0.066666666667  -0.633333333333  0.657480014016  4.18467004883e-07  0.342519567517  1.2  -0.5  0.314960864966  8.36934009766e-07  960.0   12.088027032   -0.988660208815  -1.29994616164
0.566666666667  0.066666666667  -0.633333333333  0.657596905799  0.0                0.342403094201  1.2  -0.5  0.315193811598  0.0                970.0   11.9634081967  -0.988291615403  -1.29985752266
0.566666666667  0.066666666667  -0.633333333333  0.657605972584  0.0                0.342394027416  1.2  -0.5  0.315211945169  0.0                980.0   11.8413326028  -0.988019650573  -1.29960731811
0.566666666667  0.066666666667  -0.633333333333  0.657399668351  0.0                0.342600331649  1.2  -0.5  0.314799336702  0.0                990.0   11.7217231826  -0.988170010702  -1.29926254808
0.566666666667  0.066666666667  -0.633333333333  0.657502192767  0.0                0.342497807233  1.2  -0.5  0.315004385534  0.0                1000.0  11.6045059507  -0.987771952118  -1.29911054809
0.566666666667  0.066666666667  -0.633333333333  0.657317090862  0.0                0.342682909138  1.2  -0.5  0.314634181724  0.0                1010.0  11.4896098522  -0.987895478971  -1.29878983037
0.566666666667  0.066666666667  -0.633333333333  0.657410548493  0.0                0.342589451507  1.2  -0.5  0.314821096986  0.0                1020.0  11.3769666184  -0.987454150772  -1.29857280049
0.566666666667  0.066666666667  -0.633333333333  0.657258087014  0.0                0.342741912986  1.2  -0.5  0.314516174029  0.0                1030.0  11.2665106318  -0.987579102214  -1.29833184438
0.566666666667  0.066666666667  -0.633333333333  0.657308163566  0.0                0.342691836434  1.2  -0.5  0.314616327132  0.0                1040.0  11.1581787988  -0.987224727747  -1.29809765364
0.566666666667  0.066666666667  -0.633333333333  0.657284589925  0.0                0.342715410075  1.2  -0.5  0.314569179849  0.0                1050.0  11.0519104293  -0.987078743813  -1.29789509297
0.566666666667  0.066666666667  -0.633333333333  0.657240650889  0.0                0.342759349111  1.2  -0.5  0.314481301778  0.0                1060.0  10.9476471233  -0.986913079082  -1.29762397455
0.566666666667  0.066666666667  -0.633333333333  0.657187645069  0.0                0.342812354931  1.2  -0.5  0.314375290137  0.0                1070.0  10.8453326643  -0.986756019755  -1.29733970125
0.566666666667  0.066666666667  -0.633333333333  0.657000311339  0.0                0.342999688661  1.2  -0.5  0.314000622679  0.0                1080.0  10.7449129174  -0.987158382155  -1.2972924627
0.566666666667  0.066666666667  -0.633333333333  0.657067126571  0.0                0.342932873429  1.2  -0.5  0.314134253142  0.0                1090.0  10.6463357346  -0.98666279919   -1.29695723629
0.566666666667  0.066666666667  -0.633333333333  0.657192945651  0.0                0.342807054349  1.2  -0.5  0.314385891301  0.0                1100.0  10.5495508643  -0.98624785788   -1.29684426078
0.566666666667  0.066666666667  -0.633333333333  0.657032951766  2.7897800293e-07   0.342966769256  1.2  -0.5  0.314066461488  5.57956005859e-07  1110.0  10.4545098655  -0.98632825477   -1.29654106291
0.566666666667  0.066666666667  -0.633333333333  0.657122085238  0.0                0.342877914762  1.2  -0.5  0.314244170476  0.0                1120.0  10.3611660275  -0.985950162959  -1.29637650086
0.566666666667  0.066666666667  -0.633333333333  0.657084841674  1.39489001953e-07  0.342915018837  1.2  -0.5  0.314169962327  2.78978003906e-07  1130.0  10.2694742927  -0.985857032201  -1.29619418084
0.566666666667  0.066666666667  -0.633333333333  0.657088747366  2.7897800293e-07   0.342910973656  1.2  -0.5  0.314178052689  5.57956005859e-07  1140.0  10.1793911849  -0.985580640083  -1.29592735767
0.566666666667  0.066666666667  -0.633333333333  0.657191969228  2.7897800293e-07   0.342807751794  1.2  -0.5  0.314384496411  5.57956005859e-07  1150.0  10.0908747398  -0.985257484762  -1.29585193481
0.566666666667  0.066666666667  -0.633333333333  0.657115668744  0.0                0.342884331256  1.2  -0.5  0.314231337488  0.0                1160.0  10.0038844403  -0.985078670858  -1.29548960918
0.566666666667  0.066666666667  -0.633333333333  0.657118737502  1.39489001953e-07  0.342881123009  1.2  -0.5  0.314237753982  2.78978003906e-07  1170.0  9.91838115449  -0.984912225345  -1.29533072397
0.566666666667  0.066666666667  -0.633333333333  0.657071311241  1.39489001953e-07  0.34292854927   1.2  -0.5  0.314142901461  2.78978003906e-07  1180.0  9.83432707691  -0.984808116642  -1.29511279224
0.566666666667  0.066666666667  -0.633333333333  0.657148588148  2.7897800293e-07   0.342851132874  1.2  -0.5  0.314297734252  5.57956005859e-07  1190.0  9.7516856729   -0.984479378644  -1.2949697141
0.566666666667  0.066666666667  -0.633333333333  0.657065592192  2.7897800293e-07   0.34293412883   1.2  -0.5  0.31413174234   5.57956005859e-07  1200.0  9.67042162562  -0.984409489426  -1.29470063459
0.566666666667  0.066666666667  -0.633333333333  0.657130594067  1.39489001563e-06  0.342868011043  1.2  -0.5  0.314263977914  2.78978003125e-06  1210.0  9.59050078574  -0.98415870793   -1.29460741987
0.566666666667  0.066666666667  -0.633333333333  0.657178438794  5.57956005859e-07  0.34282100325   1.2  -0.5  0.314357993501  1.11591201172e-06  1220.0  9.51189012357  -0.983782321502  -1.29434468908
0.566666666667  0.066666666667  -0.633333333333  0.657172859234  0.0                0.342827140766  1.2  -0.5  0.314345718469  0.0                1230.0  9.43455768354  -0.983739534961  -1.29428773046
0.566666666667  0.066666666667  -0.633333333333  0.657137010561  0.0                0.342862989439  1.2  -0.5  0.314274021122  0.0                1240.0  9.35847254093  -0.983521973656  -1.29398413234
0.566666666667  0.066666666667  -0.633333333333  0.657310116412  6.97445007813e-07  0.342689186143  1.2  -0.5  0.314621627714  1.39489001563e-06  1250.0  9.2836047606   -0.982946654585  -1.29382524373
0.566666666667  0.066666666667  -0.633333333333  0.657242045779  1.39489001563e-06  0.342756559331  1.2  -0.5  0.314486881338  2.78978003125e-06  1260.0  9.20992535774  -0.982893739451  -1.2936099355
0.566666666667  0.066666666667  -0.633333333333  0.657385998429  1.39489001563e-06  0.342612606681  1.2  -0.5  0.314774786638  2.78978003125e-06  1270.0  9.13740626043  -0.982424564318  -1.29348624673
0.566666666667  0.066666666667  -0.633333333333  0.657344291217  9.76423010742e-07  0.34265473236   1.2  -0.5  0.314690535281  1.95284602148e-06  1280.0  9.06602027402  -0.982350324883  -1.29331132413
0.566666666667  0.066666666667  -0.633333333333  0.65751711809   1.39489001563e-06  0.34248148702   1.2  -0.5  0.315037025961  2.78978003125e-06  1290.0  8.99574104709  -0.98166031879   -1.29303668839
0.566666666667  0.066666666667  -0.633333333333  0.657332574141  2.7897800293e-07   0.342667146881  1.2  -0.5  0.314665706238  5.57956005859e-07  1300.0  8.92654303904  -0.981994169562  -1.2929260714
0.566666666667  0.066666666667  -0.633333333333  0.657477921681  1.25540101367e-06  0.342520822918  1.2  -0.5  0.314958354164  2.51080202734e-06  1310.0  8.85840148912  -0.981468378924  -1.29275048185
0.566666666667  0.066666666667  -0.633333333333  0.657521023782  1.39489001563e-06  0.342477581328  1.2  -0.5  0.315044837345  2.78978003125e-06  1320.0  8.79129238693  -0.981225372434  -1.29261111569
0.566666666667  0.066666666667  -0.633333333333  0.657515304733  1.67386801855e-06  0.342483021399  1.2  -0.5  0.315033957203  3.34773603711e-06  1330.0  8.72519244417  -0.98107370639   -1.2924461145
0.566666666667  0.066666666667  -0.633333333333  0.657647679796  1.1159120127e-06   0.342351204292  1.2  -0.5  0.315297591416  2.23182402539e-06  1340.0  8.66007906772  -0.98061672007   -1.29230604719
0.566666666667  0.066666666667  -0.633333333333  0.657625222066  5.57956005859e-07  0.342374219978  1.2  -0.5  0.315251560045  1.11591201172e-06  1350.0  8.59593033389  -0.980487297488  -1.29212194492
0.566666666667  0.066666666667  -0.633333333333  0.657751599102  9.76423010742e-07  0.342247424475  1.2  -0.5  0.31550515105   1.95284602148e-06  1360.0  8.53272496379  -0.980055422763  -1.29199396093
0.566666666667  0.066666666667  -0.633333333333  0.657666510811  1.81335702051e-06  0.342331675832  1.2  -0.5  0.315336648336  3.62671404102e-06  1370.0  8.47044229982  -0.980008666304  -1.29174416428
0.566666666667  0.066666666667  -0.633333333333  0.657653677823  2.09233502344e-06  0.342344229842  1.2  -0.5  0.315311540316  4.18467004688e-06  1380.0  8.40906228315  -0.979784189338  -1.29148927872
0.566666666667  0.066666666667  -0.633333333333  0.657741555894  2.51080202832e-06  0.342255933304  1.2  -0.5  0.315488133392  5.02160405664e-06  1390.0  8.34856543219  -0.979485538296  -1.2914021209
0.566666666667  0.066666666667  -0.633333333333  0.657765269024  2.09233502344e-06  0.342232638641  1.2  -0.5  0.315534722718  4.18467004688e-06  1400.0  8.28893282196  -0.979256473329  -1.29122938159
0.566666666667  0.066666666667  -0.633333333333  0.657867653951  3.62671404102e-06  0.342128719335  1.2  -0.5  0.315742561331  7.25342808203e-06  1410.0  8.23014606436  -0.978882920025  -1.29110370024
0.566666666667  0.066666666667  -0.633333333333  0.657984127268  2.9292690332e-06   0.342012943463  1.2  -0.5  0.315974113073  5.85853806641e-06  1420.0  8.17218728926  -0.97839424312   -1.29089358287
0.566666666667  0.066666666667  -0.633333333333  0.657912150943  2.23182402539e-06  0.342085617233  1.2  -0.5  0.315828765533  4.46364805078e-06  1430.0  8.1150391264   -0.978454346994  -1.29077996714
0.566666666667  0.066666666667  -0.633333333333  0.657959577203  3.06875803418e-06  0.342037354039  1.2  -0.5  0.315925291923  6.13751606836e-06  1440.0  8.05868468802  -0.978146378329  -1.29058699321
0.566666666667  0.066666666667  -0.633333333333  0.657989567339  3.48722503906e-06  0.342006945436  1.2  -0.5  0.315986109127  6.97445007813e-06  1450.0  8.00310755224  -0.978021826227  -1.29053500329
0.566666666667  0.066666666667  -0.633333333333  0.658155698739  5.02160405664e-06  0.341839279656  1.2  -0.5  0.316321440687  1.00432081133e-05  1460.0  7.94829174709  -0.977308628908  -1.29022266946
0.566666666667  0.066666666667  -0.633333333333  0.658282075775  2.09233502344e-06  0.34171583189   1.2  -0.5  0.31656833622   4.18467004688e-06  1470.0  7.8942217352   -0.976870334209  -1.29008357867
0.566666666667  0.066666666667  -0.633333333333  0.658208565071  4.18467004688e-06  0.341787250259  1.2  -0.5  0.316425499482  8.36934009375e-06  1480.0  7.84088239916  -0.976913348765  -1.28995309681
0.566666666667  0.066666666667  -0.633333333333  0.658357818303  4.0451810459e-06   0.341638136516  1.2  -0.5  0.316723726968  8.0903620918e-06   1490.0  7.78825902735  -0.976490028877  -1.28988778939
0.566666666667  0.066666666667  -0.633333333333  0.658561751223  4.88211505469e-06  0.341433366662  1.2  -0.5  0.317133266676  9.76423010938e-06  1500.0  7.7363373005   -0.97567502451   -1.28956339574
0.566666666667  0.066666666667  -0.633333333333  0.658415148282  5.85853806641e-06  0.34157899318   1.2  -0.5  0.316842013641  1.17170761328e-05  1510.0  7.68510327864  -0.975975334707  -1.28951322587
0.566666666667  0.066666666667  -0.633333333333  0.658470385927  7.11393908008e-06  0.341522500134  1.2  -0.5  0.316954999732  1.42278781602e-05  1520.0  7.63454338865  -0.975627581525  -1.2892998006
0.566666666667  0.066666666667  -0.633333333333  0.658545152032  8.22985109277e-06  0.341446618117  1.2  -0.5  0.317106763766  1.64597021855e-05  1530.0  7.58464441225  -0.975309135579  -1.28916235558
0.566666666667  0.066666666667  -0.633333333333  0.658663996661  6.83496107715e-06  0.341329168378  1.2  -0.5  0.317341663245  1.36699221543e-05  1540.0  7.53539347451  -0.974880515524  -1.28901700979
0.566666666667  0.066666666667  -0.633333333333  0.658926235984  5.02160405664e-06  0.341068742412  1.2  -0.5  0.317862515176  1.00432081133e-05  1550.0  7.48677803274  -0.974123270882  -1.28888660082
0.566666666667  0.066666666667  -0.633333333333  0.658750898309  9.90371911133e-06  0.341239197972  1.2  -0.5  0.317521604057  1.98074382227e-05  1560.0  7.43878586587  -0.974356209154  -1.28870556364
0.566666666667  0.066666666667  -0.633333333333  0.658945764444  7.95087308984e-06  0.341046284683  1.2  -0.5  0.317907430635  1.59017461797e-05  1570.0  7.39140506417  -0.973807542049  -1.28862184127
0.566666666667  0.066666666667  -0.633333333333  0.658883970817  1.26934991426e-05  0.341103335684  1.2  -0.5  0.317793328632  2.53869982852e-05  1580.0  7.34462401946  -0.973749666454  -1.28842230065
0.566666666667  0.066666666667  -0.633333333333  0.65918945173   9.48525210645e-06  0.340801063018  1.2  -0.5  0.318397873964  1.89705042129e-05  1590.0  7.29843141557  -0.972833638502  -1.28823493534
0.566666666667  0.066666666667  -0.633333333333  0.659102968549  1.07406531211e-05  0.340886290798  1.2  -0.5  0.318227418405  2.14813062422e-05  1600.0  7.25281621922  -0.972887218458  -1.28808271322
0.566666666667  0.066666666667  -0.633333333333  0.659089856583  9.34576310547e-06  0.340900797654  1.2  -0.5  0.318198404692  1.86915262109e-05  1610.0  7.20776767127  -0.972871286286  -1.28803335949
0.566666666667  0.066666666667  -0.633333333333  0.659326290441  1.28329881445e-05  0.340660876571  1.2  -0.5  0.318678246858  2.56659762891e-05  1620.0  7.16327527824  -0.972150874176  -1.28788527075
0.566666666667  0.066666666667  -0.633333333333  0.659318758035  1.17170761318e-05  0.340669524889  1.2  -0.5  0.318660950221  2.34341522637e-05  1630.0  7.11932880414  -0.971843977226  -1.28755873375
0.566666666667  0.066666666667  -0.633333333333  0.659303135266  1.4925323168e-05   0.34068193941   1.2  -0.5  0.318636121179  2.98506463359e-05  1640.0  7.07591826265  -0.971827716658  -1.28750947008
0.566666666667  0.066666666667  -0.633333333333  0.659479030897  1.60412351807e-05  0.340504927867  1.2  -0.5  0.318990144265  3.20824703613e-05  1650.0  7.03303390954  -0.971212767586  -1.2873182328
0.566666666667  0.066666666667  -0.633333333333  0.659461734261  1.4925323168e-05   0.340523340416  1.2  -0.5  0.318953319169  2.98506463359e-05  1660.0  6.99066623539  -0.971136052649  -1.28719844366
0.566666666667  0.066666666667  -0.633333333333  0.659649625946  1.28329881445e-05  0.340337541066  1.2  -0.5  0.319324917869  2.56659762891e-05  1670.0  6.94880595853  -0.970562141043  -1.28707254283
0.566666666667  0.066666666667  -0.633333333333  0.659585042539  1.72966361953e-05  0.340397660825  1.2  -0.5  0.31920467835   3.45932723906e-05  1680.0  6.9074440183   -0.970563235792  -1.28692488651
0.566666666667  0.066666666667  -0.633333333333  0.659752568829  1.54832791748e-05  0.340231947891  1.2  -0.5  0.319536104217  3.09665583496e-05  1690.0  6.86657156849  -0.97004301423   -1.28680418935
0.566666666667  0.066666666667  -0.633333333333  0.659736109127  1.67386801885e-05  0.340247152193  1.2  -0.5  0.319505695615  3.3477360377e-05   1700.0  6.82617997103  -0.969912026263  -1.28663545566
0.566666666667  0.066666666667  -0.633333333333  0.659827753401  2.37131302676e-05  0.340148533468  1.2  -0.5  0.319702933063  4.74262605352e-05  1710.0  6.78626078991  -0.969570158604  -1.28652329848
0.566666666667  0.066666666667  -0.633333333333  0.659915352494  2.51080202832e-05  0.340059539485  1.2  -0.5  0.319880921029  5.02160405664e-05  1720.0  6.74680578532  -0.969203996242  -1.28636932679
0.566666666667  0.066666666667  -0.633333333333  0.660089574257  2.9571668333e-05   0.339880854074  1.2  -0.5  0.320238291851  5.9143336666e-05   1730.0  6.70780690795  -0.968576945888  -1.28616665778
0.566666666667  0.066666666667  -0.633333333333  0.660188471959  2.18997732471e-05  0.339789628267  1.2  -0.5  0.320420743465  4.37995464941e-05  1740.0  6.66925629353  -0.968256391985  -1.2860727177
0.566666666667  0.066666666667  -0.633333333333  0.660216509249  2.65029102988e-05  0.339756987841  1.2  -0.5  0.320486024318  5.30058205977e-05  1750.0  6.63114625757  -0.967999894015  -1.28588995362
0.566666666667  0.066666666667  -0.633333333333  0.660301039584  2.49685312813e-05  0.339673991885  1.2  -0.5  0.32065201623   4.99370625625e-05  1760.0  6.5934692902   -0.967751341904  -1.28584212618
0.566666666667  0.066666666667  -0.633333333333  0.660496463675  3.16640033564e-05  0.339471872322  1.2  -0.5  0.321056255356  6.33280067129e-05  1770.0  6.55621805127  -0.967094029974  -1.28566320573
0.566666666667  0.066666666667  -0.633333333333  0.660459220111  3.37563383799e-05  0.33950702355   1.2  -0.5  0.3209859529    6.75126767598e-05  1780.0  6.51938536559  -0.967081607647  -1.28556432812
0.566666666667  0.066666666667  -0.633333333333  0.660681426091  2.91532013281e-05  0.339289420708  1.2  -0.5  0.321421158584  5.83064026562e-05  1790.0  6.4829642183   -0.96632967611   -1.28533924654
0.566666666667  0.066666666667  -0.633333333333  0.660707371045  3.61276514072e-05  0.339256501303  1.2  -0.5  0.321486997393  7.22553028145e-05  1800.0  6.44694775042  -0.966129925595  -1.28521152815
0.566666666667  0.066666666667  -0.633333333333  0.660653807269  3.12455363516e-05  0.339314947195  1.2  -0.5  0.32137010561   6.24910727031e-05  1810.0  6.41132925456  -0.966211659782  -1.28515787431
0.566666666667  0.066666666667  -0.633333333333  0.660857879678  3.89174314385e-05  0.339103202891  1.2  -0.5  0.321793594219  7.7834862877e-05   1820.0  6.37610217074  -0.965506305069  -1.28495303403
0.566666666667  0.066666666667  -0.633333333333  0.660836816839  3.86384534355e-05  0.339124544708  1.2  -0.5  0.321750910584  7.72769068711e-05  1830.0  6.34126008238  -0.965481702951  -1.28487749053
0.566666666667  0.066666666667  -0.633333333333  0.661100032585  4.72867715322e-05  0.338852680644  1.2  -0.5  0.322294638712  9.45735430645e-05  1840.0  6.30679671236  -0.964638079939  -1.28467769296
0.566666666667  0.066666666667  -0.633333333333  0.660954964023  4.40785244961e-05  0.339000957453  1.2  -0.5  0.321998085095  8.81570489922e-05  1850.0  6.27270591932  -0.964877876848  -1.28456483377
0.566666666667  0.066666666667  -0.633333333333  0.661135323302  4.798421654e-05    0.338816692481  1.2  -0.5  0.322366615037  9.59684330801e-05  1860.0  6.23898169395  -0.964294750538  -1.2844200377
0.566666666667  0.066666666667  -0.633333333333  0.661415835684  5.09134855732e-05  0.33853325083   1.2  -0.5  0.32293349834   0.000101826971146  1870.0  6.20561815548  -0.963499444587  -1.28430206244
0.566666666667  0.066666666667  -0.633333333333  0.661336187464  6.38859627197e-05  0.338599926573  1.2  -0.5  0.322800146854  0.000127771925439  1880.0  6.17260954827  -0.963455456489  -1.28408508008
0.566666666667  0.066666666667  -0.633333333333  0.661530356154  5.49586666191e-05  0.338414685179  1.2  -0.5  0.323170629642  0.000109917333238  1890.0  6.13995023849  -0.96298078935   -1.28406391959
0.566666666667  0.066666666667  -0.633333333333  0.661564251982  6.03987376807e-05  0.33837534928   1.2  -0.5  0.323249301439  0.000120797475361  1900.0  6.10763471092  -0.962705192167  -1.28387728849
0.566666666667  0.066666666667  -0.633333333333  0.661751585711  6.03987376807e-05  0.338188015551  1.2  -0.5  0.323623968897  0.000120797475361  1910.0  6.07565756584  -0.962091068852  -1.28371276613
0.566666666667  0.066666666667  -0.633333333333  0.661706391274  6.02592486787e-05  0.338233349477  1.2  -0.5  0.323533301046  0.000120518497357  1920.0  6.04401351602  -0.962104099806  -1.28361713515
0.566666666667  0.066666666667  -0.633333333333  0.661925110029  6.34674957148e-05  0.338011422475  1.2  -0.5  0.323977155049  0.00012693499143   1930.0  6.01269738381  -0.96133470847   -1.28337716037
0.566666666667  0.066666666667  -0.633333333333  0.661922738716  6.13751606914e-05  0.338015886123  1.2  -0.5  0.323968227753  0.000122750321383  1940.0  5.98170409833  -0.961338822096  -1.28337265357
0.566666666667  0.066666666667  -0.633333333333  0.66200322387   6.98839897871e-05  0.33792689214   1.2  -0.5  0.324146215719  0.000139767979574  1950.0  5.95102869269  -0.960965762912  -1.28320467112
0.566666666667  0.066666666667  -0.633333333333  0.662052881954  7.46266158408e-05  0.33787249143   1.2  -0.5  0.32425501714   0.000149253231682  1960.0  5.9206663014   -0.960686617856  -1.28305134514
0.566666666667  0.066666666667  -0.633333333333  0.662214549707  8.11825989141e-05  0.337704267694  1.2  -0.5  0.324591464612  0.000162365197828  1970.0  5.89061215774  -0.960192572187  -1.28295448046
0.566666666667  0.066666666667  -0.633333333333  0.662056508668  7.53240608486e-05  0.337868167271  1.2  -0.5  0.324263665459  0.000150648121697  1980.0  5.86086159129  -0.960522913647  -1.28289732147
0.566666666667  0.066666666667  -0.633333333333  0.662183164682  8.48093129551e-05  0.337732026005  1.2  -0.5  0.32453594799   0.00016961862591   1990.0  5.8314100255   -0.960022581818  -1.28271424343
0.566666666667  0.066666666667  -0.633333333333  0.662395327453  8.91334720039e-05  0.337515539075  1.2  -0.5  0.32496892185   0.000178266944008  2000.0  5.80225297537  -0.959379263302  -1.28258616938
0.566666666667  0.066666666667  -0.633333333333  0.662516961863  8.8715004999e-05   0.337394323132  1.2  -0.5  0.325211353735  0.000177430009998  2010.0  5.77338604515  -0.958934435072  -1.28243267788
0.566666666667  0.066666666667  -0.633333333333  0.662678908593  9.2481208042e-05   0.337228610199  1.2  -0.5  0.325542779603  0.000184962416084  2020.0  5.74480492611  -0.958420731497  -1.28231291915
0.566666666667  0.066666666667  -0.633333333333  0.662707643328  9.90371911152e-05  0.337193319481  1.2  -0.5  0.325613361038  0.00019807438223   2030.0  5.71650539446  -0.958148624419  -1.28211895381
0.566666666667  0.066666666667  -0.633333333333  0.662880330712  0.000105453685187  0.337014215603  1.2  -0.5  0.325971568794  0.000210907370375  2040.0  5.68848330919  -0.957638357328  -1.28203211953
0.566666666667  0.066666666667  -0.633333333333  0.662860383784  0.000110056822239  0.337029559393  1.2  -0.5  0.325940881213  0.000220113644479  2050.0  5.66073461012  -0.957501621096  -1.28185395506
0.566666666667  0.066666666667  -0.633333333333  0.663009358038  0.000117728717326  0.336872913245  1.2  -0.5  0.326254173511  0.000235457434652  2060.0  5.6332553159   -0.956993626486  -1.28171423932
0.566666666667  0.066666666667  -0.633333333333  0.662967371849  0.000123447766391  0.336909180385  1.2  -0.5  0.32618163923   0.000246895532781  2070.0  5.6060415221   -0.956965289447  -1.28159314209
0.566666666667  0.066666666667  -0.633333333333  0.662941426894  0.000119542074347  0.336939031031  1.2  -0.5  0.326121937937  0.000239084148693  2080.0  5.5790893994   -0.95696982913   -1.28152994591
0.566666666667  0.066666666667  -0.633333333333  0.663334227923  0.00012958528246   0.336536186795  1.2  -0.5  0.326927626411  0.00025917056492   2090.0  5.55239519175  -0.955850642358  -1.2813675421
0.566666666667  0.066666666667  -0.633333333333  0.66335696463   0.000130143238466  0.336512892131  1.2  -0.5  0.326974215737  0.000260286476932  2100.0  5.52595521464  -0.955649416666  -1.28122166565
0.566666666667  0.066666666667  -0.633333333333  0.66359311951   0.000133490974504  0.336273389516  1.2  -0.5  0.327453220968  0.000266981949008  2110.0  5.49976585344  -0.954917869122  -1.28106157664
0.566666666667  0.066666666667  -0.633333333333  0.663601628339  0.000142697248607  0.336255674413  1.2  -0.5  0.327488651175  0.000285394497215  2120.0  5.47382356168  -0.954729125747  -1.28090614324
0.566666666667  0.066666666667  -0.633333333333  0.663586842505  0.000162923153835  0.336250234342  1.2  -0.5  0.327499531317  0.00032584630767   2130.0  5.44812485951  -0.954568643892  -1.28073849165
0.566666666667  0.066666666667  -0.633333333333  0.663808490528  0.000150648121697  0.33604086135   1.2  -0.5  0.3279182773    0.000301296243395  2140.0  5.42266633213  -0.95395998091   -1.28064459888
0.566666666667  0.066666666667  -0.633333333333  0.66384461818   0.000169758114912  0.335985623706  1.2  -0.5  0.328028752589  0.000339516229824  2150.0  5.39744462826  -0.953722906039  -1.28052098436
0.566666666667  0.066666666667  -0.633333333333  0.663942818437  0.000173803295958  0.335883378267  1.2  -0.5  0.328233243465  0.000347606591916  2160.0  5.37245645868  -0.953301630288  -1.28034105248
0.566666666667  0.066666666667  -0.633333333333  0.664109507794  0.000175198185974  0.33571529402   1.2  -0.5  0.328569411959  0.000350396371947  2170.0  5.34769859482  -0.952793833344  -1.28023526284
0.566666666667  0.066666666667  -0.633333333333  0.66407086934   0.000192773800172  0.33573635686   1.2  -0.5  0.328527286281  0.000385547600344  2180.0  5.32316786732  -0.952714809744  -1.28008811281
0.566666666667  0.066666666667  -0.633333333333  0.664145077489  0.00018733372911   0.335667588782  1.2  -0.5  0.328664822436  0.000374667458221  2190.0  5.29886116473  -0.952512252427  -1.28005603895
0.566666666667  0.066666666667  -0.633333333333  0.66437118916   0.000209094013355  0.335419716826  1.2  -0.5  0.329160566348  0.000418188026711  2200.0  5.27477543216  -0.951741335781  -1.27985825472
0.566666666667  0.066666666667  -0.633333333333  0.664378024122  0.000210628392372  0.335411347486  1.2  -0.5  0.329177305028  0.000421256784744  2210.0  5.25090767002  -0.951532923948  -1.27966839492
0.566666666667  0.066666666667  -0.633333333333  0.664492544592  0.000212023282389  0.335295432126  1.2  -0.5  0.329409135748  0.000424046564777  2220.0  5.22725493277  -0.951281293329  -1.27969356628
0.566666666667  0.066666666667  -0.633333333333  0.664569821499  0.000211883793387  0.335218294708  1.2  -0.5  0.329563410584  0.000423767586773  2230.0  5.20381432769  -0.95088020119   -1.27947774343
0.566666666667  0.066666666667  -0.633333333333  0.664656583658  0.000216486930438  0.335126929412  1.2  -0.5  0.329746141176  0.000432973860877  2240.0  5.18058301373  -0.950542158153  -1.27935437397
0.566666666667  0.066666666667  -0.633333333333  0.664741950927  0.000237410280674  0.335020638793  1.2  -0.5  0.329958722415  0.000474820561348  2250.0  5.15755820033  -0.950166161229  -1.27921255118
0.566666666667  0.066666666667  -0.633333333333  0.664753946981  0.000232946632624  0.335013106387  1.2  -0.5  0.329973787227  0.000465893265248  2260.0  5.13473714635  -0.950044636203  -1.27911356758
0.566666666667  0.066666666667  -0.633333333333  0.664914359333  0.00024410575275   0.334841534915  1.2  -0.5  0.330316930171  0.0004882115055    2270.0  5.11211715892  -0.949568777599  -1.27903832139
0.566666666667  0.066666666667  -0.633333333333  0.665081467156  0.000245221664762  0.334673311179  1.2  -0.5  0.330653377642  0.000490443329523  2280.0  5.08969559243  -0.949007087473  -1.27887925231
0.566666666667  0.066666666667  -0.633333333333  0.66511173627   0.000268795306027  0.334619468424  1.2  -0.5  0.330761063152  0.000537590612055  2290.0  5.06746984749  -0.948690356448  -1.27866817026
0.566666666667  0.066666666667  -0.633333333333  0.665166555447  0.000259310053921  0.334574134499  1.2  -0.5  0.330851731003  0.000518620107842  2300.0  5.04543736989  -0.948578177752  -1.27867427824
0.566666666667  0.066666666667  -0.633333333333  0.665237834327  0.000285952453221  0.33447621322   1.2  -0.5  0.331047573561  0.000571904906441  2310.0  5.02359564968  -0.948140603593  -1.27844507275
0.566666666667  0.066666666667  -0.633333333333  0.665363513918  0.000291532013284  0.334344954069  1.2  -0.5  0.331310091862  0.000583064026568  2320.0  5.00194222015  -0.947723414562  -1.27833732612
0.566666666667  0.066666666667  -0.633333333333  0.665529784808  0.000326404263677  0.334143810929  1.2  -0.5  0.331712378142  0.000652808527354  2330.0  4.98047465697  -0.947049108856  -1.2781108917
0.566666666667  0.066666666667  -0.633333333333  0.665448741698  0.00032221959363   0.334229038709  1.2  -0.5  0.331541922582  0.00064443918726   2340.0  4.95919057724  -0.947124904967  -1.27798632581
0.566666666667  0.066666666667  -0.633333333333  0.665793697998  0.00032668324168   0.33387961876   1.2  -0.5  0.33224076248   0.000653366483359  2350.0  4.93808763862  -0.946164123322  -1.27785968839
0.566666666667  0.066666666667  -0.633333333333  0.665780446543  0.000343840388873  0.333875713068  1.2  -0.5  0.332248573864  0.000687680777746  2360.0  4.91716353845  -0.946029292306  -1.27771707389
0.566666666667  0.066666666667  -0.633333333333  0.665792582086  0.000353883596986  0.333853534317  1.2  -0.5  0.332292931367  0.000707767193973  2370.0  4.89641601298  -0.945817433313  -1.27754840069
0.566666666667  0.066666666667  -0.633333333333  0.666047428492  0.000353465129981  0.333599106378  1.2  -0.5  0.332801787245  0.000706930259963  2380.0  4.87584283645  -0.945050224532  -1.27739223743
0.566666666667  0.066666666667  -0.633333333333  0.665967082827  0.000363229360092  0.333669687812  1.2  -0.5  0.332660624375  0.000726458720184  2390.0  4.8554418204   -0.945221184084  -1.27738403731
0.566666666667  0.066666666667  -0.633333333333  0.666096249643  0.000377875705257  0.333525874652  1.2  -0.5  0.332948250696  0.000755751410514  2400.0  4.83521081281  -0.944724253815  -1.27721761228
