#mu0            mu1              mu2              x0              x1                 x2              mua  mub   xa              xb                 T       b              u                phi
0.733333333333  -0.266666666667  -0.466666666667  0.655977020024  0.0                0.344022979976  1.2  -1.0  0.311954040048  0.0                30.0    386.816865025  -1.00590359511   -1.64691510983
0.733333333333  -0.266666666667  -0.466666666667  0.656142593469  0.0                0.343857406531  1.2  -1.0  0.312285186938  0.0                40.0    290.112648769  -1.00672548051   -1.64813437151
0.733333333333  -0.266666666667  -0.466666666667  0.657412919806  0.0                0.342587080194  1.2  -1.0  0.314825839612  0.0                50.0    232.090119015  -1.00407255645   -1.64853023065
0.733333333333  -0.266666666667  -0.466666666667  0.657934608672  0.0                0.342065391328  1.2  -1.0  0.315869217344  0.0                60.0    193.408432513  -1.00288025269   -1.64858998017
0.733333333333  -0.266666666667  -0.466666666667  0.660046053689  0.0                0.339953946311  1.2  -1.0  0.320092107378  0.0                70.0    165.778656439  -0.998256884755  -1.64903408027
0.733333333333  -0.266666666667  -0.466666666667  0.660920370751  0.0                0.339079629249  1.2  -1.0  0.321840741501  0.0                80.0    145.056324384  -0.996568026191  -1.64944358266
0.733333333333  -0.266666666667  -0.466666666667  0.663429219933  0.0                0.336570780067  1.2  -1.0  0.326858439866  0.0                90.0    128.938955008  -0.99168691013   -1.65058370464
0.733333333333  -0.266666666667  -0.466666666667  0.66789886601   0.0                0.33210113399   1.2  -1.0  0.33579773202   0.0                100.0   116.045059507  -0.983570373401  -1.65319431849
0.733333333333  -0.266666666667  -0.466666666667  0.66873161535   0.0                0.33126838465   1.2  -1.0  0.337463230699  0.0                110.0   105.495508643  -0.981669165061  -1.65329170857
0.733333333333  -0.266666666667  -0.466666666667  0.66885171538   0.0                0.33114828462   1.2  -1.0  0.33770343076   0.0                120.0   96.7042162563  -0.981385494458  -1.65329627804
0.733333333333  -0.266666666667  -0.466666666667  0.668732452284  0.0                0.331267547716  1.2  -1.0  0.337464904567  0.0                130.0   89.2654303904  -0.981661740463  -1.65328629261
0.733333333333  -0.266666666667  -0.466666666667  0.668714179224  0.0                0.331285820776  1.2  -1.0  0.337428358449  0.0                140.0   82.8893282196  -0.981721107032  -1.65330180384
0.733333333333  -0.266666666667  -0.466666666667  0.667927182278  0.0                0.332072817722  1.2  -1.0  0.335854364555  0.0                150.0   77.363373005   -0.983672992665  -1.6533648968
0.733333333333  -0.266666666667  -0.466666666667  0.667953964166  0.0                0.332046035834  1.2  -1.0  0.335907928332  0.0                160.0   72.5281621922  -0.98359963247   -1.65335581314
0.733333333333  -0.266666666667  -0.466666666667  0.669833717951  0.0                0.330166282049  1.2  -1.0  0.339667435902  0.0                170.0   68.2617997103  -0.978958646145  -1.65322623589
0.733333333333  -0.266666666667  -0.466666666667  0.670501591291  0.0                0.329498408709  1.2  -1.0  0.341003182581  0.0                180.0   64.4694775042  -0.977476374307  -1.65334686007
0.733333333333  -0.266666666667  -0.466666666667  0.669815026425  0.0                0.330184973575  1.2  -1.0  0.33963005285   0.0                190.0   61.0763471092  -0.979266209091  -1.65348893918
0.733333333333  -0.266666666667  -0.466666666667  0.669383307965  0.0                0.330616692035  1.2  -1.0  0.33876661593   0.0                200.0   58.0225297537  -0.980485989739  -1.65367259552
0.733333333333  -0.266666666667  -0.466666666667  0.667791598968  0.0                0.332208401032  1.2  -1.0  0.335583197936  0.0                210.0   55.2595521464  -0.984626383015  -1.6539928872
0.733333333333  -0.266666666667  -0.466666666667  0.667796481083  0.0                0.332203518917  1.2  -1.0  0.335592962166  0.0                220.0   52.7477543216  -0.984608891588  -1.65398711285
0.733333333333  -0.266666666667  -0.466666666667  0.667797178528  0.0                0.332202821472  1.2  -1.0  0.335594357056  0.0                230.0   50.4543736989  -0.984586452483  -1.65396634762
0.733333333333  -0.266666666667  -0.466666666667  0.667804571445  0.0                0.332195428555  1.2  -1.0  0.33560914289   0.0                240.0   48.3521081281  -0.984562038304  -1.65395967644
0.733333333333  -0.266666666667  -0.466666666667  0.66778713532   0.0                0.33221286468   1.2  -1.0  0.33557427064   0.0                250.0   46.418023803   -0.984576410911  -1.65393220235
0.733333333333  -0.266666666667  -0.466666666667  0.667759377009  0.0                0.332240622991  1.2  -1.0  0.335518754017  0.0                260.0   44.6327151952  -0.984620696874  -1.65390986836
0.733333333333  -0.266666666667  -0.466666666667  0.667938341398  0.0                0.332061658602  1.2  -1.0  0.335876682795  0.0                270.0   42.9796516694  -0.984109823341  -1.65382850936
0.733333333333  -0.266666666667  -0.466666666667  0.667894820829  0.0                0.332105179171  1.2  -1.0  0.335789641658  0.0                280.0   41.4446641098  -0.98420989869   -1.65382413535
0.733333333333  -0.266666666667  -0.466666666667  0.668041563259  0.0                0.331958436741  1.2  -1.0  0.336083126518  0.0                290.0   40.0155377612  -0.983809527638  -1.65377594613
0.733333333333  -0.266666666667  -0.466666666667  0.668530751187  0.0                0.331469248813  1.2  -1.0  0.337061502375  0.0                300.0   38.6816865025  -0.982380807082  -1.6535212766
0.733333333333  -0.266666666667  -0.466666666667  0.668848646622  0.0                0.331151353378  1.2  -1.0  0.337697293244  0.0                310.0   37.4338901637  -0.981513646353  -1.65341706491
0.733333333333  -0.266666666667  -0.466666666667  0.668674843326  0.0                0.331325156674  1.2  -1.0  0.337349686652  0.0                320.0   36.2640810961  -0.981943913494  -1.65343020414
0.733333333333  -0.266666666667  -0.466666666667  0.668625743197  0.0                0.331374256803  1.2  -1.0  0.337251486395  0.0                330.0   35.1651695477  -0.981987696237  -1.65335614658
0.733333333333  -0.266666666667  -0.466666666667  0.670494198373  0.0                0.329505801627  1.2  -1.0  0.340988396747  0.0                340.0   34.1308998551  -0.976863423111  -1.65271616587
0.733333333333  -0.266666666667  -0.466666666667  0.670803306001  0.0                0.329196693999  1.2  -1.0  0.341606612002  0.0                350.0   33.1557312879  -0.97586842615   -1.65246302722
0.733333333333  -0.266666666667  -0.466666666667  0.671792840978  0.0                0.328207159022  1.2  -1.0  0.343585681956  0.0                360.0   32.2347387521  -0.973086224625  -1.65205570964
0.733333333333  -0.266666666667  -0.466666666667  0.672246040744  0.0                0.327753959256  1.2  -1.0  0.344492081488  0.0                370.0   31.3635295966  -0.971764954376  -1.65182211883
0.733333333333  -0.266666666667  -0.466666666667  0.671524185161  0.0                0.328475814839  1.2  -1.0  0.343048370322  0.0                380.0   30.5381735546  -0.973527113179  -1.65185182423
0.733333333333  -0.266666666667  -0.466666666667  0.671731186839  0.0                0.328268813161  1.2  -1.0  0.343462373679  0.0                390.0   29.7551434635  -0.972855441133  -1.65167695621
0.733333333333  -0.266666666667  -0.466666666667  0.671649864751  0.0                0.328350135249  1.2  -1.0  0.343299729503  0.0                400.0   29.0112648769  -0.972827784508  -1.65145412658
0.733333333333  -0.266666666667  -0.466666666667  0.671695338166  0.0                0.328304661834  1.2  -1.0  0.343390676332  0.0                410.0   28.3036730506  -0.972581331254  -1.65131680952
0.733333333333  -0.266666666667  -0.466666666667  0.671467134159  0.0                0.328532865841  1.2  -1.0  0.342934268319  0.0                420.0   27.6297760732  -0.973006293517  -1.65119408217
0.733333333333  -0.266666666667  -0.466666666667  0.671509538816  0.0                0.328490461184  1.2  -1.0  0.343019077632  0.0                430.0   26.9872231413  -0.972728552139  -1.65101811196
0.733333333333  -0.266666666667  -0.466666666667  0.671068335104  0.0                0.328931664896  1.2  -1.0  0.342136670208  0.0                440.0   26.3738771608  -0.973684499158  -1.65091517007
0.733333333333  -0.266666666667  -0.466666666667  0.671022024755  0.0                0.328977975245  1.2  -1.0  0.342044049511  0.0                450.0   25.7877910017  -0.97360972256   -1.65072924864
0.733333333333  -0.266666666667  -0.466666666667  0.670778476959  0.0                0.329221523041  1.2  -1.0  0.341556953917  0.0                460.0   25.2271868495  -0.974050692149  -1.65058570352
0.733333333333  -0.266666666667  -0.466666666667  0.670781266739  0.0                0.329218733261  1.2  -1.0  0.341562533477  0.0                470.0   24.6904381931  -0.973865212462  -1.6504069193
0.733333333333  -0.266666666667  -0.466666666667  0.670616111761  0.0                0.329383888239  1.2  -1.0  0.341232223522  0.0                480.0   24.1760540641  -0.974078938451  -1.65022427334
0.733333333333  -0.266666666667  -0.466666666667  0.670362381267  0.0                0.329637618733  1.2  -1.0  0.340724762534  0.0                490.0   23.6826652056  -0.974514149134  -1.65005053084
0.733333333333  -0.266666666667  -0.466666666667  0.670215499348  0.0                0.329784500652  1.2  -1.0  0.340430998697  0.0                500.0   23.2090119015  -0.97474530681   -1.64992917191
0.733333333333  -0.266666666667  -0.466666666667  0.66993442901   0.0                0.33006557099   1.2  -1.0  0.33986885802   0.0                510.0   22.7539332368  -0.975225640955  -1.64973493725
0.733333333333  -0.266666666667  -0.466666666667  0.669629087586  0.0                0.330370912414  1.2  -1.0  0.339258175171  0.0                520.0   22.3163575976  -0.975727325865  -1.64950380274
0.733333333333  -0.266666666667  -0.466666666667  0.669307565437  0.0                0.330692434563  1.2  -1.0  0.338615130874  0.0                530.0   21.8952942467  -0.976309499665  -1.64931432338
0.733333333333  -0.266666666667  -0.466666666667  0.669095681644  0.0                0.330904318356  1.2  -1.0  0.338191363287  0.0                540.0   21.4898258347  -0.976560642459  -1.64905694507
0.733333333333  -0.266666666667  -0.466666666667  0.668758536727  0.0                0.331241463273  1.2  -1.0  0.337517073454  0.0                550.0   21.0991017286  -0.977146555829  -1.64883371064
0.733333333333  -0.266666666667  -0.466666666667  0.668465330846  0.0                0.331534669154  1.2  -1.0  0.336930661691  0.0                560.0   20.7223320549  -0.97760899442   -1.64859245512
0.733333333333  -0.266666666667  -0.466666666667  0.668378010731  0.0                0.331621989269  1.2  -1.0  0.336756021461  0.0                570.0   20.3587823697  -0.977650850015  -1.64842474244
0.733333333333  -0.266666666667  -0.466666666667  0.668037936545  0.0                0.331962063455  1.2  -1.0  0.33607587309   0.0                580.0   20.0077688806  -0.978246666512  -1.64820438089
0.733333333333  -0.266666666667  -0.466666666667  0.667811127428  0.0                0.332188872572  1.2  -1.0  0.335622254856  0.0                590.0   19.6686541538  -0.978500436295  -1.64791380879
0.733333333333  -0.266666666667  -0.466666666667  0.667566603208  0.0                0.332433396792  1.2  -1.0  0.335133206417  0.0                600.0   19.3408432512  -0.97893217005   -1.64775868442
0.733333333333  -0.266666666667  -0.466666666667  0.667123167672  0.0                0.332876832328  1.2  -1.0  0.334246335345  0.0                610.0   19.0237802471  -0.979610518777  -1.64737278786
0.733333333333  -0.266666666667  -0.466666666667  0.666720741903  0.0                0.333279258097  1.2  -1.0  0.333441483806  0.0                620.0   18.7169450819  -0.98017640204   -1.64697284927
0.733333333333  -0.266666666667  -0.466666666667  0.666526015257  0.0                0.333473984743  1.2  -1.0  0.333052030513  0.0                630.0   18.4198507155  -0.980407848015  -1.6467369513
0.733333333333  -0.266666666667  -0.466666666667  0.666173945017  0.0                0.333826054983  1.2  -1.0  0.332347890034  0.0                640.0   18.132040548   -0.980897109787  -1.64638124449
0.733333333333  -0.266666666667  -0.466666666667  0.66569145256   0.0                0.33430854744   1.2  -1.0  0.331382905121  0.0                650.0   17.8530860781  -0.981620472841  -1.64594662565
0.733333333333  -0.266666666667  -0.466666666667  0.665361282094  0.0                0.334638717906  1.2  -1.0  0.330722564187  0.0                660.0   17.5825847739  -0.982045280679  -1.64557902437
0.733333333333  -0.266666666667  -0.466666666667  0.665323620063  0.0                0.334676379937  1.2  -1.0  0.330647240126  0.0                670.0   17.3201581354  -0.982074746055  -1.64551810087
0.733333333333  -0.266666666667  -0.466666666667  0.664137684572  0.0                0.335862315428  1.2  -1.0  0.328275369144  0.0                680.0   17.0654499276  -0.983840335713  -1.64443744535
0.733333333333  -0.266666666667  -0.466666666667  0.664083144372  0.0                0.335916855628  1.2  -1.0  0.328166288744  0.0                690.0   16.8181245663  -0.983804701655  -1.64427091482
0.733333333333  -0.266666666667  -0.466666666667  0.663964020765  0.0                0.336035979235  1.2  -1.0  0.32792804153   0.0                700.0   16.5778656439  -0.983909013529  -1.64408933003
0.733333333333  -0.266666666667  -0.466666666667  0.66331232815   0.0                0.33668767185   1.2  -1.0  0.326624656299  0.0                710.0   16.3443745785  -0.984778814318  -1.64339506854
0.733333333333  -0.266666666667  -0.466666666667  0.662855083202  0.0                0.337144916798  1.2  -1.0  0.325710166405  0.0                720.0   16.117369376   -0.985291150294  -1.64281001665
0.733333333333  -0.266666666667  -0.466666666667  0.662427130946  0.0                0.337572869054  1.2  -1.0  0.324854261891  0.0                730.0   15.8965834942  -0.985687473726  -1.64217925466
0.733333333333  -0.266666666667  -0.466666666667  0.661316240537  0.0                0.338683759463  1.2  -1.0  0.322632481074  0.0                740.0   15.6817647983  -0.987361431735  -1.64118707569
0.733333333333  -0.266666666667  -0.466666666667  0.661360458551  0.0                0.338639541449  1.2  -1.0  0.322720917101  0.0                750.0   15.472674601   -0.987080047588  -1.64101181478
0.733333333333  -0.266666666667  -0.466666666667  0.660957753803  0.0                0.339042246197  1.2  -1.0  0.321915507606  0.0                760.0   15.2690867773  -0.987471527354  -1.64043680315
0.733333333333  -0.266666666667  -0.466666666667  0.660490884115  0.0                0.339509115885  1.2  -1.0  0.32098176823   0.0                770.0   15.070786949   -0.98790853474   -1.63975332328
0.733333333333  -0.266666666667  -0.466666666667  0.660295878491  0.0                0.339704121509  1.2  -1.0  0.320591756981  0.0                780.0   14.8775717317  -0.987975909654  -1.6393526847
0.733333333333  -0.266666666667  -0.466666666667  0.659850769087  0.0                0.340149230913  1.2  -1.0  0.319701538173  0.0                790.0   14.6892480389  -0.988521327156  -1.63882983963
0.733333333333  -0.266666666667  -0.466666666667  0.659626052305  0.0                0.340373947695  1.2  -1.0  0.31925210461   0.0                800.0   14.5056324384  -0.988621380942  -1.63839057314
0.733333333333  -0.266666666667  -0.466666666667  0.659392129249  0.0                0.340607870751  1.2  -1.0  0.318784258499  0.0                810.0   14.3265505565  -0.988754027574  -1.63796180444
0.733333333333  -0.266666666667  -0.466666666667  0.659028202444  0.0                0.340971797556  1.2  -1.0  0.318056404889  0.0                820.0   14.1518365253  -0.989104179554  -1.63743853209
0.733333333333  -0.266666666667  -0.466666666667  0.659068933233  0.0                0.340931066767  1.2  -1.0  0.318137866466  0.0                830.0   13.9813324708  -0.988827746903  -1.63725985333
0.733333333333  -0.266666666667  -0.466666666667  0.658963898015  0.0                0.341036101985  1.2  -1.0  0.317927796029  0.0                840.0   13.8148880366  -0.988847489177  -1.63702751108
0.733333333333  -0.266666666667  -0.466666666667  0.658728859047  0.0                0.341271140953  1.2  -1.0  0.317457718094  0.0                850.0   13.6523599421  -0.988970331924  -1.6365862603
0.733333333333  -0.266666666667  -0.466666666667  0.658588812089  0.0                0.341411187911  1.2  -1.0  0.317177624179  0.0                860.0   13.4936115706  -0.988871618463  -1.63615143414
0.733333333333  -0.266666666667  -0.466666666667  0.65845183389   0.0                0.34154816611   1.2  -1.0  0.31690366778   0.0                870.0   13.3385125871  -0.988963572573  -1.63591464058
0.733333333333  -0.266666666667  -0.466666666667  0.658327688678  0.0                0.341672311322  1.2  -1.0  0.316655377357  0.0                880.0   13.1869385804  -0.989028399132  -1.63568151863
0.733333333333  -0.266666666667  -0.466666666667  0.658205775291  0.0                0.341794224709  1.2  -1.0  0.316411550582  0.0                890.0   13.0387707312  -0.98894243405   -1.63530296142
0.733333333333  -0.266666666667  -0.466666666667  0.658086930662  0.0                0.341913069338  1.2  -1.0  0.316173861323  0.0                900.0   12.8938955008  -0.988898740403  -1.63497404066
0.733333333333  -0.266666666667  -0.466666666667  0.658048431697  0.0                0.341951568303  1.2  -1.0  0.316096863395  0.0                910.0   12.7522043415  -0.98863321722   -1.63461611996
0.733333333333  -0.266666666667  -0.466666666667  0.65792372853   0.0                0.34207627147   1.2  -1.0  0.31584745706   0.0                920.0   12.6135934247  -0.988773380205  -1.63445699534
0.733333333333  -0.266666666667  -0.466666666667  0.657854541985  0.0                0.342145458015  1.2  -1.0  0.31570908397   0.0                930.0   12.4779633879  -0.988628450111  -1.63414601754
0.733333333333  -0.266666666667  -0.466666666667  0.657824412361  0.0                0.342175587639  1.2  -1.0  0.315648824721  0.0                940.0   12.3452190965  -0.988462880587  -1.63390813692
0.733333333333  -0.266666666667  -0.466666666667  0.657850496804  0.0                0.342149503196  1.2  -1.0  0.315700993608  0.0                950.0   12.2152694218  -0.988150180224  -1.63365803922
0.733333333333  -0.266666666667  -0.466666666667  0.657594394997  0.0                0.342405605003  1.2  -1.0  0.315188789994  0.0                960.0   12.088027032   -0.988377666321  -1.63327088098
0.733333333333  -0.266666666667  -0.466666666667  0.657470110297  0.0                0.342529889703  1.2  -1.0  0.314940220593  0.0                970.0   11.9634081967  -0.988518682936  -1.63311361431
0.733333333333  -0.266666666667  -0.466666666667  0.65745853271   0.0                0.34254146729   1.2  -1.0  0.314917065419  0.0                980.0   11.8413326028  -0.988283197067  -1.63285034224
0.733333333333  -0.266666666667  -0.466666666667  0.657429240019  0.0                0.342570759981  1.2  -1.0  0.314858480039  0.0                990.0   11.7217231826  -0.988031350616  -1.63252819333
0.733333333333  -0.266666666667  -0.466666666667  0.657273151827  0.0                0.342726848173  1.2  -1.0  0.314546303653  0.0                1000.0  11.6045059507  -0.9883140599    -1.63243629095
0.733333333333  -0.266666666667  -0.466666666667  0.657333411075  0.0                0.342666588925  1.2  -1.0  0.31466682215   0.0                1010.0  11.4896098522  -0.987860555333  -1.63212740858
0.733333333333  -0.266666666667  -0.466666666667  0.657367585881  0.0                0.342632414119  1.2  -1.0  0.314735171761  0.0                1020.0  11.3769666184  -0.987575327854  -1.63192420063
0.733333333333  -0.266666666667  -0.466666666667  0.657237303153  0.0                0.342762696847  1.2  -1.0  0.314474606306  0.0                1030.0  11.2665106318  -0.987618928877  -1.63165512311
0.733333333333  -0.266666666667  -0.466666666667  0.65740678229   0.0                0.34259321771   1.2  -1.0  0.31481356458   0.0                1040.0  11.1581787988  -0.987016675035  -1.6314596192
0.733333333333  -0.266666666667  -0.466666666667  0.657185413245  0.0                0.342814586755  1.2  -1.0  0.314370826489  0.0                1050.0  11.0519104293  -0.987224455815  -1.63113611427
0.733333333333  -0.266666666667  -0.466666666667  0.657219448561  0.0                0.342780551439  1.2  -1.0  0.314438897122  0.0                1060.0  10.9476471233  -0.986954902205  -1.63094824542
0.733333333333  -0.266666666667  -0.466666666667  0.657193364118  0.0                0.342806635882  1.2  -1.0  0.314386728235  0.0                1070.0  10.8453326643  -0.986946981701  -1.63087772225
0.733333333333  -0.266666666667  -0.466666666667  0.657228933813  0.0                0.342771066187  1.2  -1.0  0.314457867626  0.0                1080.0  10.7449129174  -0.986493769032  -1.63050987685
0.733333333333  -0.266666666667  -0.466666666667  0.657185273756  0.0                0.342814726244  1.2  -1.0  0.314370547511  0.0                1090.0  10.6463357346  -0.986409317007  -1.63032064069
0.733333333333  -0.266666666667  -0.466666666667  0.657115389766  0.0                0.342884610234  1.2  -1.0  0.314230779531  0.0                1100.0  10.5495508643  -0.986411551908  -1.63015515401
0.733333333333  -0.266666666667  -0.466666666667  0.657071590219  0.0                0.342928409781  1.2  -1.0  0.314143180439  0.0                1110.0  10.4545098655  -0.986299348946  -1.62993783214
0.733333333333  -0.266666666667  -0.466666666667  0.657181647041  0.0                0.342818352959  1.2  -1.0  0.314363294083  0.0                1120.0  10.3611660275  -0.985800543845  -1.62970316341
0.733333333333  -0.266666666667  -0.466666666667  0.65717341719   0.0                0.34282658281   1.2  -1.0  0.314346834381  0.0                1130.0  10.2694742927  -0.985676097783  -1.62955896571
0.733333333333  -0.266666666667  -0.466666666667  0.657117342612  0.0                0.342882657388  1.2  -1.0  0.314234685224  0.0                1140.0  10.1793911849  -0.985604000195  -1.62935228913
0.733333333333  -0.266666666667  -0.466666666667  0.657141613698  0.0                0.342858386302  1.2  -1.0  0.314283227396  0.0                1150.0  10.0908747398  -0.985319611412  -1.62912615095
0.733333333333  -0.266666666667  -0.466666666667  0.657074379999  0.0                0.342925620001  1.2  -1.0  0.314148759999  0.0                1160.0  10.0038844403  -0.985291563334  -1.628936742
0.733333333333  -0.266666666667  -0.466666666667  0.657168953542  0.0                0.342831046458  1.2  -1.0  0.314337907085  0.0                1170.0  9.91838115449  -0.984930317484  -1.62880247265
0.733333333333  -0.266666666667  -0.466666666667  0.657080378026  0.0                0.342919621974  1.2  -1.0  0.314160756053  0.0                1180.0  9.83432707691  -0.984875017913  -1.62853459184
0.733333333333  -0.266666666667  -0.466666666667  0.657228794324  0.0                0.342771205676  1.2  -1.0  0.314457588648  0.0                1190.0  9.7516856729   -0.984261556871  -1.62827732991
0.733333333333  -0.266666666667  -0.466666666667  0.657197548788  0.0                0.342802451212  1.2  -1.0  0.314395097575  0.0                1200.0  9.67042162562  -0.984189333005  -1.62813011676
0.733333333333  -0.266666666667  -0.466666666667  0.657179136239  0.0                0.342820863761  1.2  -1.0  0.314358272479  0.0                1210.0  9.59050078574  -0.984053271589  -1.62794986523
0.733333333333  -0.266666666667  -0.466666666667  0.657252088987  0.0                0.342747911013  1.2  -1.0  0.314504177975  0.0                1220.0  9.51189012357  -0.983686553096  -1.62775823333
0.733333333333  -0.266666666667  -0.466666666667  0.65727273336   0.0                0.34272726664   1.2  -1.0  0.314545466719  0.0                1230.0  9.43455768354  -0.983430725349  -1.62755195208
0.733333333333  -0.266666666667  -0.466666666667  0.657280823722  0.0                0.342719176278  1.2  -1.0  0.314561647443  0.0                1240.0  9.35847254093  -0.983305181045  -1.62744582464
0.733333333333  -0.266666666667  -0.466666666667  0.657172859234  0.0                0.342827140766  1.2  -1.0  0.314345718469  0.0                1250.0  9.2836047606   -0.983247853075  -1.6271293819
0.733333333333  -0.266666666667  -0.466666666667  0.657337735234  0.0                0.342662264766  1.2  -1.0  0.314675470469  0.0                1260.0  9.20992535774  -0.982753334157  -1.62703056539
0.733333333333  -0.266666666667  -0.466666666667  0.657309558456  0.0                0.342690441544  1.2  -1.0  0.314619116912  0.0                1270.0  9.13740626043  -0.982619076366  -1.62682868333
0.733333333333  -0.266666666667  -0.466666666667  0.657280963211  0.0                0.342719036789  1.2  -1.0  0.314561926421  0.0                1280.0  9.06602027402  -0.982518620265  -1.62665959864
0.733333333333  -0.266666666667  -0.466666666667  0.657331597718  0.0                0.342668402282  1.2  -1.0  0.314663195436  0.0                1290.0  8.99574104709  -0.982241681308  -1.6265041825
0.733333333333  -0.266666666667  -0.466666666667  0.65737469982   0.0                0.34262530018   1.2  -1.0  0.314749399639  0.0                1300.0  8.92654303904  -0.981929897257  -1.62629584349
0.733333333333  -0.266666666667  -0.466666666667  0.657551432385  0.0                0.342448567615  1.2  -1.0  0.315102864769  0.0                1310.0  8.85840148912  -0.98127304675   -1.62606315114
0.733333333333  -0.266666666667  -0.466666666667  0.657549200561  0.0                0.342450799439  1.2  -1.0  0.315098401121  0.0                1320.0  8.79129238693  -0.981092530878  -1.62587727889
0.733333333333  -0.266666666667  -0.466666666667  0.657440678117  0.0                0.342559321883  1.2  -1.0  0.314881356235  0.0                1330.0  8.72519244417  -0.981257259704  -1.62578155385
0.733333333333  -0.266666666667  -0.466666666667  0.657618666083  0.0                0.342381333917  1.2  -1.0  0.315237332167  0.0                1340.0  8.66007906772  -0.98062856823   -1.6255800335
0.733333333333  -0.266666666667  -0.466666666667  0.657758015596  0.0                0.342241984404  1.2  -1.0  0.315516031192  0.0                1350.0  8.59593033389  -0.980155585972  -1.62544149007
0.733333333333  -0.266666666667  -0.466666666667  0.657659954828  0.0                0.342340045172  1.2  -1.0  0.315319909656  0.0                1360.0  8.53272496379  -0.980124527068  -1.62517508532
0.733333333333  -0.266666666667  -0.466666666667  0.657636241698  0.0                0.342363758302  1.2  -1.0  0.315272483395  0.0                1370.0  8.47044229982  -0.980075713087  -1.62506935983
0.733333333333  -0.266666666667  -0.466666666667  0.657734023488  0.0                0.342265976512  1.2  -1.0  0.315468046975  0.0                1380.0  8.40906228315  -0.979689519569  -1.62491784261
0.733333333333  -0.266666666667  -0.466666666667  0.657759689464  0.0                0.342240310536  1.2  -1.0  0.315519378928  0.0                1390.0  8.34856543219  -0.979472812484  -1.62476273386
0.733333333333  -0.266666666667  -0.466666666667  0.657892622483  0.0                0.342107377517  1.2  -1.0  0.315785244965  0.0                1400.0  8.28893282196  -0.97903056441   -1.62463952503
0.733333333333  -0.266666666667  -0.466666666667  0.657929866046  0.0                0.342070133954  1.2  -1.0  0.315859732092  0.0                1410.0  8.23014606436  -0.978712483345  -1.62441082852
0.733333333333  -0.266666666667  -0.466666666667  0.657866817017  5.57956005859e-07  0.342132625027  1.2  -1.0  0.315734749946  1.11591201172e-06  1420.0  8.17218728926  -0.978733505795  -1.62428075648
0.733333333333  -0.266666666667  -0.466666666667  0.657863748259  0.0                0.342136251741  1.2  -1.0  0.315727496518  0.0                1430.0  8.1150391264   -0.978587802516  -1.624127465
0.733333333333  -0.266666666667  -0.466666666667  0.658155001294  0.0                0.341844998706  1.2  -1.0  0.316310002589  0.0                1440.0  8.05868468802  -0.977739487947  -1.62397815772
0.733333333333  -0.266666666667  -0.466666666667  0.657930005535  1.39489001953e-07  0.342069854976  1.2  -1.0  0.315860290048  2.78978003906e-07  1450.0  8.00310755224  -0.978040122793  -1.62373885854
0.733333333333  -0.266666666667  -0.466666666667  0.658239950096  0.0                0.341760049904  1.2  -1.0  0.316479900193  0.0                1460.0  7.94829174709  -0.977200527486  -1.62364307438
0.733333333333  -0.266666666667  -0.466666666667  0.658247203524  1.39489001953e-07  0.341752656987  1.2  -1.0  0.316494686027  2.78978003906e-07  1470.0  7.8942217352   -0.977029601841  -1.62348961276
0.733333333333  -0.266666666667  -0.466666666667  0.658238555206  2.7897800293e-07   0.341761165816  1.2  -1.0  0.316477668369  5.57956005859e-07  1480.0  7.84088239916  -0.976818548068  -1.62325785882
0.733333333333  -0.266666666667  -0.466666666667  0.658412358502  0.0                0.341587641498  1.2  -1.0  0.316824717005  0.0                1490.0  7.78825902735  -0.976330837033  -1.6231871641
0.733333333333  -0.266666666667  -0.466666666667  0.658358655237  1.39489001953e-07  0.341641205274  1.2  -1.0  0.316717589452  2.78978003906e-07  1500.0  7.7363373005   -0.976273724707  -1.62300121974
0.733333333333  -0.266666666667  -0.466666666667  0.658432165941  1.39489001953e-07  0.34156769457   1.2  -1.0  0.316864610859  2.78978003906e-07  1510.0  7.68510327864  -0.975976032972  -1.62287995369
0.733333333333  -0.266666666667  -0.466666666667  0.658544733565  2.7897800293e-07   0.341454987457  1.2  -1.0  0.317090025086  5.57956005859e-07  1520.0  7.63454338865  -0.975540347426  -1.62271448624
0.733333333333  -0.266666666667  -0.466666666667  0.658655069365  0.0                0.341344930635  1.2  -1.0  0.31731013873   0.0                1530.0  7.58464441225  -0.975063196725  -1.62250202987
0.733333333333  -0.266666666667  -0.466666666667  0.658670692133  2.7897800293e-07   0.341329028889  1.2  -1.0  0.317341942223  5.57956005859e-07  1540.0  7.53539347451  -0.974904580871  -1.62238102025
0.733333333333  -0.266666666667  -0.466666666667  0.658746992617  1.39489001953e-07  0.341252867894  1.2  -1.0  0.317494264212  2.78978003906e-07  1550.0  7.48677803274  -0.974562800482  -1.62222230522
0.733333333333  -0.266666666667  -0.466666666667  0.658789257785  2.7897800293e-07   0.341210463237  1.2  -1.0  0.317579073525  5.57956005859e-07  1560.0  7.43878586587  -0.974273146765  -1.6220341437
0.733333333333  -0.266666666667  -0.466666666667  0.658904754678  0.0                0.341095245322  1.2  -1.0  0.317809509356  0.0                1570.0  7.39140506417  -0.973836094604  -1.6218741725
0.733333333333  -0.266666666667  -0.466666666667  0.658986495233  1.39489001953e-07  0.341013365278  1.2  -1.0  0.317973269444  2.78978003906e-07  1580.0  7.34462401946  -0.973485601045  -1.62171991206
0.733333333333  -0.266666666667  -0.466666666667  0.658881041548  0.0                0.341118958452  1.2  -1.0  0.317762083095  0.0                1590.0  7.29843141557  -0.973681380438  -1.62166254682
0.733333333333  -0.266666666667  -0.466666666667  0.659060563893  2.7897800293e-07   0.340939157129  1.2  -1.0  0.318121685741  5.57956005859e-07  1600.0  7.25281621922  -0.973051824158  -1.62146395576
0.733333333333  -0.266666666667  -0.466666666667  0.65920200574   5.57956005859e-07  0.340797436304  1.2  -1.0  0.318405127393  1.11591201172e-06  1610.0  7.20776767127  -0.972546532987  -1.62129823661
0.733333333333  -0.266666666667  -0.466666666667  0.659302716799  0.0                0.340697283201  1.2  -1.0  0.318605433599  0.0                1620.0  7.16327527824  -0.972150075687  -1.62114326267
0.733333333333  -0.266666666667  -0.466666666667  0.659302298332  2.7897800293e-07   0.34069742269   1.2  -1.0  0.318605154621  5.57956005859e-07  1630.0  7.11932880414  -0.972021505602  -1.62101379986
0.733333333333  -0.266666666667  -0.466666666667  0.659323500661  1.39489001953e-07  0.34067635985   1.2  -1.0  0.318647280299  2.78978003906e-07  1640.0  7.07591826265  -0.971828496587  -1.62087162063
0.733333333333  -0.266666666667  -0.466666666667  0.659500233226  1.39489001953e-07  0.340499627285  1.2  -1.0  0.319000745429  2.78978003906e-07  1650.0  7.03303390954  -0.971348093208  -1.62081537541
0.733333333333  -0.266666666667  -0.466666666667  0.659524504312  4.18467004883e-07  0.340475077221  1.2  -1.0  0.319049845558  8.36934009766e-07  1660.0  6.99066623539  -0.971091756704  -1.6206174011
0.733333333333  -0.266666666667  -0.466666666667  0.659588808742  2.7897800293e-07   0.34041091228   1.2  -1.0  0.319178175439  5.57956005859e-07  1670.0  6.94880595853  -0.97078913099   -1.62046905023
0.733333333333  -0.266666666667  -0.466666666667  0.65979720531   5.57956005859e-07  0.340202236734  1.2  -1.0  0.319595526532  1.11591201172e-06  1680.0  6.9074440183   -0.970105380575  -1.62028556317
0.733333333333  -0.266666666667  -0.466666666667  0.659772515757  4.18467004883e-07  0.340227065776  1.2  -1.0  0.319545868447  8.36934009766e-07  1690.0  6.86657156849  -0.970033476422  -1.62015434829
0.733333333333  -0.266666666667  -0.466666666667  0.659783814366  1.25540101367e-06  0.340214930233  1.2  -1.0  0.319570139534  2.51080202734e-06  1700.0  6.82617997103  -0.969845091189  -1.61999341449
0.733333333333  -0.266666666667  -0.466666666667  0.660010483993  2.7897800293e-07   0.339989237029  1.2  -1.0  0.320021525943  5.57956005859e-07  1710.0  6.78626078991  -0.969204933516  -1.61989687336
0.733333333333  -0.266666666667  -0.466666666667  0.659995698159  1.53437901758e-06  0.340002767462  1.2  -1.0  0.319994465076  3.06875803516e-06  1720.0  6.74680578532  -0.969126872897  -1.6197838289
0.733333333333  -0.266666666667  -0.466666666667  0.660095432795  5.57956005859e-07  0.339904009249  1.2  -1.0  0.320191981503  1.11591201172e-06  1730.0  6.70780690795  -0.968704276071  -1.61960020463
0.733333333333  -0.266666666667  -0.466666666667  0.660098501553  1.39489001953e-07  0.339901358958  1.2  -1.0  0.320197282085  2.78978003906e-07  1740.0  6.66925629353  -0.968590687226  -1.61949381342
0.733333333333  -0.266666666667  -0.466666666667  0.660298249804  4.18467004883e-07  0.339701331729  1.2  -1.0  0.320597336541  8.36934009766e-07  1750.0  6.63114625757  -0.968000417353  -1.61938305093
0.733333333333  -0.266666666667  -0.466666666667  0.660276489519  1.67386801855e-06  0.339721836613  1.2  -1.0  0.320556326775  3.34773603711e-06  1760.0  6.5934692902   -0.967950172224  -1.61928108328
0.733333333333  -0.266666666667  -0.466666666667  0.660345955042  8.36934009766e-07  0.339653208024  1.2  -1.0  0.320693583952  1.67386801953e-06  1770.0  6.55621805127  -0.967528932624  -1.61902622616
0.733333333333  -0.266666666667  -0.466666666667  0.660505251482  8.36934009766e-07  0.339493911584  1.2  -1.0  0.321012176832  1.67386801953e-06  1780.0  6.51938536559  -0.967064711961  -1.61894431696
0.733333333333  -0.266666666667  -0.466666666667  0.660666919235  1.39489001563e-06  0.339331685875  1.2  -1.0  0.32133662825   2.78978003125e-06  1790.0  6.4829642183   -0.966545490691  -1.61881332148
0.733333333333  -0.266666666667  -0.466666666667  0.660727038994  9.76423010742e-07  0.339271984583  1.2  -1.0  0.321456030835  1.95284602148e-06  1800.0  6.44694775042  -0.966280119924  -1.61869207075
0.733333333333  -0.266666666667  -0.466666666667  0.660900981779  1.25540101367e-06  0.33909776282   1.2  -1.0  0.321804474361  2.51080202734e-06  1810.0  6.41132925456  -0.965694120107  -1.6185236452
0.733333333333  -0.266666666667  -0.466666666667  0.660673614707  9.76423010742e-07  0.33932540887   1.2  -1.0  0.32134918226   1.95284602148e-06  1820.0  6.37610217074  -0.966125351572  -1.6184090841
0.733333333333  -0.266666666667  -0.466666666667  0.660890241126  3.06875803418e-06  0.339106690116  1.2  -1.0  0.321786619769  6.13751606836e-06  1830.0  6.34126008238  -0.96546268164   -1.61826715451
0.733333333333  -0.266666666667  -0.466666666667  0.661039912825  1.53437901758e-06  0.338958552796  1.2  -1.0  0.322082894408  3.06875803516e-06  1840.0  6.30679671236  -0.964931088326  -1.61809415952
0.733333333333  -0.266666666667  -0.466666666667  0.661243706256  1.25540101367e-06  0.338755038343  1.2  -1.0  0.322489923315  2.51080202734e-06  1850.0  6.27270591932  -0.96429711173   -1.61794917557
0.733333333333  -0.266666666667  -0.466666666667  0.661206602182  1.67386801855e-06  0.33879172395   1.2  -1.0  0.3224165521    3.34773603711e-06  1860.0  6.23898169395  -0.964264886423  -1.61782806787
0.733333333333  -0.266666666667  -0.466666666667  0.661459356253  2.51080202832e-06  0.338538132945  1.2  -1.0  0.322923734109  5.02160405664e-06  1870.0  6.20561815548  -0.963570458916  -1.61774058491
0.733333333333  -0.266666666667  -0.466666666667  0.661433690276  1.53437901758e-06  0.338564775345  1.2  -1.0  0.322870449311  3.06875803516e-06  1880.0  6.17260954827  -0.963481399366  -1.61758953645
0.733333333333  -0.266666666667  -0.466666666667  0.661526310973  1.39489001563e-06  0.338472294137  1.2  -1.0  0.323055411727  2.78978003125e-06  1890.0  6.13995023849  -0.963135111881  -1.61746548284
0.733333333333  -0.266666666667  -0.466666666667  0.661559090889  3.34773603809e-06  0.338437561375  1.2  -1.0  0.32312487725   6.69547207617e-06  1900.0  6.10763471092  -0.962914481177  -1.61732430507
0.733333333333  -0.266666666667  -0.466666666667  0.661531611555  1.95284602246e-06  0.338466435598  1.2  -1.0  0.323067128803  3.90569204492e-06  1910.0  6.07565756584  -0.962919544302  -1.61726285984
0.733333333333  -0.266666666667  -0.466666666667  0.661899723031  1.67386801855e-06  0.338098603101  1.2  -1.0  0.323802793797  3.34773603711e-06  1920.0  6.04401351602  -0.961860614765  -1.61708728625
0.733333333333  -0.266666666667  -0.466666666667  0.661941988198  2.9292690332e-06   0.338055082533  1.2  -1.0  0.323889834934  5.85853806641e-06  1930.0  6.01269738381  -0.961698804244  -1.61702741429
0.733333333333  -0.266666666667  -0.466666666667  0.661962911548  6.13751606934e-06  0.338030950936  1.2  -1.0  0.323938098129  1.22750321387e-05  1940.0  5.98170409833  -0.961454186007  -1.61683429539
0.733333333333  -0.266666666667  -0.466666666667  0.661993320151  5.16109305859e-06  0.338001518756  1.2  -1.0  0.323996962488  1.03221861172e-05  1950.0  5.95102869269  -0.961349770555  -1.61680247002
0.733333333333  -0.266666666667  -0.466666666667  0.662061948739  2.9292690332e-06   0.337935121992  1.2  -1.0  0.324129756017  5.85853806641e-06  1960.0  5.9206663014   -0.961056838352  -1.6166733537
0.733333333333  -0.266666666667  -0.466666666667  0.662160846442  3.06875803418e-06  0.3378360848    1.2  -1.0  0.324327830399  6.13751606836e-06  1970.0  5.89061215774  -0.960652942579  -1.61650686821
0.733333333333  -0.266666666667  -0.466666666667  0.662373985636  6.41649407227e-06  0.33761959787   1.2  -1.0  0.32476080426   1.28329881445e-05  1980.0  5.86086159129  -0.959947296033  -1.61631409482
0.733333333333  -0.266666666667  -0.466666666667  0.66250608172   3.62671404102e-06  0.337490291565  1.2  -1.0  0.325019416869  7.25342808203e-06  1990.0  5.8314100255   -0.959496980947  -1.61617969443
0.733333333333  -0.266666666667  -0.466666666667  0.662555321338  4.32415904883e-06  0.337440354503  1.2  -1.0  0.325119290994  8.64831809766e-06  2000.0  5.80225297537  -0.959296403073  -1.61609757061
0.733333333333  -0.266666666667  -0.466666666667  0.662580010891  5.5795600625e-06   0.337414409549  1.2  -1.0  0.325171180903  1.1159120125e-05   2010.0  5.77338604515  -0.95912683052   -1.61598775515
0.733333333333  -0.266666666667  -0.466666666667  0.662682395818  5.71904906445e-06  0.337311885132  1.2  -1.0  0.325376229735  1.14380981289e-05  2020.0  5.74480492611  -0.958701673455  -1.6158083777
0.733333333333  -0.266666666667  -0.466666666667  0.66274502638   7.67189508594e-06  0.337247301725  1.2  -1.0  0.32550539655   1.53437901719e-05  2030.0  5.71650539446  -0.958501383922  -1.61575918266
0.733333333333  -0.266666666667  -0.466666666667  0.662921200989  6.41649407227e-06  0.337072382517  1.2  -1.0  0.325855234966  1.28329881445e-05  2040.0  5.68848330919  -0.957891927853  -1.61557204349
0.733333333333  -0.266666666667  -0.466666666667  0.663045206712  7.81138408789e-06  0.336946981904  1.2  -1.0  0.326106036191  1.56227681758e-05  2050.0  5.66073461012  -0.957553078735  -1.61553136606
0.733333333333  -0.266666666667  -0.466666666667  0.663174513016  7.95087308984e-06  0.336817536111  1.2  -1.0  0.326364927778  1.59017461797e-05  2060.0  5.6332553159   -0.957099172972  -1.61538785123
0.733333333333  -0.266666666667  -0.466666666667  0.663293915601  6.13751606934e-06  0.336699946883  1.2  -1.0  0.326600106235  1.22750321387e-05  2070.0  5.6060415221   -0.956719533935  -1.61529405305
0.733333333333  -0.266666666667  -0.466666666667  0.663383188562  7.11393908008e-06  0.336609697499  1.2  -1.0  0.326780605003  1.42278781602e-05  2080.0  5.5790893994   -0.956430829745  -1.61521999454
0.733333333333  -0.266666666667  -0.466666666667  0.663472182545  6.83496107715e-06  0.336520982494  1.2  -1.0  0.326958035013  1.36699221543e-05  2090.0  5.55239519175  -0.955967187354  -1.61496982611
0.733333333333  -0.266666666667  -0.466666666667  0.663413736654  7.81138408789e-06  0.336578451962  1.2  -1.0  0.326843096076  1.56227681758e-05  2100.0  5.52595521464  -0.956103288254  -1.61496604744
0.733333333333  -0.266666666667  -0.466666666667  0.663526862234  8.22985109277e-06  0.336464907915  1.2  -1.0  0.32707018417   1.64597021855e-05  2110.0  5.49976585344  -0.955671357947  -1.61480578591
0.733333333333  -0.266666666667  -0.466666666667  0.663705129178  1.1298609127e-05   0.336283572213  1.2  -1.0  0.327432855574  2.25972182539e-05  2120.0  5.47382356168  -0.955114520678  -1.61467801681
0.733333333333  -0.266666666667  -0.466666666667  0.663664956346  9.48525210645e-06  0.336325558402  1.2  -1.0  0.327348883195  1.89705042129e-05  2130.0  5.44812485951  -0.955144922476  -1.61461127847
0.733333333333  -0.266666666667  -0.466666666667  0.663842246867  9.34576310547e-06  0.33614840737   1.2  -1.0  0.327703185259  1.86915262109e-05  2140.0  5.42266633213  -0.954537516569  -1.61442931402
0.733333333333  -0.266666666667  -0.466666666667  0.66395913865   1.32514551494e-05  0.336027609895  1.2  -1.0  0.32794478021   2.65029102988e-05  2150.0  5.39744462826  -0.954150605325  -1.61432450533
0.733333333333  -0.266666666667  -0.466666666667  0.664113134508  1.08801421221e-05  0.33587598535   1.2  -1.0  0.328248029299  2.17602842441e-05  2160.0  5.37245645868  -0.953624133724  -1.61416667526
0.733333333333  -0.266666666667  -0.466666666667  0.664245788548  1.42278781602e-05  0.335739983574  1.2  -1.0  0.328520032852  2.84557563203e-05  2170.0  5.34769859482  -0.953186859129  -1.61404910946
0.733333333333  -0.266666666667  -0.466666666667  0.664405224477  1.45068561631e-05  0.335580268667  1.2  -1.0  0.328839462666  2.90137123262e-05  2180.0  5.32316786732  -0.952712963554  -1.61395797171
0.733333333333  -0.266666666667  -0.466666666667  0.664353613546  1.35304331523e-05  0.335632856021  1.2  -1.0  0.328734287959  2.70608663047e-05  2190.0  5.29886116473  -0.952740227036  -1.61386097839
0.733333333333  -0.266666666667  -0.466666666667  0.664550293038  1.19960541348e-05  0.335437710907  1.2  -1.0  0.329124578185  2.39921082695e-05  2200.0  5.27477543216  -0.952194782572  -1.61378695095
0.733333333333  -0.266666666667  -0.466666666667  0.664645424538  1.45068561631e-05  0.335340068606  1.2  -1.0  0.329319862787  2.90137123262e-05  2210.0  5.25090767002  -0.951784569259  -1.61360605756
0.733333333333  -0.266666666667  -0.466666666667  0.664586141712  9.48525210645e-06  0.335404373036  1.2  -1.0  0.329191253928  1.89705042129e-05  2220.0  5.22725493277  -0.951877445459  -1.61355464633
0.733333333333  -0.266666666667  -0.466666666667  0.66468559737   1.59017461787e-05  0.335298500884  1.2  -1.0  0.329402998232  3.18034923574e-05  2230.0  5.20381432769  -0.951485118145  -1.6134035792
0.733333333333  -0.266666666667  -0.466666666667  0.664902921234  1.71571471934e-05  0.335079921618  1.2  -1.0  0.329840156763  3.43142943867e-05  2240.0  5.18058301373  -0.950806321628  -1.61324686211
0.733333333333  -0.266666666667  -0.466666666667  0.665040875857  1.67386801885e-05  0.334942385463  1.2  -1.0  0.330115229074  3.3477360377e-05   2250.0  5.15755820033  -0.95041820599   -1.61318967018
0.733333333333  -0.266666666667  -0.466666666667  0.6650390625    1.65991911865e-05  0.334944338309  1.2  -1.0  0.330111323382  3.3198382373e-05   2260.0  5.13473714635  -0.950327278807  -1.61309433515
0.733333333333  -0.266666666667  -0.466666666667  0.665246622134  2.03653942295e-05  0.334733012471  1.2  -1.0  0.330533975057  4.0730788459e-05   2270.0  5.11211715892  -0.949614026169  -1.61288073211
0.733333333333  -0.266666666667  -0.466666666667  0.665251922716  2.18997732471e-05  0.33472617751   1.2  -1.0  0.330547644979  4.37995464941e-05  2280.0  5.08969559243  -0.949540764077  -1.61282080517
0.733333333333  -0.266666666667  -0.466666666667  0.665485148327  2.02259052275e-05  0.334494625768  1.2  -1.0  0.331010748465  4.04518104551e-05  2290.0  5.06746984749  -0.94890343896   -1.61274255197
0.733333333333  -0.266666666667  -0.466666666667  0.665696753142  2.44105752754e-05  0.334278836282  1.2  -1.0  0.331442327435  4.88211505508e-05  2300.0  5.04543736989  -0.948172436936  -1.61252107537
0.733333333333  -0.266666666667  -0.466666666667  0.665621847549  2.55264872871e-05  0.334352625964  1.2  -1.0  0.331294748072  5.10529745742e-05  2310.0  5.02359564968  -0.948276368931  -1.61244568031
0.733333333333  -0.266666666667  -0.466666666667  0.665577769024  2.2039262248e-05   0.334400191714  1.2  -1.0  0.331199616573  4.40785244961e-05  2320.0  5.00194222015  -0.948352728815  -1.61241485684
0.733333333333  -0.266666666667  -0.466666666667  0.665819782442  2.44105752754e-05  0.334155806983  1.2  -1.0  0.331688386034  4.88211505508e-05  2330.0  4.98047465697  -0.947631662301  -1.61227557106
0.733333333333  -0.266666666667  -0.466666666667  0.665777656763  2.91532013281e-05  0.334193190035  1.2  -1.0  0.331613619929  5.83064026562e-05  2340.0  4.95919057724  -0.947607467858  -1.61215217204
0.733333333333  -0.266666666667  -0.466666666667  0.665991493403  3.18034923584e-05  0.333976703105  1.2  -1.0  0.33204659379   6.36069847168e-05  2350.0  4.93808763862  -0.9469301659    -1.61198913813
0.733333333333  -0.266666666667  -0.466666666667  0.665972104432  2.51080202832e-05  0.334002787548  1.2  -1.0  0.331994424904  5.02160405664e-05  2360.0  4.91716353845  -0.946967323495  -1.611977084
0.733333333333  -0.266666666667  -0.466666666667  0.665913937518  2.78978003145e-05  0.334058164682  1.2  -1.0  0.331883670636  5.57956006289e-05  2370.0  4.89641601298  -0.946992797734  -1.61186407356
0.733333333333  -0.266666666667  -0.466666666667  0.66645292302   3.02691133408e-05  0.333516807867  1.2  -1.0  0.332966384267  6.05382266816e-05  2380.0  4.87584283645  -0.945563504709  -1.61172929427
0.733333333333  -0.266666666667  -0.466666666667  0.666270750384  3.11060473506e-05  0.333698143569  1.2  -1.0  0.332603712862  6.22120947012e-05  2390.0  4.8554418204   -0.945816374913  -1.61154528492
0.733333333333  -0.266666666667  -0.466666666667  0.666403543913  3.43142943867e-05  0.333562141792  1.2  -1.0  0.332875716416  6.86285887734e-05  2400.0  4.83521081281  -0.945420041111  -1.61146893889
