#mu0  mu1   mu2  x0              x1                 x2              mua   mub   xa                 xb                 T       b              u               phi
0.3   -0.8  0.5  0.5             0.0                0.5             -0.2  -1.1  0.0                0.0                30.0    386.816865025  -1.31774118     -2.11774118
0.3   -0.8  0.5  0.5             0.0                0.5             -0.2  -1.1  0.0                0.0                40.0    290.112648769  -1.31774118     -2.11774118
0.3   -0.8  0.5  0.5             0.0                0.5             -0.2  -1.1  0.0                0.0                50.0    232.090119015  -1.31774118     -2.11774118
0.3   -0.8  0.5  0.5             0.0                0.5             -0.2  -1.1  0.0                0.0                60.0    193.408432513  -1.31774118     -2.11774118
0.3   -0.8  0.5  0.5             0.0                0.5             -0.2  -1.1  0.0                0.0                70.0    165.778656439  -1.31774118     -2.11774118
0.3   -0.8  0.5  0.5             0.0                0.5             -0.2  -1.1  0.0                0.0                80.0    145.056324384  -1.31774118     -2.11774118
0.3   -0.8  0.5  0.5             0.0                0.5             -0.2  -1.1  0.0                0.0                90.0    128.938955008  -1.31774118     -2.11774118
0.3   -0.8  0.5  0.5             0.0                0.5             -0.2  -1.1  0.0                0.0                100.0   116.045059507  -1.31774118     -2.11774118
0.3   -0.8  0.5  0.5             0.0                0.5             -0.2  -1.1  0.0                0.0                110.0   105.495508643  -1.31774118     -2.11774118
0.3   -0.8  0.5  0.5             0.0                0.5             -0.2  -1.1  0.0                0.0                120.0   96.7042162563  -1.31774118     -2.11774118
0.3   -0.8  0.5  0.5             0.0                0.5             -0.2  -1.1  0.0                0.0                130.0   89.2654303904  -1.31774118     -2.11774118
0.3   -0.8  0.5  0.5             0.0                0.5             -0.2  -1.1  0.0                0.0                140.0   82.8893282196  -1.31774118     -2.11774118
0.3   -0.8  0.5  0.5             0.0                0.5             -0.2  -1.1  0.0                0.0                150.0   77.363373005   -1.31774118     -2.11774118
0.3   -0.8  0.5  0.5             0.0                0.5             -0.2  -1.1  0.0                0.0                160.0   72.5281621922  -1.31774118     -2.11774118
0.3   -0.8  0.5  0.5             0.0                0.5             -0.2  -1.1  0.0                0.0                170.0   68.2617997103  -1.31774118     -2.11774118
0.3   -0.8  0.5  0.5             0.0                0.5             -0.2  -1.1  0.0                0.0                180.0   64.4694775042  -1.31774118     -2.11774118
0.3   -0.8  0.5  0.5             0.0                0.5             -0.2  -1.1  0.0                0.0                190.0   61.0763471092  -1.31774118     -2.11774118
0.3   -0.8  0.5  0.5             0.0                0.5             -0.2  -1.1  0.0                0.0                200.0   58.0225297537  -1.31774118     -2.11774118
0.3   -0.8  0.5  0.5             0.0                0.5             -0.2  -1.1  0.0                0.0                210.0   55.2595521464  -1.31774118     -2.11774118
0.3   -0.8  0.5  0.5             0.0                0.5             -0.2  -1.1  0.0                0.0                220.0   52.7477543216  -1.31774118     -2.11774118
0.3   -0.8  0.5  0.5             0.0                0.5             -0.2  -1.1  0.0                0.0                230.0   50.4543736989  -1.31774118     -2.11774118
0.3   -0.8  0.5  0.5             0.0                0.5             -0.2  -1.1  0.0                0.0                240.0   48.3521081281  -1.31774118     -2.11774118
0.3   -0.8  0.5  0.5             0.0                0.5             -0.2  -1.1  0.0                0.0                250.0   46.418023803   -1.31774118     -2.11774118
0.3   -0.8  0.5  0.5             0.0                0.5             -0.2  -1.1  0.0                0.0                260.0   44.6327151952  -1.31774118     -2.11774118
0.3   -0.8  0.5  0.5             0.0                0.5             -0.2  -1.1  0.0                0.0                270.0   42.9796516694  -1.31774118     -2.11774118
0.3   -0.8  0.5  0.5             0.0                0.5             -0.2  -1.1  0.0                0.0                280.0   41.4446641098  -1.31774118     -2.11774118
0.3   -0.8  0.5  0.5             0.0                0.5             -0.2  -1.1  0.0                0.0                290.0   40.0155377612  -1.31774118     -2.11774118
0.3   -0.8  0.5  0.5             0.0                0.5             -0.2  -1.1  0.0                0.0                300.0   38.6816865025  -1.31774118     -2.11774118
0.3   -0.8  0.5  0.5             0.0                0.5             -0.2  -1.1  0.0                0.0                310.0   37.4338901637  -1.31774118     -2.11774118
0.3   -0.8  0.5  0.5             0.0                0.5             -0.2  -1.1  0.0                0.0                320.0   36.2640810961  -1.31774118     -2.11774118
0.3   -0.8  0.5  0.5             0.0                0.5             -0.2  -1.1  0.0                0.0                330.0   35.1651695477  -1.31774118     -2.11774118
0.3   -0.8  0.5  0.5             0.0                0.5             -0.2  -1.1  0.0                0.0                340.0   34.1308998551  -1.31774118     -2.11774118
0.3   -0.8  0.5  0.5             0.0                0.5             -0.2  -1.1  0.0                0.0                350.0   33.1557312879  -1.31774118     -2.11774118
0.3   -0.8  0.5  0.5             0.0                0.5             -0.2  -1.1  0.0                0.0                360.0   32.2347387521  -1.31774118     -2.11774118
0.3   -0.8  0.5  0.5             0.0                0.5             -0.2  -1.1  0.0                0.0                370.0   31.3635295966  -1.31774118     -2.11774118
0.3   -0.8  0.5  0.5             0.0                0.5             -0.2  -1.1  0.0                0.0                380.0   30.5381735546  -1.31774118     -2.11774118
0.3   -0.8  0.5  0.5             0.0                0.5             -0.2  -1.1  0.0                0.0                390.0   29.7551434635  -1.31774118     -2.11774118
0.3   -0.8  0.5  0.5             0.0                0.5             -0.2  -1.1  0.0                0.0                400.0   29.0112648769  -1.31774118     -2.11774118
0.3   -0.8  0.5  0.5             0.0                0.5             -0.2  -1.1  0.0                0.0                410.0   28.3036730506  -1.31774118     -2.11774118
0.3   -0.8  0.5  0.5             0.0                0.5             -0.2  -1.1  0.0                0.0                420.0   27.6297760732  -1.31774118     -2.11774118
0.3   -0.8  0.5  0.5             0.0                0.5             -0.2  -1.1  0.0                0.0                430.0   26.9872231413  -1.31774118     -2.11774118
0.3   -0.8  0.5  0.5             0.0                0.5             -0.2  -1.1  0.0                0.0                440.0   26.3738771608  -1.31774118     -2.11774118
0.3   -0.8  0.5  0.5             0.0                0.5             -0.2  -1.1  0.0                0.0                450.0   25.7877910017  -1.31774118     -2.11774118
0.3   -0.8  0.5  0.5             0.0                0.5             -0.2  -1.1  0.0                0.0                460.0   25.2271868495  -1.31774118     -2.11774118
0.3   -0.8  0.5  0.5             0.0                0.5             -0.2  -1.1  0.0                0.0                470.0   24.6904381931  -1.31774118     -2.11774118
0.3   -0.8  0.5  0.5             0.0                0.5             -0.2  -1.1  0.0                0.0                480.0   24.1760540641  -1.31774118     -2.11774118
0.3   -0.8  0.5  0.5             0.0                0.5             -0.2  -1.1  0.0                0.0                490.0   23.6826652056  -1.31774118     -2.11774118
0.3   -0.8  0.5  0.5             0.0                0.5             -0.2  -1.1  0.0                0.0                500.0   23.2090119015  -1.31774118     -2.11774118
0.3   -0.8  0.5  0.5             0.0                0.5             -0.2  -1.1  0.0                0.0                510.0   22.7539332368  -1.31774118     -2.11774118
0.3   -0.8  0.5  0.5             0.0                0.5             -0.2  -1.1  0.0                0.0                520.0   22.3163575976  -1.31774118     -2.11774118
0.3   -0.8  0.5  0.5             0.0                0.5             -0.2  -1.1  0.0                0.0                530.0   21.8952942467  -1.31774118     -2.11774118
0.3   -0.8  0.5  0.5             0.0                0.5             -0.2  -1.1  0.0                0.0                540.0   21.4898258347  -1.31774118     -2.11774118
0.3   -0.8  0.5  0.5             0.0                0.5             -0.2  -1.1  0.0                0.0                550.0   21.0991017286  -1.31774118     -2.11774118
0.3   -0.8  0.5  0.5             0.0                0.5             -0.2  -1.1  0.0                0.0                560.0   20.7223320549  -1.31774118     -2.11774118
0.3   -0.8  0.5  0.5             0.0                0.5             -0.2  -1.1  0.0                0.0                570.0   20.3587823697  -1.31774118     -2.11774118
0.3   -0.8  0.5  0.5             0.0                0.5             -0.2  -1.1  0.0                0.0                580.0   20.0077688806  -1.31774118     -2.11774118
0.3   -0.8  0.5  0.5             0.0                0.5             -0.2  -1.1  0.0                0.0                590.0   19.6686541538  -1.31774118     -2.11774118
0.3   -0.8  0.5  0.5             0.0                0.5             -0.2  -1.1  0.0                0.0                600.0   19.3408432512  -1.31774118     -2.11774118
0.3   -0.8  0.5  0.5             0.0                0.5             -0.2  -1.1  0.0                0.0                610.0   19.0237802471  -1.31774118     -2.11774118
0.3   -0.8  0.5  0.5             0.0                0.5             -0.2  -1.1  0.0                0.0                620.0   18.7169450819  -1.31774118     -2.11774118
0.3   -0.8  0.5  0.5             0.0                0.5             -0.2  -1.1  0.0                0.0                630.0   18.4198507155  -1.31774118     -2.11774118
0.3   -0.8  0.5  0.5             0.0                0.5             -0.2  -1.1  0.0                0.0                640.0   18.132040548   -1.31774118     -2.11774118
0.3   -0.8  0.5  0.5             0.0                0.5             -0.2  -1.1  0.0                0.0                650.0   17.8530860781  -1.31774118     -2.11774118
0.3   -0.8  0.5  0.5             0.0                0.5             -0.2  -1.1  0.0                0.0                660.0   17.5825847739  -1.31774118     -2.11774118
0.3   -0.8  0.5  0.5             0.0                0.5             -0.2  -1.1  0.0                0.0                670.0   17.3201581354  -1.31774118     -2.11774118
0.3   -0.8  0.5  0.5             0.0                0.5             -0.2  -1.1  0.0                0.0                680.0   17.0654499276  -1.31774118     -2.11774118
0.3   -0.8  0.5  0.5             0.0                0.5             -0.2  -1.1  0.0                0.0                690.0   16.8181245663  -1.31774118     -2.11774118
0.3   -0.8  0.5  0.5             0.0                0.5             -0.2  -1.1  0.0                0.0                700.0   16.5778656439  -1.31774118     -2.11774118
0.3   -0.8  0.5  0.5             0.0                0.5             -0.2  -1.1  0.0                0.0                710.0   16.3443745785  -1.31774118     -2.11774118
0.3   -0.8  0.5  0.5             0.0                0.5             -0.2  -1.1  0.0                0.0                720.0   16.117369376   -1.31774118     -2.11774118
0.3   -0.8  0.5  0.5             0.0                0.5             -0.2  -1.1  0.0                0.0                730.0   15.8965834942  -1.31774118     -2.11774118
0.3   -0.8  0.5  0.5             0.0                0.5             -0.2  -1.1  0.0                0.0                740.0   15.6817647983  -1.31774118     -2.11774118
0.3   -0.8  0.5  0.5             0.0                0.5             -0.2  -1.1  0.0                0.0                750.0   15.472674601   -1.31774118     -2.11774118
0.3   -0.8  0.5  0.5             0.0                0.5             -0.2  -1.1  0.0                0.0                760.0   15.2690867773  -1.31774118     -2.11774118
0.3   -0.8  0.5  0.5             0.0                0.5             -0.2  -1.1  0.0                0.0                770.0   15.070786949   -1.31774118     -2.11774118
0.3   -0.8  0.5  0.5             0.0                0.5             -0.2  -1.1  0.0                0.0                780.0   14.8775717317  -1.31774118     -2.11774118
0.3   -0.8  0.5  0.5             0.0                0.5             -0.2  -1.1  0.0                0.0                790.0   14.6892480389  -1.31774118     -2.11774118
0.3   -0.8  0.5  0.5             0.0                0.5             -0.2  -1.1  0.0                0.0                800.0   14.5056324384  -1.31774118     -2.11774118
0.3   -0.8  0.5  0.5             0.0                0.5             -0.2  -1.1  0.0                0.0                810.0   14.3265505565  -1.31774118     -2.11774118
0.3   -0.8  0.5  0.5             0.0                0.5             -0.2  -1.1  0.0                0.0                820.0   14.1518365253  -1.31774118     -2.11774118
0.3   -0.8  0.5  0.5             0.0                0.5             -0.2  -1.1  0.0                0.0                830.0   13.9813324708  -1.31774118     -2.11774118
0.3   -0.8  0.5  0.5             0.0                0.5             -0.2  -1.1  0.0                0.0                840.0   13.8148880366  -1.31774118     -2.11774118
0.3   -0.8  0.5  0.5             0.0                0.5             -0.2  -1.1  0.0                0.0                850.0   13.6523599421  -1.31774118     -2.11774118
0.3   -0.8  0.5  0.5             0.0                0.5             -0.2  -1.1  0.0                0.0                860.0   13.4936115706  -1.31774118     -2.11774118
0.3   -0.8  0.5  0.5             0.0                0.5             -0.2  -1.1  0.0                0.0                870.0   13.3385125871  -1.31774118     -2.11774118
0.3   -0.8  0.5  0.5             0.0                0.5             -0.2  -1.1  0.0                0.0                880.0   13.1869385804  -1.31774118     -2.11774118
0.3   -0.8  0.5  0.500000139489  0.0                0.499999860511  -0.2  -1.1  2.78978003809e-07  0.0                890.0   13.0387707312  -1.31774089958  -2.11774084379
0.3   -0.8  0.5  0.5             0.0                0.5             -0.2  -1.1  0.0                0.0                900.0   12.8938955008  -1.31774118     -2.11774118
0.3   -0.8  0.5  0.5             0.0                0.5             -0.2  -1.1  0.0                0.0                910.0   12.7522043415  -1.31774118     -2.11774118
0.3   -0.8  0.5  0.5             0.0                0.5             -0.2  -1.1  0.0                0.0                920.0   12.6135934247  -1.31774118     -2.11774118
0.3   -0.8  0.5  0.500000139489  0.0                0.499999860511  -0.2  -1.1  2.78978003809e-07  0.0                930.0   12.4779633879  -1.31774089958  -2.11774084379
0.3   -0.8  0.5  0.500000139489  0.0                0.499999860511  -0.2  -1.1  2.78978003809e-07  0.0                940.0   12.3452190965  -1.31774089958  -2.11774084379
0.3   -0.8  0.5  0.5             0.0                0.5             -0.2  -1.1  0.0                0.0                950.0   12.2152694218  -1.31774118     -2.11774118
0.3   -0.8  0.5  0.500000418467  0.0                0.499999581533  -0.2  -1.1  8.36934009874e-07  0.0                960.0   12.088027032   -1.31774033875  -2.11774017136
0.3   -0.8  0.5  0.500000139489  0.0                0.499999860511  -0.2  -1.1  2.78978003809e-07  0.0                970.0   11.9634081967  -1.31774089958  -2.11774084379
0.3   -0.8  0.5  0.5             0.0                0.5             -0.2  -1.1  0.0                0.0                980.0   11.8413326028  -1.31774118     -2.11774118
0.3   -0.8  0.5  0.500000418467  0.0                0.499999581533  -0.2  -1.1  8.36934009874e-07  0.0                990.0   11.7217231826  -1.31774033875  -2.11774017136
0.3   -0.8  0.5  0.500000976423  0.0                0.499999023577  -0.2  -1.1  1.95284602156e-06  0.0                1000.0  11.6045059507  -1.31773921708  -2.11773882651
0.3   -0.8  0.5  0.500000836934  0.0                0.499999163066  -0.2  -1.1  1.67386801941e-06  0.0                1010.0  11.4896098522  -1.3177394975   -2.11773916273
0.3   -0.8  0.5  0.500000418467  0.0                0.499999581533  -0.2  -1.1  8.36934009874e-07  0.0                1020.0  11.3769666184  -1.31774033875  -2.11774017136
0.3   -0.8  0.5  0.500000836934  0.0                0.499999163066  -0.2  -1.1  1.67386801941e-06  0.0                1030.0  11.2665106318  -1.3177394975   -2.11773916273
0.3   -0.8  0.5  0.500000418467  0.0                0.499999581533  -0.2  -1.1  8.36934009874e-07  0.0                1040.0  11.1581787988  -1.31774033875  -2.11774017136
0.3   -0.8  0.5  0.500001255401  0.0                0.499998744599  -0.2  -1.1  2.5108020274e-06   0.0                1050.0  11.0519104293  -1.31773865625  -2.11773815409
0.3   -0.8  0.5  0.500000557956  0.0                0.499999442044  -0.2  -1.1  1.11591201168e-06  0.0                1060.0  10.9476471233  -1.31774005833  -2.11773983515
0.3   -0.8  0.5  0.500000836934  0.0                0.499999163066  -0.2  -1.1  1.67386801941e-06  0.0                1070.0  10.8453326643  -1.3177394975   -2.11773916273
0.3   -0.8  0.5  0.500000697445  0.0                0.499999302555  -0.2  -1.1  1.39489001572e-06  0.0                1080.0  10.7449129174  -1.31773977792  -2.11773949894
0.3   -0.8  0.5  0.500000836934  0.0                0.499999163066  -0.2  -1.1  1.67386801941e-06  0.0                1090.0  10.6463357346  -1.3177394975   -2.11773916273
0.3   -0.8  0.5  0.500001534379  0.0                0.499998465621  -0.2  -1.1  3.06875803524e-06  0.0                1100.0  10.5495508643  -1.31773809542  -2.11773748166
0.3   -0.8  0.5  0.500001952846  0.0                0.499998047154  -0.2  -1.1  3.90569204489e-06  0.0                1110.0  10.4545098655  -1.31773725417  -2.11773647303
0.3   -0.8  0.5  0.50000139489   0.0                0.49999860511   -0.2  -1.1  2.7897800311e-06   0.0                1120.0  10.3611660275  -1.31773837583  -2.11773781788
0.3   -0.8  0.5  0.500002092335  0.0                0.499997907665  -0.2  -1.1  4.18467004693e-06  0.0                1130.0  10.2694742927  -1.31773697375  -2.11773613682
0.3   -0.8  0.5  0.500002231824  0.0                0.499997768176  -0.2  -1.1  4.46364805073e-06  0.0                1140.0  10.1793911849  -1.31773669333  -2.1177358006
0.3   -0.8  0.5  0.500003487225  0.0                0.499996512775  -0.2  -1.1  6.97445007802e-06  0.0                1150.0  10.0908747398  -1.31773416958  -2.11773277469
0.3   -0.8  0.5  0.500003347736  0.0                0.499996652264  -0.2  -1.1  6.69547207632e-06  0.0                1160.0  10.0038844403  -1.31773445     -2.11773311091
0.3   -0.8  0.5  0.500003626714  0.0                0.499996373286  -0.2  -1.1  7.25342808217e-06  0.0                1170.0  9.91838115449  -1.31773388917  -2.11773243848
0.3   -0.8  0.5  0.500001255401  0.0                0.499998744599  -0.2  -1.1  2.5108020274e-06   0.0                1180.0  9.83432707691  -1.31773865625  -2.11773815409
0.3   -0.8  0.5  0.50000278978   0.0                0.49999721022   -0.2  -1.1  5.57956006242e-06  0.0                1190.0  9.7516856729   -1.31773557167  -2.11773445575
0.3   -0.8  0.5  0.500004324159  0.0                0.499995675841  -0.2  -1.1  8.64831809766e-06  0.0                1200.0  9.67042162562  -1.31773248708  -2.11773075742
0.3   -0.8  0.5  0.500005021604  0.0                0.499994978396  -0.2  -1.1  1.00432081132e-05  0.0                1210.0  9.59050078574  -1.317731085    -2.11772907636
0.3   -0.8  0.5  0.500005021604  0.0                0.499994978396  -0.2  -1.1  1.00432081132e-05  0.0                1220.0  9.51189012357  -1.317731085    -2.11772907636
0.3   -0.8  0.5  0.500005719049  0.0                0.499994280951  -0.2  -1.1  1.1438098129e-05   0.0                1230.0  9.43455768354  -1.31772968292  -2.1177273953
0.3   -0.8  0.5  0.50000418467   0.0                0.49999581533   -0.2  -1.1  8.36934009385e-06  0.0                1240.0  9.35847254093  -1.3177327675   -2.11773109363
0.3   -0.8  0.5  0.500007392917  0.0                0.499992607083  -0.2  -1.1  1.47858341659e-05  0.0                1250.0  9.2836047606   -1.31772631792  -2.11772336075
0.3   -0.8  0.5  0.500005021604  0.0                0.499994978396  -0.2  -1.1  1.00432081132e-05  0.0                1260.0  9.20992535774  -1.317731085    -2.11772907636
0.3   -0.8  0.5  0.50000697445   0.0                0.49999302555   -0.2  -1.1  1.39489001563e-05  0.0                1270.0  9.13740626043  -1.31772715917  -2.11772436939
0.3   -0.8  0.5  0.50000976423   0.0                0.49999023577   -0.2  -1.1  1.95284602206e-05  0.0                1280.0  9.06602027402  -1.31772155083  -2.11771764514
0.3   -0.8  0.5  0.500009206274  0.0                0.499990793726  -0.2  -1.1  1.8412548207e-05   0.0                1290.0  8.99574104709  -1.3177226725   -2.11771898999
0.3   -0.8  0.5  0.500009903719  0.0                0.499990096281  -0.2  -1.1  1.98074382227e-05  0.0                1300.0  8.92654303904  -1.31772127042  -2.11771730893
0.3   -0.8  0.5  0.500010880142  0.0                0.499989119858  -0.2  -1.1  2.17602842452e-05  0.0                1310.0  8.85840148912  -1.3177193075   -2.11771495544
0.3   -0.8  0.5  0.500009206274  0.0                0.499990793726  -0.2  -1.1  1.8412548207e-05   0.0                1320.0  8.79129238693  -1.3177226725   -2.11771898999
0.3   -0.8  0.5  0.500012275032  0.0                0.499987724968  -0.2  -1.1  2.45500642775e-05  0.0                1330.0  8.72519244417  -1.31771650259  -2.11771159258
0.3   -0.8  0.5  0.500015901746  0.0                0.499984098254  -0.2  -1.1  3.18034923574e-05  0.0                1340.0  8.66007906772  -1.3177092125   -2.1177028518
0.3   -0.8  0.5  0.500010880142  0.0                0.499989119858  -0.2  -1.1  2.17602842452e-05  0.0                1350.0  8.59593033389  -1.3177193075   -2.11771495544
0.3   -0.8  0.5  0.500017296636  0.0                0.499982703364  -0.2  -1.1  3.45932723896e-05  0.0                1360.0  8.53272496379  -1.31770640833  -2.11769948968
0.3   -0.8  0.5  0.500018831015  0.0                0.499981168985  -0.2  -1.1  3.7662030424e-05   0.0                1370.0  8.47044229982  -1.31770332375  -2.11769579134
0.3   -0.8  0.5  0.500023992108  0.0                0.499976007892  -0.2  -1.1  4.79842165411e-05  0.0                1380.0  8.40906228315  -1.31769295196  -2.11768335512
0.3   -0.8  0.5  0.50002092335   0.0                0.49997907665   -0.2  -1.1  4.18467004708e-05  0.0                1390.0  8.34856543219  -1.31769911931  -2.11769074997
0.3   -0.8  0.5  0.500024271086  0.0                0.499975728914  -0.2  -1.1  4.85421725469e-05  0.0                1400.0  8.28893282196  -1.3176923875   -2.11768267906
0.3   -0.8  0.5  0.50002371313   0.0                0.49997628687   -0.2  -1.1  4.74262605341e-05  0.0                1410.0  8.23014606436  -1.31769350917  -2.11768402391
0.3   -0.8  0.5  0.500023294663  0.0                0.499976705337  -0.2  -1.1  4.65893265255e-05  0.0                1420.0  8.17218728926  -1.31769435042  -2.11768503255
0.3   -0.8  0.5  0.500030966558  0.0                0.499969033442  -0.2  -1.1  6.19331166973e-05  0.0                1430.0  8.1150391264   -1.3176789275   -2.11766654088
0.3   -0.8  0.5  0.500025386998  0.0                0.499974613002  -0.2  -1.1  5.07739965724e-05  0.0                1440.0  8.05868468802  -1.31769014417  -2.11767998937
0.3   -0.8  0.5  0.500029432179  0.0                0.499970567821  -0.2  -1.1  5.88643586631e-05  0.0                1450.0  8.00310755224  -1.31768201208  -2.11767023921
0.3   -0.8  0.5  0.500034453783  1.39489001953e-07  0.499965406728  -0.2  -1.1  6.91865447792e-05  2.78978003906e-07  1460.0  7.94829174709  -1.31767134116  -2.11765719698
0.3   -0.8  0.5  0.500037383052  0.0                0.499962616948  -0.2  -1.1  7.47661048417e-05  0.0                1470.0  7.8942217352   -1.31766602833  -2.11765107511
0.3   -0.8  0.5  0.500044357502  0.0                0.499955642498  -0.2  -1.1  8.8715005e-05      0.0                1480.0  7.84088239916  -1.3176520076   -2.1176342646
0.3   -0.8  0.5  0.500044218013  0.0                0.499955781987  -0.2  -1.1  8.84360269962e-05  0.0                1490.0  7.78825902735  -1.31765228791  -2.11763460071
0.3   -0.8  0.5  0.500051889909  0.0                0.499948110091  -0.2  -1.1  0.00010377981717   0.0                1500.0  7.7363373005   -1.31763686463  -2.11761610866
0.3   -0.8  0.5  0.500038359475  0.0                0.499961640525  -0.2  -1.1  7.67189508633e-05  0.0                1510.0  7.68510327864  -1.31766406541  -2.11764872162
0.3   -0.8  0.5  0.500046868305  0.0                0.499953131695  -0.2  -1.1  9.37366090565e-05  0.0                1520.0  7.63454338865  -1.3176469601   -2.11762821278
0.3   -0.8  0.5  0.500054819178  1.39489001953e-07  0.499945041333  -0.2  -1.1  0.000109917333238  2.78978003906e-07  1530.0  7.58464441225  -1.31763040577  -2.11760811543
0.3   -0.8  0.5  0.500050913486  0.0                0.499949086514  -0.2  -1.1  0.000101826971147  0.0                1540.0  7.53539347451  -1.31763882973  -2.11761846433
0.3   -0.8  0.5  0.50006151465   0.0                0.49993848535   -0.2  -1.1  0.000123029299387  0.0                1550.0  7.48677803274  -1.31761751678  -2.11759291092
0.3   -0.8  0.5  0.500056911513  0.0                0.499943088487  -0.2  -1.1  0.000113823025281  0.0                1560.0  7.43878586587  -1.31762676963  -2.11760400502
0.3   -0.8  0.5  0.500073092237  0.0                0.499926907763  -0.2  -1.1  0.000146184473647  0.0                1570.0  7.39140506417  -1.31759424556  -2.11756500866
0.3   -0.8  0.5  0.500065838809  0.0                0.499934161191  -0.2  -1.1  0.000131677617483  0.0                1580.0  7.34462401946  -1.31760877611  -2.11758244059
0.3   -0.8  0.5  0.500072813259  0.0                0.499927186741  -0.2  -1.1  0.000145626517641  0.0                1590.0  7.29843141557  -1.31759480096  -2.11756567566
0.3   -0.8  0.5  0.500080066687  0.0                0.499919933313  -0.2  -1.1  0.000160133373805  0.0                1600.0  7.25281621922  -1.3175802146   -2.11754818792
0.3   -0.8  0.5  0.500091504785  1.39489001953e-07  0.499908355726  -0.2  -1.1  0.000183288548064  2.78978003906e-07  1610.0  7.20776767127  -1.31755665425  -2.11751968967
0.3   -0.8  0.5  0.500082019533  0.0                0.499917980467  -0.2  -1.1  0.000164039065848  0.0                1620.0  7.16327527824  -1.31757628741  -2.1175434796
0.3   -0.8  0.5  0.500103082372  0.0                0.499896917628  -0.2  -1.1  0.000206164744322  0.0                1630.0  7.11932880414  -1.31753395762  -2.11749272467
0.3   -0.8  0.5  0.500102803394  1.39489001953e-07  0.499897057117  -0.2  -1.1  0.000205885766319  2.78978003906e-07  1640.0  7.07591826265  -1.31753393988  -2.11749245585
0.3   -0.8  0.5  0.500112288646  0.0                0.499887711354  -0.2  -1.1  0.000224577292529  0.0                1650.0  7.03303390954  -1.31751544682  -2.11747053136
0.3   -0.8  0.5  0.500105174707  0.0                0.499894825293  -0.2  -1.1  0.000210349414369  0.0                1660.0  6.99066623539  -1.31752976882  -2.11748769894
0.3   -0.8  0.5  0.50010336135   0.0                0.49989663865   -0.2  -1.1  0.000206722700328  0.0                1670.0  6.94880595853  -1.31753340316  -2.11749205862
0.3   -0.8  0.5  0.500118007695  4.18467004883e-07  0.499881573838  -0.2  -1.1  0.000236852324668  8.36934009766e-07  1680.0  6.9074440183   -1.31750223534  -2.11745394424
0.3   -0.8  0.5  0.500138094112  1.39489001953e-07  0.499861766399  -0.2  -1.1  0.000276467201114  2.78978003906e-07  1690.0  6.86657156849  -1.31746300964  -2.11740740933
0.3   -0.8  0.5  0.50012149492   1.39489001953e-07  0.499878365591  -0.2  -1.1  0.00024326881874   2.78978003906e-07  1700.0  6.82617997103  -1.31749636014  -2.1174473995
0.3   -0.8  0.5  0.500134467398  1.39489001953e-07  0.499865393113  -0.2  -1.1  0.000269213773033  2.78978003906e-07  1710.0  6.78626078991  -1.3174702377   -2.11741608807
0.3   -0.8  0.5  0.500160830819  5.57956005859e-07  0.499838611225  -0.2  -1.1  0.000322777549635  1.11591201172e-06  1720.0  6.74680578532  -1.31741549774  -2.11734971473
0.3   -0.8  0.5  0.500159575418  2.7897800293e-07   0.499840145604  -0.2  -1.1  0.000319708791602  5.57956005859e-07  1730.0  6.70780690795  -1.31741925184  -2.11735469633
0.3   -0.8  0.5  0.50016627089   0.0                0.49983372911   -0.2  -1.1  0.000332541779746  0.0                1740.0  6.66925629353  -1.31740694054  -2.11734043218
0.3   -0.8  0.5  0.500169200159  0.0                0.499830799841  -0.2  -1.1  0.000338400317812  0.0                1750.0  6.63114625757  -1.31740105063  -2.11733337056
0.3   -0.8  0.5  0.5001788249    1.39489001953e-07  0.499821035611  -0.2  -1.1  0.000357928778032  2.78978003906e-07  1760.0  6.5934692902   -1.3173810848   -2.11730919217
0.3   -0.8  0.5  0.500177290521  1.39489001953e-07  0.49982256999   -0.2  -1.1  0.000354860019998  2.78978003906e-07  1770.0  6.55621805127  -1.31738423264  -2.11731295376
0.3   -0.8  0.5  0.500191797377  6.97445007813e-07  0.499807505178  -0.2  -1.1  0.000384989644336  1.39489001563e-06  1780.0  6.51938536559  -1.31735267296  -2.11727414065
0.3   -0.8  0.5  0.500210628392  2.7897800293e-07   0.49978909263   -0.2  -1.1  0.000421814740751  5.57956005859e-07  1790.0  6.4829642183   -1.31731661795  -2.11723164125
0.3   -0.8  0.5  0.500227506562  1.39489001953e-07  0.499772353949  -0.2  -1.1  0.000455292101129  2.78978003906e-07  1800.0  6.44694775042  -1.3172832651   -2.1171918998
0.3   -0.8  0.5  0.500227506562  1.39489001953e-07  0.499772353949  -0.2  -1.1  0.000455292101129  2.78978003906e-07  1810.0  6.41132925456  -1.31728326738  -2.11719190209
0.3   -0.8  0.5  0.500227088095  6.97445007813e-07  0.49977221446   -0.2  -1.1  0.000455571079131  1.39489001563e-06  1820.0  6.37610217074  -1.31728180884  -2.11718916025
0.3   -0.8  0.5  0.500233086122  1.25540101367e-06  0.499765658477  -0.2  -1.1  0.000468683045279  2.51080202734e-06  1830.0  6.34126008238  -1.31726744197  -2.11717094348
0.3   -0.8  0.5  0.500253730494  2.7897800293e-07   0.499745990528  -0.2  -1.1  0.000508018943723  5.57956005859e-07  1840.0  6.30679671236  -1.31722999171  -2.11712777416
0.3   -0.8  0.5  0.500256659763  5.57956005859e-07  0.499742782281  -0.2  -1.1  0.000514435437794  1.11591201172e-06  1850.0  6.27270591932  -1.31722295025  -2.11711883566
0.3   -0.8  0.5  0.500273119465  2.7897800293e-07   0.499726601557  -0.2  -1.1  0.000546796886158  5.57956005859e-07  1860.0  6.23898169395  -1.31719101549  -2.11708104237
0.3   -0.8  0.5  0.500281070338  6.97445007813e-07  0.499718232217  -0.2  -1.1  0.000563535566348  1.39489001563e-06  1870.0  6.20561815548  -1.31717331414  -2.11705907265
0.3   -0.8  0.5  0.50028218625   1.1159120127e-06   0.499716697838  -0.2  -1.1  0.000566604324383  2.23182402539e-06  1880.0  6.17260954827  -1.31716928145  -2.11705350558
0.3   -0.8  0.5  0.500303667556  8.36934009766e-07  0.49969549551   -0.2  -1.1  0.00060900898086   1.67386801953e-06  1890.0  6.13995023849  -1.31712733445  -2.1170036914
0.3   -0.8  0.5  0.500313989743  1.39489001563e-06  0.499684615367  -0.2  -1.1  0.000630769265105  2.78978003125e-06  1900.0  6.10763471092  -1.31710422833  -2.11697500572
0.3   -0.8  0.5  0.5003158031    1.25540101367e-06  0.499682941499  -0.2  -1.1  0.000634117001143  2.51080202734e-06  1910.0  6.07565756584  -1.31710118075  -2.11697159547
0.3   -0.8  0.5  0.500329752     6.97445007813e-07  0.499669550555  -0.2  -1.1  0.000660898889443  1.39489001563e-06  1920.0  6.04401351602  -1.3170754146   -2.11694170045
0.3   -0.8  0.5  0.500354581042  1.1159120127e-06   0.499644303046  -0.2  -1.1  0.000711393908014  2.23182402539e-06  1930.0  6.01269738381  -1.31702374718  -2.11687901339
0.3   -0.8  0.5  0.500369506365  8.36934009766e-07  0.499629656701  -0.2  -1.1  0.000740686598344  1.67386801953e-06  1940.0  5.98170409833  -1.31699489262  -2.11684491404
0.3   -0.8  0.5  0.500396567231  2.23182402539e-06  0.499601200945  -0.2  -1.1  0.000797598110984  4.46364805078e-06  1950.0  5.95102869269  -1.31693458944  -2.1167701598
0.3   -0.8  0.5  0.500395590808  1.53437901758e-06  0.499602874813  -0.2  -1.1  0.000794250374947  3.06875803516e-06  1960.0  5.9206663014   -1.3169396239   -2.11677739819
0.3   -0.8  0.5  0.500409818687  1.95284602246e-06  0.499588228467  -0.2  -1.1  0.000823543065277  3.90569204492e-06  1970.0  5.89061215774  -1.31690924168  -2.11674023681
0.3   -0.8  0.5  0.500408842264  1.67386801855e-06  0.499589483868  -0.2  -1.1  0.000821032263248  3.34773603711e-06  1980.0  5.86086159129  -1.31691242404  -2.11674453508
0.3   -0.8  0.5  0.500419303939  4.0451810459e-06   0.49957665088   -0.2  -1.1  0.000846698239537  8.0903620918e-06   1990.0  5.8314100255   -1.31688142441  -2.11670318536
0.3   -0.8  0.5  0.500444969915  1.39489001563e-06  0.499553635195  -0.2  -1.1  0.000892729610056  2.78978003125e-06  2000.0  5.80225297537  -1.31684094727  -2.11665933259
0.3   -0.8  0.5  0.50047496005   3.90569204395e-06  0.499521134258  -0.2  -1.1  0.000957731484787  7.81138408789e-06  2010.0  5.77338604515  -1.31677033801  -2.11657019919
0.3   -0.8  0.5  0.500513598504  1.1159120127e-06   0.499485285584  -0.2  -1.1  0.0010294288316    2.23182402539e-06  2020.0  5.74480492611  -1.31670410657  -2.11649576579
0.3   -0.8  0.5  0.500484305813  3.34773603809e-06  0.499512346451  -0.2  -1.1  0.000975307098986  6.69547207617e-06  2030.0  5.71650539446  -1.31675359157  -2.11655116514
0.3   -0.8  0.5  0.500538288057  2.37131302637e-06  0.49945934063   -0.2  -1.1  0.00108131874018   4.74262605273e-06  2040.0  5.68848330919  -1.31664913451  -2.11642765387
0.3   -0.8  0.5  0.500536056233  3.62671404102e-06  0.499460317053  -0.2  -1.1  0.00107936589416   7.25342808203e-06  2050.0  5.66073461012  -1.31664856524  -2.11642471329
0.3   -0.8  0.5  0.500575671109  3.62671404102e-06  0.499420702176  -0.2  -1.1  0.00115859564705   7.25342808203e-06  2060.0  5.6332553159   -1.3165689346   -2.1163292367
0.3   -0.8  0.5  0.500555445204  2.37131302637e-06  0.499442183483  -0.2  -1.1  0.00111563303457   4.74262605273e-06  2070.0  5.6060415221   -1.31661462684  -2.11638628334
0.3   -0.8  0.5  0.500587388186  3.76620304199e-06  0.499408845611  -0.2  -1.1  0.00118230877732   7.53240608398e-06  2080.0  5.5790893994   -1.31654436766  -2.11629962025
0.3   -0.8  0.5  0.500599802707  3.34773603809e-06  0.499396849557  -0.2  -1.1  0.00120630088559   6.69547207617e-06  2090.0  5.55239519175  -1.31652146474  -2.11627283954
0.3   -0.8  0.5  0.500624213282  5.02160405664e-06  0.499370765114  -0.2  -1.1  0.00125846977218   1.00432081133e-05  2100.0  5.52595521464  -1.31646547368  -2.11620273219
0.3   -0.8  0.5  0.500661317356  4.74262605371e-06  0.499333940017  -0.2  -1.1  0.00133211996501   9.48525210742e-06  2110.0  5.49976585344  -1.31639204606  -2.11611518829
0.3   -0.8  0.5  0.500667454873  3.20824703613e-06  0.49932933688   -0.2  -1.1  0.00134132623911   6.41649407227e-06  2120.0  5.47382356168  -1.31638605606  -2.11611073267
0.3   -0.8  0.5  0.500691725959  2.65029103027e-06  0.49930562375   -0.2  -1.1  0.00138875249964   5.30058206055e-06  2130.0  5.44812485951  -1.31633958479  -2.11605600365
0.3   -0.8  0.5  0.500752264185  4.60313705176e-06  0.499243132677  -0.2  -1.1  0.00151373464505   9.20627410352e-06  2140.0  5.42266633213  -1.31620966998  -2.11589679615
0.3   -0.8  0.5  0.500726319231  4.32415904883e-06  0.49926935661   -0.2  -1.1  0.00146128678046   8.64831809766e-06  2150.0  5.39744462826  -1.31626296086  -2.11596119035
0.3   -0.8  0.5  0.500754635498  3.34773603809e-06  0.499242016765  -0.2  -1.1  0.00151596646908   6.69547207617e-06  2160.0  5.37245645868  -1.31621031109  -2.11589975277
0.3   -0.8  0.5  0.500806246429  2.9292690332e-06   0.499190824302  -0.2  -1.1  0.00161835139623   5.85853806641e-06  2170.0  5.34769859482  -1.31610781878  -2.11577770411
0.3   -0.8  0.5  0.500788949793  5.71904906445e-06  0.499205331158  -0.2  -1.1  0.0015893376839    1.14380981289e-05  2180.0  5.32316786732  -1.31613130483  -2.11580085538
0.3   -0.8  0.5  0.500814057813  7.25342808203e-06  0.499178688759  -0.2  -1.1  0.0016426224825    1.45068561641e-05  2190.0  5.29886116473  -1.31607495839  -2.11573047635
0.3   -0.8  0.5  0.5008395843    4.88211505469e-06  0.499155533584  -0.2  -1.1  0.00168893283102   9.76423010938e-06  2200.0  5.27477543216  -1.31603291611  -2.11568438889
0.3   -0.8  0.5  0.500884778737  5.99802706738e-06  0.499109223236  -0.2  -1.1  0.00178155352807   1.19960541348e-05  2210.0  5.25090767002  -1.31593731885  -2.11556781249
0.3   -0.8  0.5  0.500918535075  4.88211505469e-06  0.49907658281   -0.2  -1.1  0.0018468343808    9.76423010938e-06  2220.0  5.22725493277  -1.31587435987  -2.11549425234
0.3   -0.8  0.5  0.500937645069  7.81138408789e-06  0.499054543547  -0.2  -1.1  0.0018909129053    1.56227681758e-05  2230.0  5.20381432769  -1.31582369817  -2.11542833055
0.3   -0.8  0.5  0.500993719647  8.5088290957e-06   0.498997771524  -0.2  -1.1  0.00200445695258   1.70176581914e-05  2240.0  5.18058301373  -1.31570801944  -2.11528840863
0.3   -0.8  0.5  0.501002646943  7.39291708301e-06  0.49898996014   -0.2  -1.1  0.00202007972075   1.4785834166e-05   2250.0  5.15755820033  -1.31569456604  -2.11527428567
0.3   -0.8  0.5  0.500974191187  6.6954720752e-06   0.499019113341  -0.2  -1.1  0.0019617733181    1.33909441504e-05  2260.0  5.13473714635  -1.31575532842  -2.11534824372
0.3   -0.8  0.5  0.501031800145  8.22985109277e-06  0.498959970004  -0.2  -1.1  0.00208005999143   1.64597021855e-05  2270.0  5.11211715892  -1.31563288974  -2.11519877207
0.3   -0.8  0.5  0.501067648818  6.97445007813e-06  0.498925376732  -0.2  -1.1  0.00214924653621   1.39489001563e-05  2280.0  5.08969559243  -1.31556548157  -2.11512028847
0.3   -0.8  0.5  0.501097638953  8.64831809766e-06  0.498893712729  -0.2  -1.1  0.00221257454292   1.72966361953e-05  2290.0  5.06746984749  -1.3154985705   -2.11503702929
0.3   -0.8  0.5  0.501114377634  9.76423011035e-06  0.498875858136  -0.2  -1.1  0.00224828372733   1.95284602207e-05  2300.0  5.04543736989  -1.31545995242  -2.11498881437
0.3   -0.8  0.5  0.501130697847  9.06678510254e-06  0.498860235368  -0.2  -1.1  0.00227952926368   1.81335702051e-05  2310.0  5.02359564968  -1.31543060083  -2.11495474805
0.3   -0.8  0.5  0.501192351985  7.25342808203e-06  0.498800394586  -0.2  -1.1  0.00239921082703   1.45068561641e-05  2320.0  5.00194222015  -1.3153138283   -2.1148180286
0.3   -0.8  0.5  0.501222621099  9.06678510254e-06  0.498768312116  -0.2  -1.1  0.00246337576775   1.81335702051e-05  2330.0  4.98047465697  -1.31524521814  -2.11473259606
0.3   -0.8  0.5  0.501284414726  1.08801421221e-05  0.498704705131  -0.2  -1.1  0.00259058973718   2.17602842441e-05  2340.0  4.95919057724  -1.31511382916  -2.1145717749
0.3   -0.8  0.5  0.501286786039  1.45068561631e-05  0.498698707104  -0.2  -1.1  0.00260258579132   2.90137123262e-05  2350.0  4.93808763862  -1.31509379442  -2.11454136217
0.3   -0.8  0.5  0.501333514855  1.01826971143e-05  0.498656302448  -0.2  -1.1  0.00268739510427   2.03653942285e-05  2360.0  4.91716353845  -1.31501751995  -2.114457639
0.3   -0.8  0.5  0.50136629477   1.26934991426e-05  0.49862101173   -0.2  -1.1  0.00275797653907   2.53869982852e-05  2370.0  4.89641601298  -1.31494146831  -2.1143619473
0.3   -0.8  0.5  0.501363226012  1.36699221543e-05  0.498623104065  -0.2  -1.1  0.00275379186902   2.73398443086e-05  2380.0  4.87584283645  -1.31494388533  -2.11436305313
0.3   -0.8  0.5  0.501410512784  1.18565651338e-05  0.498577630651  -0.2  -1.1  0.00284473869804   2.37131302676e-05  2390.0  4.8554418204   -1.31485586203  -2.11426082984
0.3   -0.8  0.5  0.501446082479  1.4785834167e-05   0.498539131687  -0.2  -1.1  0.00292173662691   2.9571668334e-05   2400.0  4.83521081281  -1.31477246651  -2.11415559035
