#mu0  mu1   mu2  x0              x1                 x2              mua  mub   xa                 xb                 T       b              u               phi
0.5   -0.8  0.3  0.5             0.0                0.5             0.2  -1.3  0.0                0.0                30.0    386.816865025  -1.31774118     -2.11774118
0.5   -0.8  0.3  0.5             0.0                0.5             0.2  -1.3  0.0                0.0                40.0    290.112648769  -1.31774118     -2.11774118
0.5   -0.8  0.3  0.5             0.0                0.5             0.2  -1.3  0.0                0.0                50.0    232.090119015  -1.31774118     -2.11774118
0.5   -0.8  0.3  0.5             0.0                0.5             0.2  -1.3  0.0                0.0                60.0    193.408432513  -1.31774118     -2.11774118
0.5   -0.8  0.3  0.5             0.0                0.5             0.2  -1.3  0.0                0.0                70.0    165.778656439  -1.31774118     -2.11774118
0.5   -0.8  0.3  0.5             0.0                0.5             0.2  -1.3  0.0                0.0                80.0    145.056324384  -1.31774118     -2.11774118
0.5   -0.8  0.3  0.5             0.0                0.5             0.2  -1.3  0.0                0.0                90.0    128.938955008  -1.31774118     -2.11774118
0.5   -0.8  0.3  0.5             0.0                0.5             0.2  -1.3  0.0                0.0                100.0   116.045059507  -1.31774118     -2.11774118
0.5   -0.8  0.3  0.5             0.0                0.5             0.2  -1.3  0.0                0.0                110.0   105.495508643  -1.31774118     -2.11774118
0.5   -0.8  0.3  0.5             0.0                0.5             0.2  -1.3  0.0                0.0                120.0   96.7042162563  -1.31774118     -2.11774118
0.5   -0.8  0.3  0.5             0.0                0.5             0.2  -1.3  0.0                0.0                130.0   89.2654303904  -1.31774118     -2.11774118
0.5   -0.8  0.3  0.5             0.0                0.5             0.2  -1.3  0.0                0.0                140.0   82.8893282196  -1.31774118     -2.11774118
0.5   -0.8  0.3  0.5             0.0                0.5             0.2  -1.3  0.0                0.0                150.0   77.363373005   -1.31774118     -2.11774118
0.5   -0.8  0.3  0.5             0.0                0.5             0.2  -1.3  0.0                0.0                160.0   72.5281621922  -1.31774118     -2.11774118
0.5   -0.8  0.3  0.5             0.0                0.5             0.2  -1.3  0.0                0.0                170.0   68.2617997103  -1.31774118     -2.11774118
0.5   -0.8  0.3  0.5             0.0                0.5             0.2  -1.3  0.0                0.0                180.0   64.4694775042  -1.31774118     -2.11774118
0.5   -0.8  0.3  0.5             0.0                0.5             0.2  -1.3  0.0                0.0                190.0   61.0763471092  -1.31774118     -2.11774118
0.5   -0.8  0.3  0.5             0.0                0.5             0.2  -1.3  0.0                0.0                200.0   58.0225297537  -1.31774118     -2.11774118
0.5   -0.8  0.3  0.5             0.0                0.5             0.2  -1.3  0.0                0.0                210.0   55.2595521464  -1.31774118     -2.11774118
0.5   -0.8  0.3  0.5             0.0                0.5             0.2  -1.3  0.0                0.0                220.0   52.7477543216  -1.31774118     -2.11774118
0.5   -0.8  0.3  0.5             0.0                0.5             0.2  -1.3  0.0                0.0                230.0   50.4543736989  -1.31774118     -2.11774118
0.5   -0.8  0.3  0.5             0.0                0.5             0.2  -1.3  0.0                0.0                240.0   48.3521081281  -1.31774118     -2.11774118
0.5   -0.8  0.3  0.5             0.0                0.5             0.2  -1.3  0.0                0.0                250.0   46.418023803   -1.31774118     -2.11774118
0.5   -0.8  0.3  0.5             0.0                0.5             0.2  -1.3  0.0                0.0                260.0   44.6327151952  -1.31774118     -2.11774118
0.5   -0.8  0.3  0.5             0.0                0.5             0.2  -1.3  0.0                0.0                270.0   42.9796516694  -1.31774118     -2.11774118
0.5   -0.8  0.3  0.5             0.0                0.5             0.2  -1.3  0.0                0.0                280.0   41.4446641098  -1.31774118     -2.11774118
0.5   -0.8  0.3  0.5             0.0                0.5             0.2  -1.3  0.0                0.0                290.0   40.0155377612  -1.31774118     -2.11774118
0.5   -0.8  0.3  0.5             0.0                0.5             0.2  -1.3  0.0                0.0                300.0   38.6816865025  -1.31774118     -2.11774118
0.5   -0.8  0.3  0.5             0.0                0.5             0.2  -1.3  0.0                0.0                310.0   37.4338901637  -1.31774118     -2.11774118
0.5   -0.8  0.3  0.5             0.0                0.5             0.2  -1.3  0.0                0.0                320.0   36.2640810961  -1.31774118     -2.11774118
0.5   -0.8  0.3  0.5             0.0                0.5             0.2  -1.3  0.0                0.0                330.0   35.1651695477  -1.31774118     -2.11774118
0.5   -0.8  0.3  0.5             0.0                0.5             0.2  -1.3  0.0                0.0                340.0   34.1308998551  -1.31774118     -2.11774118
0.5   -0.8  0.3  0.5             0.0                0.5             0.2  -1.3  0.0                0.0                350.0   33.1557312879  -1.31774118     -2.11774118
0.5   -0.8  0.3  0.5             0.0                0.5             0.2  -1.3  0.0                0.0                360.0   32.2347387521  -1.31774118     -2.11774118
0.5   -0.8  0.3  0.5             0.0                0.5             0.2  -1.3  0.0                0.0                370.0   31.3635295966  -1.31774118     -2.11774118
0.5   -0.8  0.3  0.5             0.0                0.5             0.2  -1.3  0.0                0.0                380.0   30.5381735546  -1.31774118     -2.11774118
0.5   -0.8  0.3  0.5             0.0                0.5             0.2  -1.3  0.0                0.0                390.0   29.7551434635  -1.31774118     -2.11774118
0.5   -0.8  0.3  0.5             0.0                0.5             0.2  -1.3  0.0                0.0                400.0   29.0112648769  -1.31774118     -2.11774118
0.5   -0.8  0.3  0.5             0.0                0.5             0.2  -1.3  0.0                0.0                410.0   28.3036730506  -1.31774118     -2.11774118
0.5   -0.8  0.3  0.5             0.0                0.5             0.2  -1.3  0.0                0.0                420.0   27.6297760732  -1.31774118     -2.11774118
0.5   -0.8  0.3  0.5             0.0                0.5             0.2  -1.3  0.0                0.0                430.0   26.9872231413  -1.31774118     -2.11774118
0.5   -0.8  0.3  0.5             0.0                0.5             0.2  -1.3  0.0                0.0                440.0   26.3738771608  -1.31774118     -2.11774118
0.5   -0.8  0.3  0.5             0.0                0.5             0.2  -1.3  0.0                0.0                450.0   25.7877910017  -1.31774118     -2.11774118
0.5   -0.8  0.3  0.5             0.0                0.5             0.2  -1.3  0.0                0.0                460.0   25.2271868495  -1.31774118     -2.11774118
0.5   -0.8  0.3  0.5             0.0                0.5             0.2  -1.3  0.0                0.0                470.0   24.6904381931  -1.31774118     -2.11774118
0.5   -0.8  0.3  0.5             0.0                0.5             0.2  -1.3  0.0                0.0                480.0   24.1760540641  -1.31774118     -2.11774118
0.5   -0.8  0.3  0.5             0.0                0.5             0.2  -1.3  0.0                0.0                490.0   23.6826652056  -1.31774118     -2.11774118
0.5   -0.8  0.3  0.500000139489  0.0                0.499999860511  0.2  -1.3  2.78978003809e-07  0.0                500.0   23.2090119015  -1.31774089958  -2.11774095538
0.5   -0.8  0.3  0.5             0.0                0.5             0.2  -1.3  0.0                0.0                510.0   22.7539332368  -1.31774118     -2.11774118
0.5   -0.8  0.3  0.5             0.0                0.5             0.2  -1.3  0.0                0.0                520.0   22.3163575976  -1.31774118     -2.11774118
0.5   -0.8  0.3  0.5             0.0                0.5             0.2  -1.3  0.0                0.0                530.0   21.8952942467  -1.31774118     -2.11774118
0.5   -0.8  0.3  0.5             0.0                0.5             0.2  -1.3  0.0                0.0                540.0   21.4898258347  -1.31774118     -2.11774118
0.5   -0.8  0.3  0.5             0.0                0.5             0.2  -1.3  0.0                0.0                550.0   21.0991017286  -1.31774118     -2.11774118
0.5   -0.8  0.3  0.5             0.0                0.5             0.2  -1.3  0.0                0.0                560.0   20.7223320549  -1.31774118     -2.11774118
0.5   -0.8  0.3  0.5             0.0                0.5             0.2  -1.3  0.0                0.0                570.0   20.3587823697  -1.31774118     -2.11774118
0.5   -0.8  0.3  0.5             0.0                0.5             0.2  -1.3  0.0                0.0                580.0   20.0077688806  -1.31774118     -2.11774118
0.5   -0.8  0.3  0.5             0.0                0.5             0.2  -1.3  0.0                0.0                590.0   19.6686541538  -1.31774118     -2.11774118
0.5   -0.8  0.3  0.5             0.0                0.5             0.2  -1.3  0.0                0.0                600.0   19.3408432512  -1.31774118     -2.11774118
0.5   -0.8  0.3  0.5             0.0                0.5             0.2  -1.3  0.0                0.0                610.0   19.0237802471  -1.31774118     -2.11774118
0.5   -0.8  0.3  0.500000278978  0.0                0.499999721022  0.2  -1.3  5.57956005842e-07  0.0                620.0   18.7169450819  -1.31774061917  -2.11774073076
0.5   -0.8  0.3  0.5             0.0                0.5             0.2  -1.3  0.0                0.0                630.0   18.4198507155  -1.31774118     -2.11774118
0.5   -0.8  0.3  0.5             0.0                0.5             0.2  -1.3  0.0                0.0                640.0   18.132040548   -1.31774118     -2.11774118
0.5   -0.8  0.3  0.500000697445  0.0                0.499999302555  0.2  -1.3  1.39489001572e-06  0.0                650.0   17.8530860781  -1.31773977792  -2.11774005689
0.5   -0.8  0.3  0.500000557956  0.0                0.499999442044  0.2  -1.3  1.11591201168e-06  0.0                660.0   17.5825847739  -1.31774005833  -2.11774028152
0.5   -0.8  0.3  0.500000557956  0.0                0.499999442044  0.2  -1.3  1.11591201168e-06  0.0                670.0   17.3201581354  -1.31774005833  -2.11774028152
0.5   -0.8  0.3  0.500000418467  0.0                0.499999581533  0.2  -1.3  8.36934009874e-07  0.0                680.0   17.0654499276  -1.31774033875  -2.11774050614
0.5   -0.8  0.3  0.500000278978  0.0                0.499999721022  0.2  -1.3  5.57956005842e-07  0.0                690.0   16.8181245663  -1.31774061917  -2.11774073076
0.5   -0.8  0.3  0.500000976423  0.0                0.499999023577  0.2  -1.3  1.95284602156e-06  0.0                700.0   16.5778656439  -1.31773921708  -2.11773960765
0.5   -0.8  0.3  0.500000557956  0.0                0.499999442044  0.2  -1.3  1.11591201168e-06  0.0                710.0   16.3443745785  -1.31774005833  -2.11774028152
0.5   -0.8  0.3  0.500000557956  0.0                0.499999442044  0.2  -1.3  1.11591201168e-06  0.0                720.0   16.117369376   -1.31774005833  -2.11774028152
0.5   -0.8  0.3  0.500002371313  0.0                0.499997628687  0.2  -1.3  4.74262605277e-06  0.0                730.0   15.8965834942  -1.31773641292  -2.11773736144
0.5   -0.8  0.3  0.500002510802  0.0                0.499997489198  0.2  -1.3  5.02160405658e-06  0.0                740.0   15.6817647983  -1.3177361325   -2.11773713682
0.5   -0.8  0.3  0.500001534379  0.0                0.499998465621  0.2  -1.3  3.06875803524e-06  0.0                750.0   15.472674601   -1.31773809542  -2.11773870917
0.5   -0.8  0.3  0.500001813357  0.0                0.499998186643  0.2  -1.3  3.62671404108e-06  0.0                760.0   15.2690867773  -1.31773753458  -2.11773825993
0.5   -0.8  0.3  0.500002231824  0.0                0.499997768176  0.2  -1.3  4.46364805073e-06  0.0                770.0   15.070786949   -1.31773669333  -2.11773758606
0.5   -0.8  0.3  0.500004324159  0.0                0.499995675841  0.2  -1.3  8.64831809766e-06  0.0                780.0   14.8775717317  -1.31773248708  -2.11773421675
0.5   -0.8  0.3  0.500002371313  0.0                0.499997628687  0.2  -1.3  4.74262605277e-06  0.0                790.0   14.6892480389  -1.31773641292  -2.11773736144
0.5   -0.8  0.3  0.500003626714  0.0                0.499996373286  0.2  -1.3  7.25342808217e-06  0.0                800.0   14.5056324384  -1.31773388917  -2.11773533985
0.5   -0.8  0.3  0.500004603137  0.0                0.499995396863  0.2  -1.3  9.2062741035e-06   0.0                810.0   14.3265505565  -1.31773192625  -2.1177337675
0.5   -0.8  0.3  0.500003766203  0.0                0.499996233797  0.2  -1.3  7.53240608387e-06  0.0                820.0   14.1518365253  -1.31773360875  -2.11773511523
0.5   -0.8  0.3  0.500006137516  0.0                0.499993862484  0.2  -1.3  1.22750321387e-05  0.0                830.0   13.9813324708  -1.31772884167  -2.11773129667
0.5   -0.8  0.3  0.50000976423   0.0                0.49999023577   0.2  -1.3  1.95284602206e-05  0.0                840.0   13.8148880366  -1.31772155046  -2.11772545615
0.5   -0.8  0.3  0.500004603137  0.0                0.499995396863  0.2  -1.3  9.2062741035e-06   0.0                850.0   13.6523599421  -1.31773192625  -2.1177337675
0.5   -0.8  0.3  0.500008648318  0.0                0.499991351682  0.2  -1.3  1.72966361953e-05  0.0                860.0   13.4936115706  -1.31772379417  -2.11772725349
0.5   -0.8  0.3  0.500010880142  0.0                0.499989119858  0.2  -1.3  2.17602842452e-05  0.0                870.0   13.3385125871  -1.3177193075   -2.11772365956
0.5   -0.8  0.3  0.500010322186  0.0                0.499989677814  0.2  -1.3  2.06443722323e-05  0.0                880.0   13.1869385804  -1.31772042927  -2.11772455814
0.5   -0.8  0.3  0.500012972477  0.0                0.499987027523  0.2  -1.3  2.5944954293e-05   0.0                890.0   13.0387707312  -1.31771510125  -2.11772029024
0.5   -0.8  0.3  0.500016459702  0.0                0.499983540298  0.2  -1.3  3.29194043712e-05  0.0                900.0   12.8938955008  -1.31770809083  -2.11771467471
0.5   -0.8  0.3  0.500017715103  0.0                0.499982284897  0.2  -1.3  3.54302063985e-05  0.0                910.0   12.7522043415  -1.31770556708  -2.11771265312
0.5   -0.8  0.3  0.500016878169  0.0                0.499983121831  0.2  -1.3  3.37563383808e-05  0.0                920.0   12.6135934247  -1.31770724958  -2.11771400085
0.5   -0.8  0.3  0.500020086416  0.0                0.499979913584  0.2  -1.3  4.01728324531e-05  0.0                930.0   12.4779633879  -1.3177008      -2.11770883457
0.5   -0.8  0.3  0.500024550064  0.0                0.499975449936  0.2  -1.3  4.91001285527e-05  0.0                940.0   12.3452190965  -1.31769182667  -2.11770164669
0.5   -0.8  0.3  0.500027339844  0.0                0.499972660156  0.2  -1.3  5.46796886152e-05  0.0                950.0   12.2152694218  -1.31768621833  -2.11769715427
0.5   -0.8  0.3  0.500029153201  0.0                0.499970846799  0.2  -1.3  5.83064026562e-05  0.0                960.0   12.088027032   -1.31768257292  -2.1176942342
0.5   -0.8  0.3  0.500034035316  0.0                0.499965964684  0.2  -1.3  6.80706327677e-05  0.0                970.0   11.9634081967  -1.31767275833  -2.11768637246
0.5   -0.8  0.3  0.500040033343  0.0                0.499959966657  0.2  -1.3  8.00666869023e-05  0.0                980.0   11.8413326028  -1.31766070041  -2.11767671375
0.5   -0.8  0.3  0.500035709184  0.0                0.499964290816  0.2  -1.3  7.14183688046e-05  0.0                990.0   11.7217231826  -1.31766939296  -2.11768367663
0.5   -0.8  0.3  0.50004617086   0.0                0.49995382914   0.2  -1.3  9.2341719041e-05   0.0                1000.0  11.6045059507  -1.31764836389  -2.11766683224
0.5   -0.8  0.3  0.500045473415  0.0                0.499954526585  0.2  -1.3  9.09468290253e-05  0.0                1010.0  11.4896098522  -1.31764976379  -2.11766795316
0.5   -0.8  0.3  0.50005732998   0.0                0.49994267002   0.2  -1.3  0.000114659959291  0.0                1020.0  11.3769666184  -1.31762592896  -2.11764886095
0.5   -0.8  0.3  0.500047286772  0.0                0.499952713228  0.2  -1.3  9.45735430644e-05  0.0                1030.0  11.2665106318  -1.31764612336  -2.11766503806
0.5   -0.8  0.3  0.500057608958  0.0                0.499942391042  0.2  -1.3  0.000115217915298  0.0                1040.0  11.1581787988  -1.31762537289  -2.11764841648
0.5   -0.8  0.3  0.500065978298  0.0                0.499934021702  0.2  -1.3  0.000131956595486  0.0                1050.0  11.0519104293  -1.31760852914  -2.11763492046
0.5   -0.8  0.3  0.500078811286  0.0                0.499921188714  0.2  -1.3  0.000157622571775  0.0                1060.0  10.9476471233  -1.31758268359  -2.11761420811
0.5   -0.8  0.3  0.500087180626  0.0                0.499912819374  0.2  -1.3  0.000174361251965  0.0                1070.0  10.8453326643  -1.3175659227   -2.11760079495
0.5   -0.8  0.3  0.500078671797  0.0                0.499921328203  0.2  -1.3  0.000157343593771  0.0                1080.0  10.7449129174  -1.31758302221  -2.11761449093
0.5   -0.8  0.3  0.500091644274  0.0                0.499908355726  0.2  -1.3  0.000183288548064  0.0                1090.0  10.6463357346  -1.31755696145  -2.11759361916
0.5   -0.8  0.3  0.500096107922  0.0                0.499903892078  0.2  -1.3  0.000192215844166  0.0                1100.0  10.5495508643  -1.31754797028  -2.11758641345
0.5   -0.8  0.3  0.50010754602   0.0                0.49989245398   0.2  -1.3  0.000215092040422  0.0                1110.0  10.4545098655  -1.31752497891  -2.11756799732
0.5   -0.8  0.3  0.500115496893  0.0                0.499884503107  0.2  -1.3  0.000230993786602  0.0                1120.0  10.3611660275  -1.3175090027   -2.11755520145
0.5   -0.8  0.3  0.500116891783  0.0                0.499883108217  0.2  -1.3  0.000233783566633  0.0                1130.0  10.2694742927  -1.31750620311  -2.11755295982
0.5   -0.8  0.3  0.500134606887  0.0                0.499865393113  0.2  -1.3  0.000269213773033  0.0                1140.0  10.1793911849  -1.31747058765  -2.1175244304
0.5   -0.8  0.3  0.50015232199   0.0                0.49984767801   0.2  -1.3  0.000304643979432  0.0                1150.0  10.0908747398  -1.31743496813  -2.11749589692
0.5   -0.8  0.3  0.500146881919  0.0                0.499853118081  0.2  -1.3  0.000293763837309  0.0                1160.0  10.0038844403  -1.31744591094  -2.1175046637
0.5   -0.8  0.3  0.500165712934  0.0                0.499834287066  0.2  -1.3  0.000331425867732  0.0                1170.0  9.91838115449  -1.31740805688  -2.11747434205
0.5   -0.8  0.3  0.500177848477  0.0                0.499822151523  0.2  -1.3  0.000355696954006  0.0                1180.0  9.83432707691  -1.31738366277  -2.11745480216
0.5   -0.8  0.3  0.500192913289  0.0                0.499807086711  0.2  -1.3  0.000385826578346  0.0                1190.0  9.7516856729   -1.31735339162  -2.11743055694
0.5   -0.8  0.3  0.500197376937  0.0                0.499802623063  0.2  -1.3  0.000394753874447  0.0                1200.0  9.67042162562  -1.31734441512  -2.1174233659
0.5   -0.8  0.3  0.500214394595  0.0                0.499785605405  0.2  -1.3  0.00042878919083   0.0                1210.0  9.59050078574  -1.31731020499  -2.11739596283
0.5   -0.8  0.3  0.50022639065   0.0                0.49977360935   0.2  -1.3  0.0004527812991    0.0                1220.0  9.51189012357  -1.31728602596  -2.11737658222
0.5   -0.8  0.3  0.500254706917  0.0                0.499745293083  0.2  -1.3  0.000509413833738  0.0                1230.0  9.43455768354  -1.31722917805  -2.11733106082
0.5   -0.8  0.3  0.500274653844  0.0                0.499725346156  0.2  -1.3  0.000549307688187  0.0                1240.0  9.35847254093  -1.31718901309  -2.11729887463
0.5   -0.8  0.3  0.500277164646  0.0                0.499722835354  0.2  -1.3  0.000554329292244  0.0                1250.0  9.2836047606   -1.31718389197  -2.11729475783
0.5   -0.8  0.3  0.500292229458  0.0                0.499707770542  0.2  -1.3  0.000584458916584  0.0                1260.0  9.20992535774  -1.31715368593  -2.11727057771
0.5   -0.8  0.3  0.500313152809  0.0                0.499686847191  0.2  -1.3  0.000626305617055  0.0                1270.0  9.13740626043  -1.31711162329  -2.11723688441
0.5   -0.8  0.3  0.500338400318  0.0                0.499661599682  0.2  -1.3  0.000676800635623  0.0                1280.0  9.06602027402  -1.31706085143  -2.11719621156
0.5   -0.8  0.3  0.500360718558  0.0                0.499639281442  0.2  -1.3  0.000721437116127  0.0                1290.0  8.99574104709  -1.31701607725  -2.11716036468
0.5   -0.8  0.3  0.500382618331  0.0                0.499617381669  0.2  -1.3  0.000765236662619  0.0                1300.0  8.92654303904  -1.31697205383  -2.11712510117
0.5   -0.8  0.3  0.500395590808  0.0                0.499604409192  0.2  -1.3  0.000791181616912  0.0                1310.0  8.85840148912  -1.31694592249  -2.11710415882
0.5   -0.8  0.3  0.500426836345  0.0                0.499573163655  0.2  -1.3  0.000853672689615  0.0                1320.0  8.79129238693  -1.31688311428  -2.11705384882
0.5   -0.8  0.3  0.500479284209  0.0                0.499520715791  0.2  -1.3  0.000958568418797  0.0                1330.0  8.72519244417  -1.31677765043  -2.11696936411
0.5   -0.8  0.3  0.500466172243  0.0                0.499533827757  0.2  -1.3  0.000932344486502  0.0                1340.0  8.66007906772  -1.31680413521  -2.11699060411
0.5   -0.8  0.3  0.500486398148  0.0                0.499513601852  0.2  -1.3  0.000972796296957  0.0                1350.0  8.59593033389  -1.31676341375  -2.11695797301
0.5   -0.8  0.3  0.500503973763  0.0                0.499496026237  0.2  -1.3  0.00100794752535   0.0                1360.0  8.53272496379  -1.31672796169  -2.11692955119
0.5   -0.8  0.3  0.500540101414  0.0                0.499459898586  0.2  -1.3  0.00108020282817   0.0                1370.0  8.47044229982  -1.31665555008  -2.11687159064
0.5   -0.8  0.3  0.500570231038  0.0                0.499429768962  0.2  -1.3  0.00114046207685   0.0                1380.0  8.40906228315  -1.3165949485   -2.11682304091
0.5   -0.8  0.3  0.500591851834  0.0                0.499408148166  0.2  -1.3  0.00118370366733   0.0                1390.0  8.34856543219  -1.31655160942  -2.11678835016
0.5   -0.8  0.3  0.500640533495  0.0                0.499359466505  0.2  -1.3  0.00128106699043   0.0                1400.0  8.28893282196  -1.31645356408  -2.11670977748
0.5   -0.8  0.3  0.500662572757  0.0                0.499337427243  0.2  -1.3  0.00132514551493   0.0                1410.0  8.23014606436  -1.31640949005  -2.11667451916
0.5   -0.8  0.3  0.500699537343  0.0                0.499300462657  0.2  -1.3  0.00139907468576   0.0                1420.0  8.17218728926  -1.31633485001  -2.11661466495
0.5   -0.8  0.3  0.500715718067  0.0                0.499284281933  0.2  -1.3  0.00143143613412   0.0                1430.0  8.1150391264   -1.31630218731  -2.11658847454
0.5   -0.8  0.3  0.500752682652  0.0                0.499247317348  0.2  -1.3  0.00150536530496   0.0                1440.0  8.05868468802  -1.31622811329  -2.11652918635
0.5   -0.8  0.3  0.500821032263  0.0                0.499178967737  0.2  -1.3  0.0016420645265    0.0                1450.0  8.00310755224  -1.31609071979  -2.11641913269
0.5   -0.8  0.3  0.500838049921  0.0                0.499161950079  0.2  -1.3  0.00167609984288   0.0                1460.0  7.94829174709  -1.31605642558  -2.11639164555
0.5   -0.8  0.3  0.500874177573  0.0                0.499125822427  0.2  -1.3  0.00174835514569   0.0                1470.0  7.8942217352   -1.31598358937  -2.1163332604
0.5   -0.8  0.3  0.500889800341  0.0                0.499110199659  0.2  -1.3  0.00177960068204   0.0                1480.0  7.84088239916  -1.31595235799  -2.11630827813
0.5   -0.8  0.3  0.500948943678  0.0                0.499051056322  0.2  -1.3  0.00189788735538   0.0                1490.0  7.78825902735  -1.31583325369  -2.11621283116
0.5   -0.8  0.3  0.500971680385  0.0                0.499028319615  0.2  -1.3  0.00194336076989   0.0                1500.0  7.7363373005   -1.31578791277  -2.11617658492
0.5   -0.8  0.3  0.501015200953  0.0                0.498984799047  0.2  -1.3  0.00203040190687   0.0                1510.0  7.68510327864  -1.31569988954  -2.11610596992
0.5   -0.8  0.3  0.501068625241  0.0                0.498931374759  0.2  -1.3  0.00213725048207   0.0                1520.0  7.63454338865  -1.3155926623   -2.11602011239
0.5   -0.8  0.3  0.501126792155  0.0                0.498873207845  0.2  -1.3  0.00225358430938   0.0                1530.0  7.58464441225  -1.31547571975  -2.11592643662
0.5   -0.8  0.3  0.501177845129  0.0                0.498822154871  0.2  -1.3  0.00235569025854   0.0                1540.0  7.53539347451  -1.31537342888  -2.11584456693
0.5   -0.8  0.3  0.50118468009   0.0                0.49881531991   0.2  -1.3  0.00236936018069   0.0                1550.0  7.48677803274  -1.31535979208  -2.11583366412
0.5   -0.8  0.3  0.501225968835  0.0                0.498774031165  0.2  -1.3  0.00245193766962   0.0                1560.0  7.43878586587  -1.3152768961   -2.11576728363
0.5   -0.8  0.3  0.501325145515  0.0                0.498674854485  0.2  -1.3  0.00265029102985   0.0                1570.0  7.39140506417  -1.3150772635   -2.11560732171
0.5   -0.8  0.3  0.501332259454  0.0                0.498667740546  0.2  -1.3  0.00266451890801   0.0                1580.0  7.34462401946  -1.31506313649  -2.11559604027
0.5   -0.8  0.3  0.501373408709  0.0                0.498626591291  0.2  -1.3  0.00274681741894   0.0                1590.0  7.29843141557  -1.31498032241  -2.1155296859
0.5   -0.8  0.3  0.501402840889  0.0                0.498597159111  0.2  -1.3  0.0028056817776    0.0                1600.0  7.25281621922  -1.31492061073  -2.11548174709
0.5   -0.8  0.3  0.501479838818  0.0                0.498520161182  0.2  -1.3  0.00295967763534   0.0                1610.0  7.20776767127  -1.31476556818  -2.11535750371
0.5   -0.8  0.3  0.501571483092  0.0                0.498428516908  0.2  -1.3  0.0031429661834    0.0                1620.0  7.16327527824  -1.31458109799  -2.11520969123
0.5   -0.8  0.3  0.501608726655  6.97445007813e-07  0.4983905759    0.2  -1.3  0.00321884820026   1.39489001563e-06  1630.0  7.11932880414  -1.31450410741  -2.11514606369
0.5   -0.8  0.3  0.501660058608  0.0                0.498339941392  0.2  -1.3  0.0033201172154    0.0                1640.0  7.07591826265  -1.31440381049  -2.11506783393
0.5   -0.8  0.3  0.501709577203  0.0                0.498290422797  0.2  -1.3  0.00341915440651   0.0                1650.0  7.03303390954  -1.31430387713  -2.11498770801
0.5   -0.8  0.3  0.501750307992  0.0                0.498249692008  0.2  -1.3  0.00350061598343   0.0                1660.0  6.99066623539  -1.3142223209   -2.1149224441
0.5   -0.8  0.3  0.501850042628  0.0                0.498149957372  0.2  -1.3  0.00370008525568   0.0                1670.0  6.94880595853  -1.31402094937  -2.11476096642
0.5   -0.8  0.3  0.501920345085  0.0                0.498079654915  0.2  -1.3  0.00384069016926   0.0                1680.0  6.9074440183   -1.31388058789  -2.11464872593
0.5   -0.8  0.3  0.50201882432   0.0                0.49798117568   0.2  -1.3  0.00403764863948   0.0                1690.0  6.86657156849  -1.31368161803  -2.11448914776
0.5   -0.8  0.3  0.502036539423  0.0                0.497963460577  0.2  -1.3  0.00407307884588   0.0                1700.0  6.82617997103  -1.31364636245  -2.11446097822
0.5   -0.8  0.3  0.502120372313  1.39489001953e-07  0.497879488198  0.2  -1.3  0.00424102360377   2.78978003906e-07  1710.0  6.78626078991  -1.3134773063   -2.11432514835
0.5   -0.8  0.3  0.502165706238  0.0                0.497834293762  0.2  -1.3  0.00433141247679   0.0                1720.0  6.74680578532  -1.31338655978  -2.11425284227
0.5   -0.8  0.3  0.502215364323  1.39489001953e-07  0.497784496188  0.2  -1.3  0.00443100762391   2.78978003906e-07  1730.0  6.70780690795  -1.31328587616  -2.11417171502
0.5   -0.8  0.3  0.5022689281    0.0                0.4977310719    0.2  -1.3  0.00453785619912   0.0                1740.0  6.66925629353  -1.31317860232  -2.11408617356
0.5   -0.8  0.3  0.502329605815  1.39489001953e-07  0.497670254696  0.2  -1.3  0.00465949060848   2.78978003906e-07  1750.0  6.63114625757  -1.31305686483  -2.11398840028
0.5   -0.8  0.3  0.502419994688  1.39489001953e-07  0.497579865823  0.2  -1.3  0.00484026835452   2.78978003906e-07  1760.0  6.5934692902   -1.31287398544  -2.11384167644
0.5   -0.8  0.3  0.5024756508    0.0                0.4975243492    0.2  -1.3  0.00495130159977   0.0                1770.0  6.55621805127  -1.31276361489  -2.11375387521
0.5   -0.8  0.3  0.502621695785  1.39489001953e-07  0.497378164726  0.2  -1.3  0.00524367054706   2.78978003906e-07  1780.0  6.51938536559  -1.31246832017  -2.11351669161
0.5   -0.8  0.3  0.50266005526   0.0                0.49733994474   0.2  -1.3  0.00532011051993   0.0                1790.0  6.4829642183   -1.31239245118  -2.11345647329
0.5   -0.8  0.3  0.502711387213  1.39489001953e-07  0.497288473298  0.2  -1.3  0.00542305340309   2.78978003906e-07  1800.0  6.44694775042  -1.31228843406  -2.11337268207
0.5   -0.8  0.3  0.502775831131  0.0                0.497224168869  0.2  -1.3  0.00555166226253   0.0                1810.0  6.41132925456  -1.31215935388  -2.11326968633
0.5   -0.8  0.3  0.502891607003  5.57956005859e-07  0.497107835041  0.2  -1.3  0.00578432991715   1.11591201172e-06  1820.0  6.37610217074  -1.31192492833  -2.11308034362
0.5   -0.8  0.3  0.502961351503  1.39489001953e-07  0.497038509008  0.2  -1.3  0.00592298198472   2.78978003906e-07  1830.0  6.34126008238  -1.31178477144  -2.11296900516
0.5   -0.8  0.3  0.503025795422  0.0                0.496974204578  0.2  -1.3  0.00605159084417   0.0                1840.0  6.30679671236  -1.31165682006  -2.11286713823
0.5   -0.8  0.3  0.503128598816  0.0                0.496871401184  0.2  -1.3  0.00625719763248   0.0                1850.0  6.27270591932  -1.31144925251  -2.11270069204
0.5   -0.8  0.3  0.50317281683   0.0                0.49682718317   0.2  -1.3  0.00634563365948   0.0                1860.0  6.23898169395  -1.31136036225  -2.11262948898
0.5   -0.8  0.3  0.503328626044  0.0                0.496671373956  0.2  -1.3  0.00665725208899   0.0                1870.0  6.20561815548  -1.31104633419  -2.1123777846
0.5   -0.8  0.3  0.503370054278  2.7897800293e-07   0.496629666744  0.2  -1.3  0.00674066651193   5.57956005859e-07  1880.0  6.17260954827  -1.31096275085  -2.11231015881
0.5   -0.8  0.3  0.503442030603  0.0                0.496557969397  0.2  -1.3  0.00688406120554   0.0                1890.0  6.13995023849  -1.31081864955  -2.11219546179
0.5   -0.8  0.3  0.503532279987  0.0                0.496467720013  0.2  -1.3  0.00706455997358   0.0                1900.0  6.10763471092  -1.31063792135  -2.11205083335
0.5   -0.8  0.3  0.503659493956  0.0                0.496340506044  0.2  -1.3  0.00731898791244   0.0                1910.0  6.07565756584  -1.31037911978  -2.11184291736
0.5   -0.8  0.3  0.503726169699  0.0                0.496273830301  0.2  -1.3  0.00745233939794   0.0                1920.0  6.04401351602  -1.31024564543  -2.11173611331
0.5   -0.8  0.3  0.503875422931  1.39489001953e-07  0.49612443758   0.2  -1.3  0.00775112483931   2.78978003906e-07  1930.0  6.01269738381  -1.30994504273  -2.11149490502
0.5   -0.8  0.3  0.503948236189  2.7897800293e-07   0.496051484833  0.2  -1.3  0.00789703033495   5.57956005859e-07  1940.0  5.98170409833  -1.30979801136  -2.11137669208
0.5   -0.8  0.3  0.504012122152  0.0                0.495987877848  0.2  -1.3  0.00802424430438   0.0                1950.0  5.95102869269  -1.30967152336  -2.11127637222
0.5   -0.8  0.3  0.504039461997  4.18467004883e-07  0.495960119536  0.2  -1.3  0.00807976092701   8.36934009766e-07  1960.0  5.9206663014   -1.30961509145  -2.11122995562
0.5   -0.8  0.3  0.504167233922  5.57956005859e-07  0.495832208122  0.2  -1.3  0.00833558375589   1.11591201172e-06  1970.0  5.89061215774  -1.30935641653  -2.11102208259
0.5   -0.8  0.3  0.504266968558  5.57956005859e-07  0.495732473486  0.2  -1.3  0.00853505302814   1.11591201172e-06  1980.0  5.86086159129  -1.30915517943  -2.11086073935
0.5   -0.8  0.3  0.504435889739  1.39489001953e-07  0.495563970772  0.2  -1.3  0.00887205845594   2.78978003906e-07  1990.0  5.8314100255   -1.30881474915  -2.11058879817
0.5   -0.8  0.3  0.504568543779  1.39489001953e-07  0.495431316732  0.2  -1.3  0.00913736653692   2.78978003906e-07  2000.0  5.80225297537  -1.30854903325  -2.11037614389
0.5   -0.8  0.3  0.50455166561   1.39489001953e-07  0.495448194901  0.2  -1.3  0.00910361019854   2.78978003906e-07  2010.0  5.77338604515  -1.30858505477  -2.11040541414
0.5   -0.8  0.3  0.504719470879  4.18467004883e-07  0.495280110654  0.2  -1.3  0.00943977869233   8.36934009766e-07  2020.0  5.74480492611  -1.30824397057  -2.1101308383
0.5   -0.8  0.3  0.50481850807   1.39489001953e-07  0.495181352441  0.2  -1.3  0.00963729511855   2.78978003906e-07  2030.0  5.71650539446  -1.3080466067   -2.10997370305
0.5   -0.8  0.3  0.504873466737  8.36934009766e-07  0.495125696329  0.2  -1.3  0.00974860734181   1.67386801953e-06  2040.0  5.68848330919  -1.30793096912  -2.10987851456
0.5   -0.8  0.3  0.505046712077  1.67386801855e-06  0.494951614055  0.2  -1.3  0.0100967718897    3.34773603711e-06  2050.0  5.66073461012  -1.30758078354  -2.10959578587
0.5   -0.8  0.3  0.505143517444  2.7897800293e-07   0.494856203578  0.2  -1.3  0.0102875928439    5.57956005859e-07  2060.0  5.6332553159   -1.30738958139  -2.10944637462
0.5   -0.8  0.3  0.50522930318   2.7897800293e-07   0.494770417842  0.2  -1.3  0.0104591643158    5.57956005859e-07  2070.0  5.6060415221   -1.30721532056  -2.10930642808
0.5   -0.8  0.3  0.50533126964   1.39489001563e-06  0.49466733547   0.2  -1.3  0.0106653290601    2.78978003125e-06  2080.0  5.5790893994   -1.30700985711  -2.10913929621
0.5   -0.8  0.3  0.505495587684  9.76423010742e-07  0.494503435893  0.2  -1.3  0.0109931282138    1.95284602148e-06  2090.0  5.55239519175  -1.30667724134  -2.10887332828
0.5   -0.8  0.3  0.505541479565  0.0                0.494458520435  0.2  -1.3  0.0110829591308    0.0                2100.0  5.52595521464  -1.30659049423  -2.10880708605
0.5   -0.8  0.3  0.505661161129  2.51080202832e-06  0.494336328069  0.2  -1.3  0.0113273438616    5.02160405664e-06  2110.0  5.49976585344  -1.30633843435  -2.10859737503
0.5   -0.8  0.3  0.505835940848  1.53437901758e-06  0.494162524773  0.2  -1.3  0.0116749504535    3.06875803516e-06  2120.0  5.47382356168  -1.30599000808  -2.10832100879
0.5   -0.8  0.3  0.50589982681   1.1159120127e-06   0.494099057278  0.2  -1.3  0.0118018854449    2.23182402539e-06  2130.0  5.44812485951  -1.30586216467  -2.10821964039
0.5   -0.8  0.3  0.506081023023  9.76423010742e-07  0.493918000553  0.2  -1.3  0.012163998893     1.95284602148e-06  2140.0  5.42266633213  -1.30549521596  -2.10792547704
0.5   -0.8  0.3  0.506149093656  2.23182402539e-06  0.49384867452   0.2  -1.3  0.0123026509606    4.46364805078e-06  2150.0  5.39744462826  -1.30535286727  -2.10780759472
0.5   -0.8  0.3  0.506362790807  2.37131302637e-06  0.49363483788   0.2  -1.3  0.0127303242394    4.74262605273e-06  2160.0  5.37245645868  -1.30492283285  -2.10746273228
0.5   -0.8  0.3  0.506454295592  8.36934009766e-07  0.493544867474  0.2  -1.3  0.0129102650514    1.67386801953e-06  2170.0  5.34769859482  -1.30474753366  -2.10732741065
0.5   -0.8  0.3  0.506505069588  8.36934009766e-07  0.493494093478  0.2  -1.3  0.0130118130446    1.67386801953e-06  2180.0  5.32316786732  -1.30464386799  -2.10724405457
0.5   -0.8  0.3  0.506644837568  1.53437901758e-06  0.493353628053  0.2  -1.3  0.0132927438937    3.06875803516e-06  2190.0  5.29886116473  -1.30436295757  -2.10701751696
0.5   -0.8  0.3  0.506786139926  2.37131302637e-06  0.493211488761  0.2  -1.3  0.0135770224789    4.74262605273e-06  2200.0  5.27477543216  -1.30407290026  -2.10678213934
0.5   -0.8  0.3  0.506878760623  2.9292690332e-06   0.493118310107  0.2  -1.3  0.013763379785     5.85853806641e-06  2210.0  5.25090767002  -1.30388109297  -2.10662615283
0.5   -0.8  0.3  0.506983237886  2.65029103027e-06  0.493014111823  0.2  -1.3  0.0139717763534    5.30058206055e-06  2220.0  5.22725493277  -1.30366959265  -2.10645705717
0.5   -0.8  0.3  0.507128445936  1.67386801855e-06  0.492869880196  0.2  -1.3  0.0142602396086    3.34773603711e-06  2230.0  5.20381432769  -1.30338065602  -2.10622835189
0.5   -0.8  0.3  0.507270864207  2.23182402539e-06  0.492726903969  0.2  -1.3  0.0145461920618    4.46364805078e-06  2240.0  5.18058301373  -1.30309049997  -2.10599393564
0.5   -0.8  0.3  0.50749111734   3.20824703613e-06  0.492505674413  0.2  -1.3  0.0149886511748    6.41649407227e-06  2250.0  5.15755820033  -1.3026444184   -2.10563380719
0.5   -0.8  0.3  0.507557932572  2.37131302637e-06  0.492439696115  0.2  -1.3  0.0151206077703    4.74262605273e-06  2260.0  5.13473714635  -1.30251183018  -2.10552978632
0.5   -0.8  0.3  0.507705372447  2.37131302637e-06  0.49229225624   0.2  -1.3  0.0154154875196    4.74262605273e-06  2270.0  5.11211715892  -1.30221429694  -2.10529122903
0.5   -0.8  0.3  0.507811523577  3.48722503906e-06  0.492184989198  0.2  -1.3  0.0156300216041    6.97445007813e-06  2280.0  5.08969559243  -1.30199339545  -2.10511033299
0.5   -0.8  0.3  0.507909584345  3.90569204395e-06  0.492086509963  0.2  -1.3  0.0158269800743    7.81138408789e-06  2290.0  5.06746984749  -1.30179676256  -2.10495200377
0.5   -0.8  0.3  0.508118957336  2.51080202832e-06  0.491878531862  0.2  -1.3  0.016242936277     5.02160405664e-06  2300.0  5.04543736989  -1.30137899151  -2.10462105068
0.5   -0.8  0.3  0.508287181072  6.41649407227e-06  0.491706402434  0.2  -1.3  0.0165871951328    1.28329881445e-05  2310.0  5.02359564968  -1.30102356531  -2.10432432146
0.5   -0.8  0.3  0.508233756785  4.0451810459e-06   0.491762198034  0.2  -1.3  0.0164756039316    8.0903620918e-06   2320.0  5.00194222015  -1.30114188852  -2.10442649183
0.5   -0.8  0.3  0.508514548145  5.16109305859e-06  0.491480290762  0.2  -1.3  0.0170394184759    1.03221861172e-05  2330.0  4.98047465697  -1.30056613648  -2.10396060133
0.5   -0.8  0.3  0.508537424341  4.0451810459e-06   0.491458530478  0.2  -1.3  0.0170829390444    8.0903620918e-06   2340.0  4.95919057724  -1.30052564273  -2.10393171307
0.5   -0.8  0.3  0.508749587113  4.74262605371e-06  0.491245670261  0.2  -1.3  0.0175086594772    9.48525210742e-06  2350.0  4.93808763862  -1.30009894407  -2.10358834514
0.5   -0.8  0.3  0.508986578926  4.60313705176e-06  0.491008817937  0.2  -1.3  0.0179823641266    9.20627410352e-06  2360.0  4.91716353845  -1.29961730406  -2.10320180873
0.5   -0.8  0.3  0.509044606351  6.6954720752e-06   0.490948698177  0.2  -1.3  0.0181026036459    1.33909441504e-05  2370.0  4.89641601298  -1.29948910529  -2.1030922178
0.5   -0.8  0.3  0.509212551109  7.11393908008e-06  0.490780334952  0.2  -1.3  0.0184393300957    1.42278781602e-05  2380.0  4.87584283645  -1.29915528206  -2.10282465184
0.5   -0.8  0.3  0.509346879017  4.4636480498e-06   0.490648657335  0.2  -1.3  0.0187026853307    8.92729609961e-06  2390.0  4.8554418204   -1.29888869873  -2.10261763031
0.5   -0.8  0.3  0.50938844674   6.13751606934e-06  0.490605415744  0.2  -1.3  0.0187891685116    1.22750321387e-05  2400.0  4.83521081281  -1.29879566219  -2.10253753835
