#mu0  mu1   mu2  x0              x1                 x2              mua   mub   xa                 xb                 T       b              u               phi
0.1   -0.8  0.7  0.5             0.0                0.5             -0.6  -0.9  0.0                0.0                30.0    386.816865025  -1.31774118     -2.11774118
0.1   -0.8  0.7  0.5             0.0                0.5             -0.6  -0.9  0.0                0.0                40.0    290.112648769  -1.31774118     -2.11774118
0.1   -0.8  0.7  0.5             0.0                0.5             -0.6  -0.9  0.0                0.0                50.0    232.090119015  -1.31774118     -2.11774118
0.1   -0.8  0.7  0.5             0.0                0.5             -0.6  -0.9  0.0                0.0                60.0    193.408432513  -1.31774118     -2.11774118
0.1   -0.8  0.7  0.5             0.0                0.5             -0.6  -0.9  0.0                0.0                70.0    165.778656439  -1.31774118     -2.11774118
0.1   -0.8  0.7  0.5             0.0                0.5             -0.6  -0.9  0.0                0.0                80.0    145.056324384  -1.31774118     -2.11774118
0.1   -0.8  0.7  0.5             0.0                0.5             -0.6  -0.9  0.0                0.0                90.0    128.938955008  -1.31774118     -2.11774118
0.1   -0.8  0.7  0.5             0.0                0.5             -0.6  -0.9  0.0                0.0                100.0   116.045059507  -1.31774118     -2.11774118
0.1   -0.8  0.7  0.5             0.0                0.5             -0.6  -0.9  0.0                0.0                110.0   105.495508643  -1.31774118     -2.11774118
0.1   -0.8  0.7  0.5             0.0                0.5             -0.6  -0.9  0.0                0.0                120.0   96.7042162563  -1.31774118     -2.11774118
0.1   -0.8  0.7  0.5             0.0                0.5             -0.6  -0.9  0.0                0.0                130.0   89.2654303904  -1.31774118     -2.11774118
0.1   -0.8  0.7  0.5             0.0                0.5             -0.6  -0.9  0.0                0.0                140.0   82.8893282196  -1.31774118     -2.11774118
0.1   -0.8  0.7  0.5             0.0                0.5             -0.6  -0.9  0.0                0.0                150.0   77.363373005   -1.31774118     -2.11774118
0.1   -0.8  0.7  0.5             0.0                0.5             -0.6  -0.9  0.0                0.0                160.0   72.5281621922  -1.31774118     -2.11774118
0.1   -0.8  0.7  0.5             0.0                0.5             -0.6  -0.9  0.0                0.0                170.0   68.2617997103  -1.31774118     -2.11774118
0.1   -0.8  0.7  0.5             0.0                0.5             -0.6  -0.9  0.0                0.0                180.0   64.4694775042  -1.31774118     -2.11774118
0.1   -0.8  0.7  0.5             0.0                0.5             -0.6  -0.9  0.0                0.0                190.0   61.0763471092  -1.31774118     -2.11774118
0.1   -0.8  0.7  0.5             0.0                0.5             -0.6  -0.9  0.0                0.0                200.0   58.0225297537  -1.31774118     -2.11774118
0.1   -0.8  0.7  0.5             0.0                0.5             -0.6  -0.9  0.0                0.0                210.0   55.2595521464  -1.31774118     -2.11774118
0.1   -0.8  0.7  0.5             0.0                0.5             -0.6  -0.9  0.0                0.0                220.0   52.7477543216  -1.31774118     -2.11774118
0.1   -0.8  0.7  0.5             0.0                0.5             -0.6  -0.9  0.0                0.0                230.0   50.4543736989  -1.31774118     -2.11774118
0.1   -0.8  0.7  0.5             0.0                0.5             -0.6  -0.9  0.0                0.0                240.0   48.3521081281  -1.31774118     -2.11774118
0.1   -0.8  0.7  0.5             0.0                0.5             -0.6  -0.9  0.0                0.0                250.0   46.418023803   -1.31774118     -2.11774118
0.1   -0.8  0.7  0.5             0.0                0.5             -0.6  -0.9  0.0                0.0                260.0   44.6327151952  -1.31774118     -2.11774118
0.1   -0.8  0.7  0.5             0.0                0.5             -0.6  -0.9  0.0                0.0                270.0   42.9796516694  -1.31774118     -2.11774118
0.1   -0.8  0.7  0.5             0.0                0.5             -0.6  -0.9  0.0                0.0                280.0   41.4446641098  -1.31774118     -2.11774118
0.1   -0.8  0.7  0.5             0.0                0.5             -0.6  -0.9  0.0                0.0                290.0   40.0155377612  -1.31774118     -2.11774118
0.1   -0.8  0.7  0.5             0.0                0.5             -0.6  -0.9  0.0                0.0                300.0   38.6816865025  -1.31774118     -2.11774118
0.1   -0.8  0.7  0.5             0.0                0.5             -0.6  -0.9  0.0                0.0                310.0   37.4338901637  -1.31774118     -2.11774118
0.1   -0.8  0.7  0.5             0.0                0.5             -0.6  -0.9  0.0                0.0                320.0   36.2640810961  -1.31774118     -2.11774118
0.1   -0.8  0.7  0.5             0.0                0.5             -0.6  -0.9  0.0                0.0                330.0   35.1651695477  -1.31774118     -2.11774118
0.1   -0.8  0.7  0.5             0.0                0.5             -0.6  -0.9  0.0                0.0                340.0   34.1308998551  -1.31774118     -2.11774118
0.1   -0.8  0.7  0.5             0.0                0.5             -0.6  -0.9  0.0                0.0                350.0   33.1557312879  -1.31774118     -2.11774118
0.1   -0.8  0.7  0.5             0.0                0.5             -0.6  -0.9  0.0                0.0                360.0   32.2347387521  -1.31774118     -2.11774118
0.1   -0.8  0.7  0.5             0.0                0.5             -0.6  -0.9  0.0                0.0                370.0   31.3635295966  -1.31774118     -2.11774118
0.1   -0.8  0.7  0.5             0.0                0.5             -0.6  -0.9  0.0                0.0                380.0   30.5381735546  -1.31774118     -2.11774118
0.1   -0.8  0.7  0.5             0.0                0.5             -0.6  -0.9  0.0                0.0                390.0   29.7551434635  -1.31774118     -2.11774118
0.1   -0.8  0.7  0.5             0.0                0.5             -0.6  -0.9  0.0                0.0                400.0   29.0112648769  -1.31774118     -2.11774118
0.1   -0.8  0.7  0.5             0.0                0.5             -0.6  -0.9  0.0                0.0                410.0   28.3036730506  -1.31774118     -2.11774118
0.1   -0.8  0.7  0.5             0.0                0.5             -0.6  -0.9  0.0                0.0                420.0   27.6297760732  -1.31774118     -2.11774118
0.1   -0.8  0.7  0.5             0.0                0.5             -0.6  -0.9  0.0                0.0                430.0   26.9872231413  -1.31774118     -2.11774118
0.1   -0.8  0.7  0.5             0.0                0.5             -0.6  -0.9  0.0                0.0                440.0   26.3738771608  -1.31774118     -2.11774118
0.1   -0.8  0.7  0.5             0.0                0.5             -0.6  -0.9  0.0                0.0                450.0   25.7877910017  -1.31774118     -2.11774118
0.1   -0.8  0.7  0.5             0.0                0.5             -0.6  -0.9  0.0                0.0                460.0   25.2271868495  -1.31774118     -2.11774118
0.1   -0.8  0.7  0.5             0.0                0.5             -0.6  -0.9  0.0                0.0                470.0   24.6904381931  -1.31774118     -2.11774118
0.1   -0.8  0.7  0.5             0.0                0.5             -0.6  -0.9  0.0                0.0                480.0   24.1760540641  -1.31774118     -2.11774118
0.1   -0.8  0.7  0.5             0.0                0.5             -0.6  -0.9  0.0                0.0                490.0   23.6826652056  -1.31774118     -2.11774118
0.1   -0.8  0.7  0.5             0.0                0.5             -0.6  -0.9  0.0                0.0                500.0   23.2090119015  -1.31774118     -2.11774118
0.1   -0.8  0.7  0.5             0.0                0.5             -0.6  -0.9  0.0                0.0                510.0   22.7539332368  -1.31774118     -2.11774118
0.1   -0.8  0.7  0.5             0.0                0.5             -0.6  -0.9  0.0                0.0                520.0   22.3163575976  -1.31774118     -2.11774118
0.1   -0.8  0.7  0.5             0.0                0.5             -0.6  -0.9  0.0                0.0                530.0   21.8952942467  -1.31774118     -2.11774118
0.1   -0.8  0.7  0.5             0.0                0.5             -0.6  -0.9  0.0                0.0                540.0   21.4898258347  -1.31774118     -2.11774118
0.1   -0.8  0.7  0.5             0.0                0.5             -0.6  -0.9  0.0                0.0                550.0   21.0991017286  -1.31774118     -2.11774118
0.1   -0.8  0.7  0.5             0.0                0.5             -0.6  -0.9  0.0                0.0                560.0   20.7223320549  -1.31774118     -2.11774118
0.1   -0.8  0.7  0.5             0.0                0.5             -0.6  -0.9  0.0                0.0                570.0   20.3587823697  -1.31774118     -2.11774118
0.1   -0.8  0.7  0.5             0.0                0.5             -0.6  -0.9  0.0                0.0                580.0   20.0077688806  -1.31774118     -2.11774118
0.1   -0.8  0.7  0.5             0.0                0.5             -0.6  -0.9  0.0                0.0                590.0   19.6686541538  -1.31774118     -2.11774118
0.1   -0.8  0.7  0.5             0.0                0.5             -0.6  -0.9  0.0                0.0                600.0   19.3408432512  -1.31774118     -2.11774118
0.1   -0.8  0.7  0.5             0.0                0.5             -0.6  -0.9  0.0                0.0                610.0   19.0237802471  -1.31774118     -2.11774118
0.1   -0.8  0.7  0.5             0.0                0.5             -0.6  -0.9  0.0                0.0                620.0   18.7169450819  -1.31774118     -2.11774118
0.1   -0.8  0.7  0.5             0.0                0.5             -0.6  -0.9  0.0                0.0                630.0   18.4198507155  -1.31774118     -2.11774118
0.1   -0.8  0.7  0.5             0.0                0.5             -0.6  -0.9  0.0                0.0                640.0   18.132040548   -1.31774118     -2.11774118
0.1   -0.8  0.7  0.5             0.0                0.5             -0.6  -0.9  0.0                0.0                650.0   17.8530860781  -1.31774118     -2.11774118
0.1   -0.8  0.7  0.5             0.0                0.5             -0.6  -0.9  0.0                0.0                660.0   17.5825847739  -1.31774118     -2.11774118
0.1   -0.8  0.7  0.5             0.0                0.5             -0.6  -0.9  0.0                0.0                670.0   17.3201581354  -1.31774118     -2.11774118
0.1   -0.8  0.7  0.5             0.0                0.5             -0.6  -0.9  0.0                0.0                680.0   17.0654499276  -1.31774118     -2.11774118
0.1   -0.8  0.7  0.5             0.0                0.5             -0.6  -0.9  0.0                0.0                690.0   16.8181245663  -1.31774118     -2.11774118
0.1   -0.8  0.7  0.5             0.0                0.5             -0.6  -0.9  0.0                0.0                700.0   16.5778656439  -1.31774118     -2.11774118
0.1   -0.8  0.7  0.5             0.0                0.5             -0.6  -0.9  0.0                0.0                710.0   16.3443745785  -1.31774118     -2.11774118
0.1   -0.8  0.7  0.5             0.0                0.5             -0.6  -0.9  0.0                0.0                720.0   16.117369376   -1.31774118     -2.11774118
0.1   -0.8  0.7  0.5             0.0                0.5             -0.6  -0.9  0.0                0.0                730.0   15.8965834942  -1.31774118     -2.11774118
0.1   -0.8  0.7  0.5             0.0                0.5             -0.6  -0.9  0.0                0.0                740.0   15.6817647983  -1.31774118     -2.11774118
0.1   -0.8  0.7  0.5             0.0                0.5             -0.6  -0.9  0.0                0.0                750.0   15.472674601   -1.31774118     -2.11774118
0.1   -0.8  0.7  0.5             0.0                0.5             -0.6  -0.9  0.0                0.0                760.0   15.2690867773  -1.31774118     -2.11774118
0.1   -0.8  0.7  0.5             0.0                0.5             -0.6  -0.9  0.0                0.0                770.0   15.070786949   -1.31774118     -2.11774118
0.1   -0.8  0.7  0.5             0.0                0.5             -0.6  -0.9  0.0                0.0                780.0   14.8775717317  -1.31774118     -2.11774118
0.1   -0.8  0.7  0.5             0.0                0.5             -0.6  -0.9  0.0                0.0                790.0   14.6892480389  -1.31774118     -2.11774118
0.1   -0.8  0.7  0.5             0.0                0.5             -0.6  -0.9  0.0                0.0                800.0   14.5056324384  -1.31774118     -2.11774118
0.1   -0.8  0.7  0.5             0.0                0.5             -0.6  -0.9  0.0                0.0                810.0   14.3265505565  -1.31774118     -2.11774118
0.1   -0.8  0.7  0.5             0.0                0.5             -0.6  -0.9  0.0                0.0                820.0   14.1518365253  -1.31774118     -2.11774118
0.1   -0.8  0.7  0.5             0.0                0.5             -0.6  -0.9  0.0                0.0                830.0   13.9813324708  -1.31774118     -2.11774118
0.1   -0.8  0.7  0.5             0.0                0.5             -0.6  -0.9  0.0                0.0                840.0   13.8148880366  -1.31774118     -2.11774118
0.1   -0.8  0.7  0.5             0.0                0.5             -0.6  -0.9  0.0                0.0                850.0   13.6523599421  -1.31774118     -2.11774118
0.1   -0.8  0.7  0.5             0.0                0.5             -0.6  -0.9  0.0                0.0                860.0   13.4936115706  -1.31774118     -2.11774118
0.1   -0.8  0.7  0.5             0.0                0.5             -0.6  -0.9  0.0                0.0                870.0   13.3385125871  -1.31774118     -2.11774118
0.1   -0.8  0.7  0.5             0.0                0.5             -0.6  -0.9  0.0                0.0                880.0   13.1869385804  -1.31774118     -2.11774118
0.1   -0.8  0.7  0.5             0.0                0.5             -0.6  -0.9  0.0                0.0                890.0   13.0387707312  -1.31774118     -2.11774118
0.1   -0.8  0.7  0.5             0.0                0.5             -0.6  -0.9  0.0                0.0                900.0   12.8938955008  -1.31774118     -2.11774118
0.1   -0.8  0.7  0.5             0.0                0.5             -0.6  -0.9  0.0                0.0                910.0   12.7522043415  -1.31774118     -2.11774118
0.1   -0.8  0.7  0.5             0.0                0.5             -0.6  -0.9  0.0                0.0                920.0   12.6135934247  -1.31774118     -2.11774118
0.1   -0.8  0.7  0.5             0.0                0.5             -0.6  -0.9  0.0                0.0                930.0   12.4779633879  -1.31774118     -2.11774118
0.1   -0.8  0.7  0.5             0.0                0.5             -0.6  -0.9  0.0                0.0                940.0   12.3452190965  -1.31774118     -2.11774118
0.1   -0.8  0.7  0.5             0.0                0.5             -0.6  -0.9  0.0                0.0                950.0   12.2152694218  -1.31774118     -2.11774118
0.1   -0.8  0.7  0.5             0.0                0.5             -0.6  -0.9  0.0                0.0                960.0   12.088027032   -1.31774118     -2.11774118
0.1   -0.8  0.7  0.5             0.0                0.5             -0.6  -0.9  0.0                0.0                970.0   11.9634081967  -1.31774118     -2.11774118
0.1   -0.8  0.7  0.5             0.0                0.5             -0.6  -0.9  0.0                0.0                980.0   11.8413326028  -1.31774118     -2.11774118
0.1   -0.8  0.7  0.5             0.0                0.5             -0.6  -0.9  0.0                0.0                990.0   11.7217231826  -1.31774118     -2.11774118
0.1   -0.8  0.7  0.5             0.0                0.5             -0.6  -0.9  0.0                0.0                1000.0  11.6045059507  -1.31774118     -2.11774118
0.1   -0.8  0.7  0.5             0.0                0.5             -0.6  -0.9  0.0                0.0                1010.0  11.4896098522  -1.31774118     -2.11774118
0.1   -0.8  0.7  0.5             0.0                0.5             -0.6  -0.9  0.0                0.0                1020.0  11.3769666184  -1.31774118     -2.11774118
0.1   -0.8  0.7  0.5             0.0                0.5             -0.6  -0.9  0.0                0.0                1030.0  11.2665106318  -1.31774118     -2.11774118
0.1   -0.8  0.7  0.5             0.0                0.5             -0.6  -0.9  0.0                0.0                1040.0  11.1581787988  -1.31774118     -2.11774118
0.1   -0.8  0.7  0.5             0.0                0.5             -0.6  -0.9  0.0                0.0                1050.0  11.0519104293  -1.31774118     -2.11774118
0.1   -0.8  0.7  0.5             0.0                0.5             -0.6  -0.9  0.0                0.0                1060.0  10.9476471233  -1.31774118     -2.11774118
0.1   -0.8  0.7  0.5             0.0                0.5             -0.6  -0.9  0.0                0.0                1070.0  10.8453326643  -1.31774118     -2.11774118
0.1   -0.8  0.7  0.5             0.0                0.5             -0.6  -0.9  0.0                0.0                1080.0  10.7449129174  -1.31774118     -2.11774118
0.1   -0.8  0.7  0.5             0.0                0.5             -0.6  -0.9  0.0                0.0                1090.0  10.6463357346  -1.31774118     -2.11774118
0.1   -0.8  0.7  0.500000278978  0.0                0.499999721022  -0.6  -0.9  5.57956005842e-07  0.0                1100.0  10.5495508643  -1.31774061917  -2.11774028439
0.1   -0.8  0.7  0.5             0.0                0.5             -0.6  -0.9  0.0                0.0                1110.0  10.4545098655  -1.31774118     -2.11774118
0.1   -0.8  0.7  0.5             0.0                0.5             -0.6  -0.9  0.0                0.0                1120.0  10.3611660275  -1.31774118     -2.11774118
0.1   -0.8  0.7  0.5             0.0                0.5             -0.6  -0.9  0.0                0.0                1130.0  10.2694742927  -1.31774118     -2.11774118
0.1   -0.8  0.7  0.5             0.0                0.5             -0.6  -0.9  0.0                0.0                1140.0  10.1793911849  -1.31774118     -2.11774118
0.1   -0.8  0.7  0.5             0.0                0.5             -0.6  -0.9  0.0                0.0                1150.0  10.0908747398  -1.31774118     -2.11774118
0.1   -0.8  0.7  0.5             0.0                0.5             -0.6  -0.9  0.0                0.0                1160.0  10.0038844403  -1.31774118     -2.11774118
0.1   -0.8  0.7  0.5             0.0                0.5             -0.6  -0.9  0.0                0.0                1170.0  9.91838115449  -1.31774118     -2.11774118
0.1   -0.8  0.7  0.5             0.0                0.5             -0.6  -0.9  0.0                0.0                1180.0  9.83432707691  -1.31774118     -2.11774118
0.1   -0.8  0.7  0.5             0.0                0.5             -0.6  -0.9  0.0                0.0                1190.0  9.7516856729   -1.31774118     -2.11774118
0.1   -0.8  0.7  0.5             0.0                0.5             -0.6  -0.9  0.0                0.0                1200.0  9.67042162562  -1.31774118     -2.11774118
0.1   -0.8  0.7  0.500000139489  0.0                0.499999860511  -0.6  -0.9  2.78978003809e-07  0.0                1210.0  9.59050078574  -1.31774089958  -2.1177407322
0.1   -0.8  0.7  0.5             0.0                0.5             -0.6  -0.9  0.0                0.0                1220.0  9.51189012357  -1.31774118     -2.11774118
0.1   -0.8  0.7  0.500000278978  0.0                0.499999721022  -0.6  -0.9  5.57956005842e-07  0.0                1230.0  9.43455768354  -1.31774061917  -2.11774028439
0.1   -0.8  0.7  0.500000139489  0.0                0.499999860511  -0.6  -0.9  2.78978003809e-07  0.0                1240.0  9.35847254093  -1.31774089958  -2.1177407322
0.1   -0.8  0.7  0.500000139489  0.0                0.499999860511  -0.6  -0.9  2.78978003809e-07  0.0                1250.0  9.2836047606   -1.31774089958  -2.1177407322
0.1   -0.8  0.7  0.500000418467  0.0                0.499999581533  -0.6  -0.9  8.36934009874e-07  0.0                1260.0  9.20992535774  -1.31774033875  -2.11773983659
0.1   -0.8  0.7  0.500000418467  0.0                0.499999581533  -0.6  -0.9  8.36934009874e-07  0.0                1270.0  9.13740626043  -1.31774033875  -2.11773983659
0.1   -0.8  0.7  0.5             0.0                0.5             -0.6  -0.9  0.0                0.0                1280.0  9.06602027402  -1.31774118     -2.11774118
0.1   -0.8  0.7  0.500000557956  0.0                0.499999442044  -0.6  -0.9  1.11591201168e-06  0.0                1290.0  8.99574104709  -1.31774005833  -2.11773938879
0.1   -0.8  0.7  0.500000139489  0.0                0.499999860511  -0.6  -0.9  2.78978003809e-07  0.0                1300.0  8.92654303904  -1.31774089958  -2.1177407322
0.1   -0.8  0.7  0.500001255401  0.0                0.499998744599  -0.6  -0.9  2.5108020274e-06   0.0                1310.0  8.85840148912  -1.31773865625  -2.11773714977
0.1   -0.8  0.7  0.500000278978  0.0                0.499999721022  -0.6  -0.9  5.57956005842e-07  0.0                1320.0  8.79129238693  -1.31774061917  -2.11774028439
0.1   -0.8  0.7  0.5             0.0                0.5             -0.6  -0.9  0.0                0.0                1330.0  8.72519244417  -1.31774118     -2.11774118
0.1   -0.8  0.7  0.500000139489  1.39489001953e-07  0.499999721022  -0.6  -0.9  5.57956006779e-07  2.78978003906e-07  1340.0  8.66007906772  -1.31774032367  -2.11773973781
0.1   -0.8  0.7  0.500000418467  0.0                0.499999581533  -0.6  -0.9  8.36934009874e-07  0.0                1350.0  8.59593033389  -1.31774033875  -2.11773983659
0.1   -0.8  0.7  0.500000139489  2.7897800293e-07   0.499999581533  -0.6  -0.9  8.3693400966e-07   5.57956005859e-07  1360.0  8.53272496379  -1.31773974775  -2.11773874343
0.1   -0.8  0.7  0.500000557956  0.0                0.499999442044  -0.6  -0.9  1.11591201168e-06  0.0                1370.0  8.47044229982  -1.31774005833  -2.11773938879
0.1   -0.8  0.7  0.5             1.39489001953e-07  0.499999860511  -0.6  -0.9  2.78978003858e-07  2.78978003906e-07  1380.0  8.40906228315  -1.31774060408  -2.11774018562
0.1   -0.8  0.7  0.500000976423  0.0                0.499999023577  -0.6  -0.9  1.95284602156e-06  0.0                1390.0  8.34856543219  -1.31773921708  -2.11773804538
0.1   -0.8  0.7  0.500000278978  0.0                0.499999721022  -0.6  -0.9  5.57956005842e-07  0.0                1400.0  8.28893282196  -1.31774061917  -2.11774028439
0.1   -0.8  0.7  0.500000836934  0.0                0.499999163066  -0.6  -0.9  1.67386801941e-06  0.0                1410.0  8.23014606436  -1.3177394975   -2.11773849318
0.1   -0.8  0.7  0.50000139489   8.36934009766e-07  0.499997768176  -0.6  -0.9  4.46364805063e-06  1.67386801953e-06  1420.0  8.17218728926  -1.31773492033  -2.11773073566
0.1   -0.8  0.7  0.500001255401  1.39489001953e-07  0.49999860511   -0.6  -0.9  2.78978003137e-06  2.78978003906e-07  1430.0  8.1150391264   -1.31773808033  -2.11773615538
0.1   -0.8  0.7  0.500000557956  0.0                0.499999442044  -0.6  -0.9  1.11591201168e-06  0.0                1440.0  8.05868468802  -1.31774005833  -2.11773938879
0.1   -0.8  0.7  0.500000836934  1.39489001953e-07  0.499999023577  -0.6  -0.9  1.95284602227e-06  2.78978003906e-07  1450.0  8.00310755224  -1.31773892158  -2.1177374988
0.1   -0.8  0.7  0.500000278978  6.97445007813e-07  0.499999023577  -0.6  -0.9  1.9528460214e-06   1.39489001563e-06  1460.0  7.94829174709  -1.31773773958  -2.11773531247
0.1   -0.8  0.7  0.500002371313  0.0                0.499997628687  -0.6  -0.9  4.74262605277e-06  0.0                1470.0  7.8942217352   -1.31773641292  -2.11773356734
0.1   -0.8  0.7  0.500002092335  1.39489001953e-07  0.499997768176  -0.6  -0.9  4.46364805078e-06  2.78978003906e-07  1480.0  7.84088239916  -1.31773639783  -2.11773346856
0.1   -0.8  0.7  0.500001673868  0.0                0.499998326132  -0.6  -0.9  3.34773603705e-06  0.0                1490.0  7.78825902735  -1.317737815    -2.11773580636
0.1   -0.8  0.7  0.500000278978  0.0                0.499999721022  -0.6  -0.9  5.57956005842e-07  0.0                1500.0  7.7363373005   -1.31774061917  -2.11774028439
0.1   -0.8  0.7  0.500002231824  0.0                0.499997768176  -0.6  -0.9  4.46364805073e-06  0.0                1510.0  7.68510327864  -1.31773669333  -2.11773401514
0.1   -0.8  0.7  0.500003068758  0.0                0.499996931242  -0.6  -0.9  6.13751606826e-06  0.0                1520.0  7.63454338865  -1.31773501083  -2.11773132832
0.1   -0.8  0.7  0.500003905692  0.0                0.499996094308  -0.6  -0.9  7.81138408801e-06  0.0                1530.0  7.58464441225  -1.31773332833  -2.1177286415
0.1   -0.8  0.7  0.500002371313  0.0                0.499997628687  -0.6  -0.9  4.74262605277e-06  0.0                1540.0  7.53539347451  -1.31773641292  -2.11773356734
0.1   -0.8  0.7  0.500001255401  1.39489001953e-07  0.49999860511   -0.6  -0.9  2.78978003137e-06  2.78978003906e-07  1550.0  7.48677803274  -1.31773808033  -2.11773615538
0.1   -0.8  0.7  0.500004882115  0.0                0.499995117885  -0.6  -0.9  9.76423010934e-06  0.0                1560.0  7.43878586587  -1.31773136542  -2.11772550688
0.1   -0.8  0.7  0.500001813357  4.18467004883e-07  0.499997768176  -0.6  -0.9  4.46364805079e-06  8.36934009766e-07  1570.0  7.39140506417  -1.31773580683  -2.1177323754
0.1   -0.8  0.7  0.500004742626  1.39489001953e-07  0.499995117885  -0.6  -0.9  9.76423011028e-06  2.78978003906e-07  1580.0  7.34462401946  -1.31773106992  -2.1177249603
0.1   -0.8  0.7  0.500003068758  4.18467004883e-07  0.499996512775  -0.6  -0.9  6.97445007808e-06  8.36934009766e-07  1590.0  7.29843141557  -1.31773328308  -2.11772834517
0.1   -0.8  0.7  0.500005719049  0.0                0.499994280951  -0.6  -0.9  1.1438098129e-05   0.0                1600.0  7.25281621922  -1.31772968292  -2.11772282006
0.1   -0.8  0.7  0.500005021604  2.7897800293e-07   0.499994699418  -0.6  -0.9  1.0601164119e-05   5.57956005859e-07  1610.0  7.20776767127  -1.31772993317  -2.11772307031
0.1   -0.8  0.7  0.500004045181  1.39489001953e-07  0.49999581533   -0.6  -0.9  8.36934009479e-06  2.78978003906e-07  1620.0  7.16327527824  -1.317732472    -2.11772719932
0.1   -0.8  0.7  0.500004742626  1.39489001953e-07  0.499995117885  -0.6  -0.9  9.76423011028e-06  2.78978003906e-07  1630.0  7.11932880414  -1.3177310749   -2.11772496528
0.1   -0.8  0.7  0.500005998027  1.39489001953e-07  0.499993862484  -0.6  -0.9  1.22750321388e-05  2.78978003906e-07  1640.0  7.07591826265  -1.31772854617  -2.11772093007
0.1   -0.8  0.7  0.500004463648  5.57956005859e-07  0.499994978396  -0.6  -0.9  1.00432081123e-05  1.11591201172e-06  1650.0  7.03303390954  -1.317729903    -2.11772287275
0.1   -0.8  0.7  0.500004045181  6.97445007813e-07  0.499995257374  -0.6  -0.9  9.48525210738e-06  1.39489001563e-06  1660.0  6.99066623539  -1.31773016833  -2.11772322178
0.1   -0.8  0.7  0.500005161093  8.36934009766e-07  0.499994001973  -0.6  -0.9  1.19960541358e-05  1.67386801953e-06  1670.0  6.94880595853  -1.31772734908  -2.11771864497
0.1   -0.8  0.7  0.500012693499  0.0                0.499987306501  -0.6  -0.9  2.5386998285e-05   0.0                1680.0  6.9074440183   -1.31771566208  -2.11770042988
0.1   -0.8  0.7  0.500006137516  6.97445007813e-07  0.499993165039  -0.6  -0.9  1.36699221543e-05  1.39489001563e-06  1690.0  6.86657156849  -1.31772596208  -2.11771650473
0.1   -0.8  0.7  0.500008508829  1.1159120127e-06   0.499990375259  -0.6  -0.9  1.92494822168e-05  2.23182402539e-06  1700.0  6.82617997103  -1.31771945955  -2.11770590122
0.1   -0.8  0.7  0.50000976423   2.7897800293e-07   0.499989956792  -0.6  -0.9  2.00864162264e-05  5.57956005859e-07  1710.0  6.78626078991  -1.317720399    -2.11770784499
0.1   -0.8  0.7  0.500011019631  1.39489001953e-07  0.49998884088   -0.6  -0.9  2.23182402519e-05  2.78978003906e-07  1720.0  6.74680578532  -1.31771845079  -2.11770480877
0.1   -0.8  0.7  0.500008787807  1.81335702051e-06  0.499989398836  -0.6  -0.9  2.12023282384e-05  3.62671404102e-06  1730.0  6.70780690795  -1.31771602683  -2.11770004139
0.1   -0.8  0.7  0.500008927296  1.1159120127e-06   0.499989956792  -0.6  -0.9  2.00864162265e-05  2.23182402539e-06  1740.0  6.66925629353  -1.317718626    -2.11770456551
0.1   -0.8  0.7  0.500007671895  2.23182402539e-06  0.499990096281  -0.6  -0.9  1.98074382234e-05  4.46364805078e-06  1750.0  6.63114625757  -1.31771654241  -2.11770064067
0.1   -0.8  0.7  0.500012832988  6.97445007813e-07  0.499986469567  -0.6  -0.9  2.70608663047e-05  1.39489001563e-06  1760.0  6.5934692902   -1.31771250208  -2.11769501016
0.1   -0.8  0.7  0.500013111966  2.09233502344e-06  0.499984795699  -0.6  -0.9  3.04086023419e-05  4.18467004688e-06  1770.0  6.55621805127  -1.31770618208  -2.11768417071
0.1   -0.8  0.7  0.500011298609  1.67386801855e-06  0.499987027523  -0.6  -0.9  2.5944954292e-05   3.34773603711e-06  1780.0  6.51938536559  -1.31771155525  -2.11769297531
0.1   -0.8  0.7  0.500015483279  6.97445007813e-07  0.499983819276  -0.6  -0.9  3.23614483652e-05  1.39489001563e-06  1790.0  6.4829642183   -1.31770717416  -2.11768650189
0.1   -0.8  0.7  0.50001673868   1.67386801855e-06  0.499981587452  -0.6  -0.9  3.68250964141e-05  3.34773603711e-06  1800.0  6.44694775042  -1.317700619    -2.11767551098
0.1   -0.8  0.7  0.500016180724  1.25540101367e-06  0.499982563875  -0.6  -0.9  3.48722503928e-05  2.51080202734e-06  1810.0  6.41132925456  -1.31770346841  -2.11768028534
0.1   -0.8  0.7  0.50001255401   2.23182402539e-06  0.499985214166  -0.6  -0.9  2.95716683341e-05  4.46364805078e-06  1820.0  6.37610217074  -1.31770672867  -2.11768496839
0.1   -0.8  0.7  0.500014785834  3.34773603809e-06  0.49998186643   -0.6  -0.9  3.62671404092e-05  6.69547207617e-06  1830.0  6.34126008238  -1.31769763383  -2.11766984762
0.1   -0.8  0.7  0.500014367367  3.20824703613e-06  0.499982424386  -0.6  -0.9  3.51512283966e-05  6.41649407227e-06  1840.0  6.30679671236  -1.31769905099  -2.11767218541
0.1   -0.8  0.7  0.500018552037  2.78978003125e-06  0.499978658183  -0.6  -0.9  4.26836344806e-05  5.5795600625e-06   1850.0  6.27270591932  -1.31769236905  -2.11766173727
0.1   -0.8  0.7  0.50001952846   3.06875803418e-06  0.499977402782  -0.6  -0.9  4.51944365086e-05  6.13751606836e-06  1860.0  6.23898169395  -1.31768925331  -2.11765661288
0.1   -0.8  0.7  0.500019946927  2.78978003125e-06  0.499977263293  -0.6  -0.9  4.54734145117e-05  5.5795600625e-06   1870.0  6.20561815548  -1.31768956218  -2.11765725653
0.1   -0.8  0.7  0.500021341817  2.23182402539e-06  0.499976426359  -0.6  -0.9  4.71472825312e-05  4.46364805078e-06  1880.0  6.17260954827  -1.31768906158  -2.11765675593
0.1   -0.8  0.7  0.50002650291   3.48722503906e-06  0.499970009865  -0.6  -0.9  5.99802706758e-05  6.97445007813e-06  1890.0  6.13995023849  -1.31767350254  -2.11763123737
0.1   -0.8  0.7  0.500022736707  2.9292690332e-06   0.499974334024  -0.6  -0.9  5.13319525781e-05  5.85853806641e-06  1900.0  6.10763471092  -1.31768337783  -2.11764730597
0.1   -0.8  0.7  0.50002510802   3.62671404102e-06  0.499971265266  -0.6  -0.9  5.74694686476e-05  7.25342808203e-06  1910.0  6.07565756584  -1.31767573623  -2.11763472647
0.1   -0.8  0.7  0.500022736707  5.85853806641e-06  0.499971404755  -0.6  -0.9  5.71904906445e-05  1.17170761328e-05  1920.0  6.04401351602  -1.31767128357  -2.11762642391
0.1   -0.8  0.7  0.500030408602  3.90569204395e-06  0.499965685706  -0.6  -0.9  6.86285887735e-05  7.81138408789e-06  1930.0  6.01269738381  -1.31766392349  -2.11761571609
0.1   -0.8  0.7  0.50003487225   3.06875803418e-06  0.499962058992  -0.6  -0.9  7.58820168545e-05  6.13751606836e-06  1940.0  5.98170409833  -1.31765840566  -2.11760735268
0.1   -0.8  0.7  0.50003347736   5.16109305859e-06  0.499961361547  -0.6  -0.9  7.72769068711e-05  1.03221861172e-05  1950.0  5.95102869269  -1.31765257202  -2.11759691591
0.1   -0.8  0.7  0.5000278978    6.41649407227e-06  0.499965685706  -0.6  -0.9  6.86285887733e-05  1.28329881445e-05  1960.0  5.9206663014   -1.31765861148  -2.11760588464
0.1   -0.8  0.7  0.500029013712  6.6954720752e-06   0.499964290816  -0.6  -0.9  7.14183688046e-05  1.33909441504e-05  1970.0  5.89061215774  -1.31765521176  -2.11760030888
0.1   -0.8  0.7  0.500042404656  3.62671404102e-06  0.499953968629  -0.6  -0.9  9.20627410372e-05  7.25342808203e-06  1980.0  5.86086159129  -1.31764095949  -2.11757919376
0.1   -0.8  0.7  0.500038080497  4.32415904883e-06  0.499957595344  -0.6  -0.9  8.48093129551e-05  8.64831809766e-06  1990.0  5.8314100255   -1.31764677303  -2.11758810396
0.1   -0.8  0.7  0.50003626714   6.83496107715e-06  0.499956897899  -0.6  -0.9  8.62042029706e-05  1.36699221543e-05  2000.0  5.80225297537  -1.31764005173  -2.11757602628
0.1   -0.8  0.7  0.5000418467    6.55598307422e-06  0.499951597316  -0.6  -0.9  9.68053670909e-05  1.31119661484e-05  2010.0  5.77338604515  -1.31762998653  -2.11756010254
0.1   -0.8  0.7  0.500041567722  6.13751606934e-06  0.499952294761  -0.6  -0.9  9.5410477074e-05   1.22750321387e-05  2020.0  5.74480492611  -1.31763226855  -2.11756397473
0.1   -0.8  0.7  0.500047705239  5.30058205957e-06  0.499946994179  -0.6  -0.9  0.000106011641194  1.06011641191e-05  2030.0  5.71650539446  -1.31762339809  -2.11755025006
0.1   -0.8  0.7  0.500047984217  7.81138408789e-06  0.499944204399  -0.6  -0.9  0.000111591201257  1.56227681758e-05  2040.0  5.68848330919  -1.31761246549  -2.11753145028
0.1   -0.8  0.7  0.500049379107  9.34576310547e-06  0.49994127513   -0.6  -0.9  0.000117449739323  1.86915262109e-05  2050.0  5.66073461012  -1.31760332532  -2.1175160331
0.1   -0.8  0.7  0.500050773997  9.20627410352e-06  0.499940019729  -0.6  -0.9  0.000119960541352  1.8412548207e-05   2060.0  5.6332553159   -1.31760104515  -2.11751249754
0.1   -0.8  0.7  0.500047844728  9.90371911133e-06  0.499942251553  -0.6  -0.9  0.000115496893301  1.98074382227e-05  2070.0  5.6060415221   -1.31760412116  -2.11751699633
0.1   -0.8  0.7  0.500059003848  7.67189508594e-06  0.499933324257  -0.6  -0.9  0.000133351485502  1.53437901719e-05  2080.0  5.5790893994   -1.31759088832  -2.11749706801
0.1   -0.8  0.7  0.500060817205  1.01826971143e-05  0.499929000098  -0.6  -0.9  0.0001419998036    2.03653942285e-05  2090.0  5.55239519175  -1.31757687621  -2.11747334748
0.1   -0.8  0.7  0.50006709421   7.53240608496e-06  0.499925373384  -0.6  -0.9  0.000149253231682  1.50648121699e-05  2100.0  5.52595521464  -1.31757521234  -2.11747210207
0.1   -0.8  0.7  0.50006151465   9.20627410352e-06  0.499929279076  -0.6  -0.9  0.000141441847594  1.8412548207e-05   2110.0  5.49976585344  -1.31757951981  -2.11747808341
0.1   -0.8  0.7  0.500065559831  1.19960541348e-05  0.499922444115  -0.6  -0.9  0.000155111769747  2.39921082695e-05  2120.0  5.47382356168  -1.31755985662  -2.11744519666
0.1   -0.8  0.7  0.500067931144  1.03221861162e-05  0.49992174667   -0.6  -0.9  0.000156506659763  2.06443722324e-05  2130.0  5.44812485951  -1.31756200611  -2.11744952218
0.1   -0.8  0.7  0.500076579462  1.31119661475e-05  0.499910308572  -0.6  -0.9  0.000179382856021  2.62239322949e-05  2140.0  5.42266633213  -1.3175330904   -2.11740185915
0.1   -0.8  0.7  0.50007825333   1.39489001572e-05  0.49990779777   -0.6  -0.9  0.000184404460078  2.78978003145e-05  2150.0  5.39744462826  -1.31752628086  -2.11739053016
0.1   -0.8  0.7  0.500079090264  1.25540101416e-05  0.499908355726  -0.6  -0.9  0.000183288548064  2.51080202832e-05  2160.0  5.37245645868  -1.31753036157  -2.11739779122
0.1   -0.8  0.7  0.500073092237  1.74361251963e-05  0.499909471638  -0.6  -0.9  0.000181056724039  3.48722503926e-05  2170.0  5.34769859482  -1.31752226313  -2.11738224407
0.1   -0.8  0.7  0.500090109895  1.15775871309e-05  0.499898312518  -0.6  -0.9  0.000203374964291  2.31551742617e-05  2180.0  5.32316786732  -1.3175122498   -2.11736938517
0.1   -0.8  0.7  0.500093457631  1.53437901729e-05  0.499891198579  -0.6  -0.9  0.000217602842451  3.06875803457e-05  2190.0  5.29886116473  -1.3174899746   -2.11733179407
0.1   -0.8  0.7  0.500086483181  1.59017461787e-05  0.499897615073  -0.6  -0.9  0.000204769854307  3.18034923574e-05  2200.0  5.27477543216  -1.31750166892  -2.11735018387
0.1   -0.8  0.7  0.500091365296  2.05048832314e-05  0.499888129821  -0.6  -0.9  0.00022374035852   4.10097664629e-05  2210.0  5.25090767002  -1.31747285087  -2.11730169787
0.1   -0.8  0.7  0.500098618724  1.77151031992e-05  0.499883666173  -0.6  -0.9  0.000232667654621  3.54302063984e-05  2220.0  5.22725493277  -1.31746978809  -2.11729830031
0.1   -0.8  0.7  0.500101687482  1.82730592061e-05  0.499880039459  -0.6  -0.9  0.000239921082703  3.65461184121e-05  2230.0  5.20381432769  -1.31746129937  -2.11728445522
0.1   -0.8  0.7  0.500100432081  2.34341522637e-05  0.499876133767  -0.6  -0.9  0.00024773246679   4.68683045273e-05  2240.0  5.18058301373  -1.31744253762  -2.11725171667
0.1   -0.8  0.7  0.500109638355  1.8552037209e-05   0.499871809608  -0.6  -0.9  0.000256380784889  3.7104074418e-05   2250.0  5.15755820033  -1.31744419429  -2.11725697215
0.1   -0.8  0.7  0.500120797475  2.24577292529e-05  0.499856744795  -0.6  -0.9  0.000286510409226  4.49154585059e-05  2260.0  5.13473714635  -1.31740565908  -2.11719332892
0.1   -0.8  0.7  0.500114659959  2.10628392373e-05  0.499864277201  -0.6  -0.9  0.000271445597057  4.21256784746e-05  2270.0  5.11211715892  -1.31742366186  -2.11722288139
0.1   -0.8  0.7  0.500116194338  2.41315972715e-05  0.499859674064  -0.6  -0.9  0.000280651871161  4.8263194543e-05   2280.0  5.08969559243  -1.31740793562  -2.11719610762
0.1   -0.8  0.7  0.500115078426  2.24577292529e-05  0.499862463844  -0.6  -0.9  0.000275072311098  4.49154585059e-05  2290.0  5.06746984749  -1.31741701694  -2.11721154964
0.1   -0.8  0.7  0.500140046958  2.63634212969e-05  0.499833589621  -0.6  -0.9  0.000332820757748  5.27268425937e-05  2300.0  5.04543736989  -1.3173508348   -2.11710368818
0.1   -0.8  0.7  0.500125540101  3.29194043711e-05  0.499841540494  -0.6  -0.9  0.00031691901157   6.58388087422e-05  2310.0  5.02359564968  -1.31735281159  -2.11710340526
0.1   -0.8  0.7  0.500125819079  3.44537833877e-05  0.499839727137  -0.6  -0.9  0.00032054572561   6.89075667754e-05  2320.0  5.00194222015  -1.3173460338   -2.11709168955
0.1   -0.8  0.7  0.500137815134  2.55264872871e-05  0.499836658379  -0.6  -0.9  0.00032668324168   5.10529745742e-05  2330.0  4.98047465697  -1.31735868247  -2.11711672484
0.1   -0.8  0.7  0.500135443821  3.29194043711e-05  0.499831636775  -0.6  -0.9  0.000336726449793  6.58388087422e-05  2340.0  4.95919057724  -1.3173329752   -2.1170716844
0.1   -0.8  0.7  0.500172268917  3.01296243398e-05  0.499797601459  -0.6  -0.9  0.00040479708256   6.02592486797e-05  2350.0  4.93808763862  -1.3172704623   -2.11697335072
0.1   -0.8  0.7  0.500142418271  3.48722503926e-05  0.499822709479  -0.6  -0.9  0.000354581041994  6.97445007852e-05  2360.0  4.91716353845  -1.31731093181  -2.11703541314
0.1   -0.8  0.7  0.500166689357  2.90137123271e-05  0.499804296931  -0.6  -0.9  0.000391406138409  5.80274246543e-05  2370.0  4.89641601298  -1.3172863087   -2.11699924033
0.1   -0.8  0.7  0.500177151032  4.10097664619e-05  0.499781839202  -0.6  -0.9  0.000436321596914  8.20195329238e-05  2380.0  4.87584283645  -1.31721574343  -2.11688013289
0.1   -0.8  0.7  0.500169339648  4.10097664619e-05  0.499789650586  -0.6  -0.9  0.000420698828738  8.20195329238e-05  2390.0  4.8554418204   -1.31723142304  -2.11690518616
0.1   -0.8  0.7  0.500188310152  3.47327613916e-05  0.499776957086  -0.6  -0.9  0.000446085827025  6.94655227832e-05  2400.0  4.83521081281  -1.31721909846  -2.11688892799
