#mu0            mu1              mu2             x0              x1                 x2              mua  mub   xa                 xb                 T       b              u               phi
0.433333333333  -0.466666666667  0.033333333333  0.5             0.0                0.5             0.4  -0.9  0.0                0.0                30.0    386.816865025  -1.31774118     -1.78440784667
0.433333333333  -0.466666666667  0.033333333333  0.5             0.0                0.5             0.4  -0.9  0.0                0.0                40.0    290.112648769  -1.31774118     -1.78440784667
0.433333333333  -0.466666666667  0.033333333333  0.5             0.0                0.5             0.4  -0.9  0.0                0.0                50.0    232.090119015  -1.31774118     -1.78440784667
0.433333333333  -0.466666666667  0.033333333333  0.5             0.0                0.5             0.4  -0.9  0.0                0.0                60.0    193.408432513  -1.31774118     -1.78440784667
0.433333333333  -0.466666666667  0.033333333333  0.5             0.0                0.5             0.4  -0.9  0.0                0.0                70.0    165.778656439  -1.31774118     -1.78440784667
0.433333333333  -0.466666666667  0.033333333333  0.5             0.0                0.5             0.4  -0.9  0.0                0.0                80.0    145.056324384  -1.31774118     -1.78440784667
0.433333333333  -0.466666666667  0.033333333333  0.5             0.0                0.5             0.4  -0.9  0.0                0.0                90.0    128.938955008  -1.31774118     -1.78440784667
0.433333333333  -0.466666666667  0.033333333333  0.5             0.0                0.5             0.4  -0.9  0.0                0.0                100.0   116.045059507  -1.31774118     -1.78440784667
0.433333333333  -0.466666666667  0.033333333333  0.5             0.0                0.5             0.4  -0.9  0.0                0.0                110.0   105.495508643  -1.31774118     -1.78440784667
0.433333333333  -0.466666666667  0.033333333333  0.5             0.0                0.5             0.4  -0.9  0.0                0.0                120.0   96.7042162563  -1.31774118     -1.78440784667
0.433333333333  -0.466666666667  0.033333333333  0.5             0.0                0.5             0.4  -0.9  0.0                0.0                130.0   89.2654303904  -1.31774118     -1.78440784667
0.433333333333  -0.466666666667  0.033333333333  0.5             0.0                0.5             0.4  -0.9  0.0                0.0                140.0   82.8893282196  -1.31774118     -1.78440784667
0.433333333333  -0.466666666667  0.033333333333  0.5             0.0                0.5             0.4  -0.9  0.0                0.0                150.0   77.363373005   -1.31774118     -1.78440784667
0.433333333333  -0.466666666667  0.033333333333  0.5             0.0                0.5             0.4  -0.9  0.0                0.0                160.0   72.5281621922  -1.31774118     -1.78440784667
0.433333333333  -0.466666666667  0.033333333333  0.5             0.0                0.5             0.4  -0.9  0.0                0.0                170.0   68.2617997103  -1.31774118     -1.78440784667
0.433333333333  -0.466666666667  0.033333333333  0.5             0.0                0.5             0.4  -0.9  0.0                0.0                180.0   64.4694775042  -1.31774118     -1.78440784667
0.433333333333  -0.466666666667  0.033333333333  0.5             0.0                0.5             0.4  -0.9  0.0                0.0                190.0   61.0763471092  -1.31774118     -1.78440784667
0.433333333333  -0.466666666667  0.033333333333  0.5             0.0                0.5             0.4  -0.9  0.0                0.0                200.0   58.0225297537  -1.31774118     -1.78440784667
0.433333333333  -0.466666666667  0.033333333333  0.5             0.0                0.5             0.4  -0.9  0.0                0.0                210.0   55.2595521464  -1.31774118     -1.78440784667
0.433333333333  -0.466666666667  0.033333333333  0.5             0.0                0.5             0.4  -0.9  0.0                0.0                220.0   52.7477543216  -1.31774118     -1.78440784667
0.433333333333  -0.466666666667  0.033333333333  0.5             0.0                0.5             0.4  -0.9  0.0                0.0                230.0   50.4543736989  -1.31774118     -1.78440784667
0.433333333333  -0.466666666667  0.033333333333  0.5             0.0                0.5             0.4  -0.9  0.0                0.0                240.0   48.3521081281  -1.31774118     -1.78440784667
0.433333333333  -0.466666666667  0.033333333333  0.5             0.0                0.5             0.4  -0.9  0.0                0.0                250.0   46.418023803   -1.31774118     -1.78440784667
0.433333333333  -0.466666666667  0.033333333333  0.5             0.0                0.5             0.4  -0.9  0.0                0.0                260.0   44.6327151952  -1.31774118     -1.78440784667
0.433333333333  -0.466666666667  0.033333333333  0.5             0.0                0.5             0.4  -0.9  0.0                0.0                270.0   42.9796516694  -1.31774118     -1.78440784667
0.433333333333  -0.466666666667  0.033333333333  0.5             0.0                0.5             0.4  -0.9  0.0                0.0                280.0   41.4446641098  -1.31774118     -1.78440784667
0.433333333333  -0.466666666667  0.033333333333  0.5             0.0                0.5             0.4  -0.9  0.0                0.0                290.0   40.0155377612  -1.31774118     -1.78440784667
0.433333333333  -0.466666666667  0.033333333333  0.5             0.0                0.5             0.4  -0.9  0.0                0.0                300.0   38.6816865025  -1.31774118     -1.78440784667
0.433333333333  -0.466666666667  0.033333333333  0.5             0.0                0.5             0.4  -0.9  0.0                0.0                310.0   37.4338901637  -1.31774118     -1.78440784667
0.433333333333  -0.466666666667  0.033333333333  0.5             0.0                0.5             0.4  -0.9  0.0                0.0                320.0   36.2640810961  -1.31774118     -1.78440784667
0.433333333333  -0.466666666667  0.033333333333  0.5             0.0                0.5             0.4  -0.9  0.0                0.0                330.0   35.1651695477  -1.31774118     -1.78440784667
0.433333333333  -0.466666666667  0.033333333333  0.5             0.0                0.5             0.4  -0.9  0.0                0.0                340.0   34.1308998551  -1.31774118     -1.78440784667
0.433333333333  -0.466666666667  0.033333333333  0.5             0.0                0.5             0.4  -0.9  0.0                0.0                350.0   33.1557312879  -1.31774118     -1.78440784667
0.433333333333  -0.466666666667  0.033333333333  0.5             0.0                0.5             0.4  -0.9  0.0                0.0                360.0   32.2347387521  -1.31774118     -1.78440784667
0.433333333333  -0.466666666667  0.033333333333  0.5             0.0                0.5             0.4  -0.9  0.0                0.0                370.0   31.3635295966  -1.31774118     -1.78440784667
0.433333333333  -0.466666666667  0.033333333333  0.5             0.0                0.5             0.4  -0.9  0.0                0.0                380.0   30.5381735546  -1.31774118     -1.78440784667
0.433333333333  -0.466666666667  0.033333333333  0.5             0.0                0.5             0.4  -0.9  0.0                0.0                390.0   29.7551434635  -1.31774118     -1.78440784667
0.433333333333  -0.466666666667  0.033333333333  0.5             0.0                0.5             0.4  -0.9  0.0                0.0                400.0   29.0112648769  -1.31774118     -1.78440784667
0.433333333333  -0.466666666667  0.033333333333  0.5             0.0                0.5             0.4  -0.9  0.0                0.0                410.0   28.3036730506  -1.31774118     -1.78440784667
0.433333333333  -0.466666666667  0.033333333333  0.5             0.0                0.5             0.4  -0.9  0.0                0.0                420.0   27.6297760732  -1.31774118     -1.78440784667
0.433333333333  -0.466666666667  0.033333333333  0.5             0.0                0.5             0.4  -0.9  0.0                0.0                430.0   26.9872231413  -1.31774118     -1.78440784667
0.433333333333  -0.466666666667  0.033333333333  0.5             0.0                0.5             0.4  -0.9  0.0                0.0                440.0   26.3738771608  -1.31774118     -1.78440784667
0.433333333333  -0.466666666667  0.033333333333  0.5             0.0                0.5             0.4  -0.9  0.0                0.0                450.0   25.7877910017  -1.31774118     -1.78440784667
0.433333333333  -0.466666666667  0.033333333333  0.5             0.0                0.5             0.4  -0.9  0.0                0.0                460.0   25.2271868495  -1.31774118     -1.78440784667
0.433333333333  -0.466666666667  0.033333333333  0.5             0.0                0.5             0.4  -0.9  0.0                0.0                470.0   24.6904381931  -1.31774118     -1.78440784667
0.433333333333  -0.466666666667  0.033333333333  0.500001255401  0.0                0.499998744599  0.4  -0.9  2.5108020274e-06   0.0                480.0   24.1760540641  -1.31773865625  -1.78440632724
0.433333333333  -0.466666666667  0.033333333333  0.500000557956  0.0                0.499999442044  0.4  -0.9  1.11591201168e-06  0.0                490.0   23.6826652056  -1.31774005833  -1.78440717136
0.433333333333  -0.466666666667  0.033333333333  0.500000697445  0.0                0.499999302555  0.4  -0.9  1.39489001572e-06  0.0                500.0   23.2090119015  -1.31773977792  -1.78440700254
0.433333333333  -0.466666666667  0.033333333333  0.500000278978  0.0                0.499999721022  0.4  -0.9  5.57956005842e-07  0.0                510.0   22.7539332368  -1.31774061917  -1.78440750902
0.433333333333  -0.466666666667  0.033333333333  0.500000418467  0.0                0.499999581533  0.4  -0.9  8.36934009874e-07  0.0                520.0   22.3163575976  -1.31774033875  -1.78440734019
0.433333333333  -0.466666666667  0.033333333333  0.500000976423  0.0                0.499999023577  0.4  -0.9  1.95284602156e-06  0.0                530.0   21.8952942467  -1.31773921708  -1.78440666489
0.433333333333  -0.466666666667  0.033333333333  0.500000418467  0.0                0.499999581533  0.4  -0.9  8.36934009874e-07  0.0                540.0   21.4898258347  -1.31774033875  -1.78440734019
0.433333333333  -0.466666666667  0.033333333333  0.500000836934  0.0                0.499999163066  0.4  -0.9  1.67386801941e-06  0.0                550.0   21.0991017286  -1.3177394975   -1.78440683371
0.433333333333  -0.466666666667  0.033333333333  0.50000278978   0.0                0.49999721022   0.4  -0.9  5.57956006242e-06  0.0                560.0   20.7223320549  -1.31773557167  -1.78440447016
0.433333333333  -0.466666666667  0.033333333333  0.500000976423  0.0                0.499999023577  0.4  -0.9  1.95284602156e-06  0.0                570.0   20.3587823697  -1.31773921708  -1.78440666489
0.433333333333  -0.466666666667  0.033333333333  0.500002231824  0.0                0.499997768176  0.4  -0.9  4.46364805073e-06  0.0                580.0   20.0077688806  -1.31773669333  -1.78440514546
0.433333333333  -0.466666666667  0.033333333333  0.500002092335  0.0                0.499997907665  0.4  -0.9  4.18467004693e-06  0.0                590.0   19.6686541538  -1.31773697375  -1.78440531428
0.433333333333  -0.466666666667  0.033333333333  0.500004742626  0.0                0.499995257374  0.4  -0.9  9.48525210731e-06  0.0                600.0   19.3408432512  -1.31773164583  -1.7844021066
0.433333333333  -0.466666666667  0.033333333333  0.500006277005  0.0                0.499993722995  0.4  -0.9  1.25540101408e-05  0.0                610.0   19.0237802471  -1.31772856125  -1.78440024952
0.433333333333  -0.466666666667  0.033333333333  0.50000418467   0.0                0.49999581533   0.4  -0.9  8.36934009385e-06  0.0                620.0   18.7169450819  -1.3177327675   -1.7844027819
0.433333333333  -0.466666666667  0.033333333333  0.500006137516  0.0                0.499993862484  0.4  -0.9  1.22750321387e-05  0.0                630.0   18.4198507155  -1.31772884167  -1.78440041835
0.433333333333  -0.466666666667  0.033333333333  0.500010182697  0.0                0.499989817303  0.4  -0.9  2.03653942287e-05  0.0                640.0   18.132040548   -1.31772070958  -1.78439552241
0.433333333333  -0.466666666667  0.033333333333  0.500010880142  0.0                0.499989119858  0.4  -0.9  2.17602842452e-05  0.0                650.0   17.8530860781  -1.3177193075   -1.78439467828
0.433333333333  -0.466666666667  0.033333333333  0.500011717076  0.0                0.499988282924  0.4  -0.9  2.34341522636e-05  0.0                660.0   17.5825847739  -1.317717625    -1.78439366533
0.433333333333  -0.466666666667  0.033333333333  0.500013669922  0.0                0.499986330078  0.4  -0.9  2.73398443085e-05  0.0                670.0   17.3201581354  -1.31771370415  -1.78439130675
0.433333333333  -0.466666666667  0.033333333333  0.500013251455  0.0                0.499986748545  0.4  -0.9  2.65029102988e-05  0.0                680.0   17.0654499276  -1.31771454042  -1.78439180825
0.433333333333  -0.466666666667  0.033333333333  0.500018412548  0.0                0.499981587452  0.4  -0.9  3.6825096414e-05   0.0                690.0   16.8181245663  -1.317704165    -1.7843855617
0.433333333333  -0.466666666667  0.033333333333  0.500019667949  0.0                0.499980332051  0.4  -0.9  3.93358984434e-05  0.0                700.0   16.5778656439  -1.31770164125  -1.78438404228
0.433333333333  -0.466666666667  0.033333333333  0.500022457729  0.0                0.499977542271  0.4  -0.9  4.49154585058e-05  0.0                710.0   16.3443745785  -1.31769603254  -1.78438066539
0.433333333333  -0.466666666667  0.033333333333  0.500033198382  0.0                0.499966801618  0.4  -0.9  6.63967647481e-05  0.0                720.0   16.117369376   -1.31767444083  -1.7843676662
0.433333333333  -0.466666666667  0.033333333333  0.50003766203   0.0                0.49996233797   0.4  -0.9  7.53240608478e-05  0.0                730.0   15.8965834942  -1.3176654675   -1.78436226379
0.433333333333  -0.466666666667  0.033333333333  0.500042823123  0.0                0.499957176877  0.4  -0.9  8.56462469647e-05  0.0                740.0   15.6817647983  -1.3176550939   -1.78435601906
0.433333333333  -0.466666666667  0.033333333333  0.500043381079  0.0                0.499956618921  0.4  -0.9  8.67621589764e-05  0.0                750.0   15.472674601   -1.31765397052  -1.78435534205
0.433333333333  -0.466666666667  0.033333333333  0.500054121733  0.0                0.499945878267  0.4  -0.9  0.000108243465219  0.0                760.0   15.2690867773  -1.31763238401  -1.78434234806
0.433333333333  -0.466666666667  0.033333333333  0.500051331953  0.0                0.499948668047  0.4  -0.9  0.000102663905156  0.0                770.0   15.070786949   -1.31763798848  -1.78434572071
0.433333333333  -0.466666666667  0.033333333333  0.500068907567  0.0                0.499931092433  0.4  -0.9  0.000137815133553  0.0                780.0   14.8775717317  -1.31760265416  -1.78432444688
0.433333333333  -0.466666666667  0.033333333333  0.500067931144  0.0                0.499932068856  0.4  -0.9  0.00013586228753   0.0                790.0   14.6892480389  -1.31760461718  -1.78432562877
0.433333333333  -0.466666666667  0.033333333333  0.500073929171  0.0                0.499926070829  0.4  -0.9  0.000147858341666  0.0                800.0   14.5056324384  -1.31759254857  -1.78431835858
0.433333333333  -0.466666666667  0.033333333333  0.500091644274  0.0                0.499908355726  0.4  -0.9  0.000183288548064  0.0                810.0   14.3265505565  -1.31755694303  -1.78429692512
0.433333333333  -0.466666666667  0.033333333333  0.500098200257  0.0                0.499901799743  0.4  -0.9  0.000196400514213  0.0                820.0   14.1518365253  -1.31754377102  -1.78428899789
0.433333333333  -0.466666666667  0.033333333333  0.500104477262  0.0                0.499895522738  0.4  -0.9  0.000208954524354  0.0                830.0   13.9813324708  -1.31753114973  -1.7842813982
0.433333333333  -0.466666666667  0.033333333333  0.500117170761  0.0                0.499882829239  0.4  -0.9  0.000234341522639  0.0                840.0   13.8148880366  -1.31750564613  -1.78426604941
0.433333333333  -0.466666666667  0.033333333333  0.500138652068  0.0                0.499861347932  0.4  -0.9  0.000277304135123  0.0                850.0   13.6523599421  -1.31746245535  -1.78424004367
0.433333333333  -0.466666666667  0.033333333333  0.500139489002  0.0                0.499860510998  0.4  -0.9  0.000278978003142  0.0                860.0   13.4936115706  -1.31746075864  -1.7842390165
0.433333333333  -0.466666666667  0.033333333333  0.500164178555  0.0                0.499835821445  0.4  -0.9  0.000328357109699  0.0                870.0   13.3385125871  -1.31741117342  -1.78420918293
0.433333333333  -0.466666666667  0.033333333333  0.500166131401  0.0                0.499833868599  0.4  -0.9  0.000332262801742  0.0                880.0   13.1869385804  -1.31740723198  -1.78420680377
0.433333333333  -0.466666666667  0.033333333333  0.500190541976  0.0                0.499809458024  0.4  -0.9  0.000381083952293  0.0                890.0   13.0387707312  -1.31735819544  -1.78417729569
0.433333333333  -0.466666666667  0.033333333333  0.500215371018  0.0                0.499784628982  0.4  -0.9  0.000430742036852  0.0                900.0   12.8938955008  -1.31730824707  -1.78414721055
0.433333333333  -0.466666666667  0.033333333333  0.500236573347  0.0                0.499763426653  0.4  -0.9  0.00047314669333   0.0                910.0   12.7522043415  -1.31726564396  -1.78412156931
0.433333333333  -0.466666666667  0.033333333333  0.500247592978  0.0                0.499752407022  0.4  -0.9  0.000495185955578  0.0                920.0   12.6135934247  -1.31724346692  -1.78410820797
0.433333333333  -0.466666666667  0.033333333333  0.50026265779   0.0                0.49973734221   0.4  -0.9  0.000525315579918  0.0                930.0   12.4779633879  -1.31721318613  -1.78408997903
0.433333333333  -0.466666666667  0.033333333333  0.500288463255  0.0                0.499711536745  0.4  -0.9  0.000576926510498  0.0                940.0   12.3452190965  -1.31716125015  -1.78405868742
0.433333333333  -0.466666666667  0.033333333333  0.500312873831  0.0                0.499687126169  0.4  -0.9  0.000625747661049  0.0                950.0   12.2152694218  -1.31711228525  -1.78402925098
0.433333333333  -0.466666666667  0.033333333333  0.500330867912  0.0                0.499669132088  0.4  -0.9  0.000661735823453  0.0                960.0   12.088027032   -1.31707603649  -1.78400739749
0.433333333333  -0.466666666667  0.033333333333  0.500352488707  0.0                0.499647511293  0.4  -0.9  0.000704977413941  0.0                970.0   11.9634081967  -1.31703264858  -1.78398130621
0.433333333333  -0.466666666667  0.033333333333  0.500373830524  0.0                0.499626169476  0.4  -0.9  0.000747661048422  0.0                980.0   11.8413326028  -1.31698972812  -1.78395545921
0.433333333333  -0.466666666667  0.033333333333  0.500417630071  0.0                0.499582369929  0.4  -0.9  0.000835260141408  0.0                990.0   11.7217231826  -1.31690169584  -1.78390246656
0.433333333333  -0.466666666667  0.033333333333  0.500439948311  0.0                0.499560051689  0.4  -0.9  0.000879896621911  0.0                1000.0  11.6045059507  -1.31685685374  -1.78387547906
0.433333333333  -0.466666666667  0.033333333333  0.500452223343  0.0                0.499547776657  0.4  -0.9  0.000904446686188  0.0                1010.0  11.4896098522  -1.31683216723  -1.78386061257
0.433333333333  -0.466666666667  0.033333333333  0.500505229164  0.0                0.499494770836  0.4  -0.9  0.00101045832738   0.0                1020.0  11.3769666184  -1.31672548612  -1.78379633612
0.433333333333  -0.466666666667  0.033333333333  0.500547075864  0.0                0.499452924136  0.4  -0.9  0.00109415172832   0.0                1030.0  11.2665106318  -1.31664139263  -1.78374571999
0.433333333333  -0.466666666667  0.033333333333  0.500596733949  0.0                0.499403266051  0.4  -0.9  0.00119346789744   0.0                1040.0  11.1581787988  -1.31654164844  -1.78368570226
0.433333333333  -0.466666666667  0.033333333333  0.500611240805  0.0                0.499388759195  0.4  -0.9  0.00122248160977   0.0                1050.0  11.0519104293  -1.31651258591  -1.78366824522
0.433333333333  -0.466666666667  0.033333333333  0.500636069847  0.0                0.499363930153  0.4  -0.9  0.00127213969433   0.0                1060.0  10.9476471233  -1.31646267888  -1.78363820142
0.433333333333  -0.466666666667  0.033333333333  0.500675266257  0.0                0.499324733743  0.4  -0.9  0.00135053251321   0.0                1070.0  10.8453326643  -1.31638368137  -1.78359056104
0.433333333333  -0.466666666667  0.033333333333  0.500756867323  0.0                0.499243132677  0.4  -0.9  0.00151373464505   0.0                1080.0  10.7449129174  -1.31621999093  -1.78349215145
0.433333333333  -0.466666666667  0.033333333333  0.500797319133  0.0                0.499202680867  0.4  -0.9  0.00159463826596   0.0                1090.0  10.6463357346  -1.31613832743  -1.78344284941
0.433333333333  -0.466666666667  0.033333333333  0.500844047949  0.0                0.499155952051  0.4  -0.9  0.00168809589702   0.0                1100.0  10.5495508643  -1.31604461271  -1.78338651773
0.433333333333  -0.466666666667  0.033333333333  0.500866924145  0.0                0.499133075855  0.4  -0.9  0.00173384828953   0.0                1110.0  10.4545098655  -1.31599858779  -1.78335879377
0.433333333333  -0.466666666667  0.033333333333  0.500935692223  0.0                0.499064307777  0.4  -0.9  0.00187138444508   0.0                1120.0  10.3611660275  -1.31586000212  -1.78327522257
0.433333333333  -0.466666666667  0.033333333333  0.500975865055  0.0                0.499024134945  0.4  -0.9  0.00195173010998   0.0                1130.0  10.2694742927  -1.3157796036   -1.78322696231
0.433333333333  -0.466666666667  0.033333333333  0.501043517221  0.0                0.498956482779  0.4  -0.9  0.00208703444151   0.0                1140.0  10.1793911849  -1.31564342765  -1.78314490809
0.433333333333  -0.466666666667  0.033333333333  0.501121491573  0.0                0.498878508427  0.4  -0.9  0.00224298314527   0.0                1150.0  10.0908747398  -1.31548676225  -1.78305062218
0.433333333333  -0.466666666667  0.033333333333  0.501146878571  0.0                0.498853121429  0.4  -0.9  0.00229375714184   0.0                1160.0  10.0038844403  -1.31543575815  -1.78301992768
0.433333333333  -0.466666666667  0.033333333333  0.501210485556  0.0                0.498789514444  0.4  -0.9  0.00242097111127   0.0                1170.0  9.91838115449  -1.3153077217   -1.78294277681
0.433333333333  -0.466666666667  0.033333333333  0.501331004053  0.0                0.498668995947  0.4  -0.9  0.00266200810598   0.0                1180.0  9.83432707691  -1.31506594968  -1.78279741959
0.433333333333  -0.466666666667  0.033333333333  0.501326400916  0.0                0.498673599084  0.4  -0.9  0.00265280183188   0.0                1190.0  9.7516856729   -1.31507455988  -1.78280234728
0.433333333333  -0.466666666667  0.033333333333  0.501418463657  0.0                0.498581536343  0.4  -0.9  0.00283692731396   0.0                1200.0  9.67042162562  -1.31489006471  -1.7826915023
0.433333333333  -0.466666666667  0.033333333333  0.501486952757  0.0                0.498513047243  0.4  -0.9  0.0029739055135    0.0                1210.0  9.59050078574  -1.31475200101  -1.78260822988
0.433333333333  -0.466666666667  0.033333333333  0.501576783674  0.0                0.498423216326  0.4  -0.9  0.00315356734752   0.0                1220.0  9.51189012357  -1.3145719216   -1.7825000152
0.433333333333  -0.466666666667  0.033333333333  0.501643598906  0.0                0.498356401094  0.4  -0.9  0.00328719781103   0.0                1230.0  9.43455768354  -1.31443755883  -1.78241910462
0.433333333333  -0.466666666667  0.033333333333  0.501694372902  0.0                0.498305627098  0.4  -0.9  0.00338874580417   0.0                1240.0  9.35847254093  -1.31433516256  -1.78235732755
0.433333333333  -0.466666666667  0.033333333333  0.501775276523  0.0                0.498224723477  0.4  -0.9  0.00355055304599   0.0                1250.0  9.2836047606   -1.31417252724  -1.78225941513
0.433333333333  -0.466666666667  0.033333333333  0.501888402103  0.0                0.498111597897  0.4  -0.9  0.00377680420654   0.0                1260.0  9.20992535774  -1.31394564584  -1.78212303419
0.433333333333  -0.466666666667  0.033333333333  0.501999156371  0.0                0.498000843629  0.4  -0.9  0.00399831274104   0.0                1270.0  9.13740626043  -1.31372247608  -1.78198846784
0.433333333333  -0.466666666667  0.033333333333  0.502034586577  0.0                0.497965413423  0.4  -0.9  0.00406917315384   0.0                1280.0  9.06602027402  -1.31365207116  -1.78194640709
0.433333333333  -0.466666666667  0.033333333333  0.502141435152  0.0                0.497858564848  0.4  -0.9  0.00428287030424   0.0                1290.0  8.99574104709  -1.31343609643  -1.78181591122
0.433333333333  -0.466666666667  0.033333333333  0.502214945856  0.0                0.497785054144  0.4  -0.9  0.0044298917119    0.0                1300.0  8.92654303904  -1.31328898028  -1.78172760363
0.433333333333  -0.466666666667  0.033333333333  0.502304776773  5.57956005859e-07  0.497694665271  0.4  -0.9  0.00461066945793   1.11591201172e-06  1310.0  8.85840148912  -1.31310570243  -1.78161563255
0.433333333333  -0.466666666667  0.033333333333  0.502398373893  0.0                0.497601626107  0.4  -0.9  0.00479674778603   0.0                1320.0  8.79129238693  -1.31292104975  -1.78150641553
0.433333333333  -0.466666666667  0.033333333333  0.502513173341  0.0                0.497486826659  0.4  -0.9  0.00502634668262   0.0                1330.0  8.72519244417  -1.31268928507  -1.78136649041
0.433333333333  -0.466666666667  0.033333333333  0.502581522952  0.0                0.497418477048  0.4  -0.9  0.00516304590416   0.0                1340.0  8.66007906772  -1.31255207907  -1.7812839641
0.433333333333  -0.466666666667  0.033333333333  0.50269771729   0.0                0.49730228271   0.4  -0.9  0.00539543458077   0.0                1350.0  8.59593033389  -1.31231722395  -1.78114206445
0.433333333333  -0.466666666667  0.033333333333  0.502796614993  0.0                0.497203385007  0.4  -0.9  0.005593229985     0.0                1360.0  8.53272496379  -1.31211944487  -1.78102340353
0.433333333333  -0.466666666667  0.033333333333  0.502949076471  0.0                0.497050923529  0.4  -0.9  0.00589815294244   0.0                1370.0  8.47044229982  -1.31181250473  -1.78083843257
0.433333333333  -0.466666666667  0.033333333333  0.50300375616   0.0                0.49699624384   0.4  -0.9  0.00600751231967   0.0                1380.0  8.40906228315  -1.3117031378   -1.7807728094
0.433333333333  -0.466666666667  0.033333333333  0.503171979896  0.0                0.496828020104  0.4  -0.9  0.00634395979146   0.0                1390.0  8.34856543219  -1.31136536479  -1.78056961537
0.433333333333  -0.466666666667  0.033333333333  0.503279525916  1.39489001953e-07  0.496720334595  0.4  -0.9  0.00655933080988   2.78978003906e-07  1400.0  8.28893282196  -1.31114747595  -1.78043762386
0.433333333333  -0.466666666667  0.033333333333  0.503357639757  0.0                0.496642360243  0.4  -0.9  0.00671527951364   0.0                1410.0  8.23014606436  -1.31099127645  -1.78034405492
0.433333333333  -0.466666666667  0.033333333333  0.50346895198   0.0                0.49653104802   0.4  -0.9  0.00693790396015   0.0                1420.0  8.17218728926  -1.3107678836   -1.78020971185
0.433333333333  -0.466666666667  0.033333333333  0.503613462586  0.0                0.496386537414  0.4  -0.9  0.0072269251714    0.0                1430.0  8.1150391264   -1.31047722313  -1.78003465986
0.433333333333  -0.466666666667  0.033333333333  0.503660051912  0.0                0.496339948088  0.4  -0.9  0.00732010382445   0.0                1440.0  8.05868468802  -1.31038238176  -1.77997708996
0.433333333333  -0.466666666667  0.033333333333  0.503808049743  0.0                0.496191950257  0.4  -0.9  0.00761609948579   0.0                1450.0  8.00310755224  -1.31008726246  -1.77980036892
0.433333333333  -0.466666666667  0.033333333333  0.503909597736  0.0                0.496090402264  0.4  -0.9  0.00781919547208   0.0                1460.0  7.94829174709  -1.30988201924  -1.77967636409
0.433333333333  -0.466666666667  0.033333333333  0.504100558179  6.97445007813e-07  0.495898744376  0.4  -0.9  0.00820251124839   1.39489001563e-06  1470.0  7.8942217352   -1.30949455908  -1.77944097485
0.433333333333  -0.466666666667  0.033333333333  0.504141428457  1.39489001953e-07  0.495858432054  0.4  -0.9  0.0082831358913    2.78978003906e-07  1480.0  7.84088239916  -1.30941506137  -1.77939473132
0.433333333333  -0.466666666667  0.033333333333  0.504357636409  0.0                0.495642363591  0.4  -0.9  0.00871527281817   0.0                1490.0  7.78825902735  -1.30897822372  -1.77913099951
0.433333333333  -0.466666666667  0.033333333333  0.504434913316  1.39489001953e-07  0.495564947195  0.4  -0.9  0.00887010560991   2.78978003906e-07  1500.0  7.7363373005   -1.30882316579  -1.77903762362
0.433333333333  -0.466666666667  0.033333333333  0.504567148889  0.0                0.495432851111  0.4  -0.9  0.00913429777889   0.0                1510.0  7.68510327864  -1.30855572244  -1.77887610822
0.433333333333  -0.466666666667  0.033333333333  0.504675671333  1.39489001953e-07  0.495324189178  0.4  -0.9  0.00935162164334   2.78978003906e-07  1520.0  7.63454338865  -1.30833833279  -1.77874539703
0.433333333333  -0.466666666667  0.033333333333  0.504889368483  0.0                0.495110631517  0.4  -0.9  0.00977873696615   0.0                1530.0  7.58464441225  -1.30791064195  -1.7784888034
0.433333333333  -0.466666666667  0.033333333333  0.5049652505    4.18467004883e-07  0.495034331033  0.4  -0.9  0.00993133793387   8.36934009766e-07  1540.0  7.53539347451  -1.30775444451  -1.77839289311
0.433333333333  -0.466666666667  0.033333333333  0.505182992831  0.0                0.494817007169  0.4  -0.9  0.0103659856628    0.0                1550.0  7.48677803274  -1.30732079379  -1.77813385472
0.433333333333  -0.466666666667  0.033333333333  0.505333780442  0.0                0.494666219558  0.4  -0.9  0.0106675608842    0.0                1560.0  7.43878586587  -1.3070172946   -1.77795098562
0.433333333333  -0.466666666667  0.033333333333  0.505463784192  2.7897800293e-07   0.49453593683   0.4  -0.9  0.0109281263391    5.57956005859e-07  1570.0  7.39140506417  -1.30675138299  -1.77778879803
0.433333333333  -0.466666666667  0.033333333333  0.505560031603  1.39489001953e-07  0.494439828908  0.4  -0.9  0.0111203421833    2.78978003906e-07  1580.0  7.34462401946  -1.30655932783  -1.77767388029
0.433333333333  -0.466666666667  0.033333333333  0.505821155014  1.39489001953e-07  0.494178705497  0.4  -0.9  0.0116425890051    2.78978003906e-07  1590.0  7.29843141557  -1.30603476949  -1.77735822067
0.433333333333  -0.466666666667  0.033333333333  0.505894805206  0.0                0.494105194794  0.4  -0.9  0.0117896104128    0.0                1600.0  7.25281621922  -1.30588513841  -1.77726764924
0.433333333333  -0.466666666667  0.033333333333  0.505979335541  0.0                0.494020664459  0.4  -0.9  0.0119586710827    0.0                1610.0  7.20776767127  -1.30571555985  -1.77716569495
0.433333333333  -0.466666666667  0.033333333333  0.506193869626  4.18467004883e-07  0.493805711907  0.4  -0.9  0.0123885761855    8.36934009766e-07  1620.0  7.16327527824  -1.30528489667  -1.77690624058
0.433333333333  -0.466666666667  0.033333333333  0.506367812411  4.18467004883e-07  0.493631769122  0.4  -0.9  0.0127364617555    8.36934009766e-07  1630.0  7.11932880414  -1.30493254742  -1.77669304554
0.433333333333  -0.466666666667  0.033333333333  0.506549985047  1.39489001953e-07  0.493449875464  0.4  -0.9  0.0131002490716    2.78978003906e-07  1640.0  7.07591826265  -1.30456671536  -1.77647323057
0.433333333333  -0.466666666667  0.033333333333  0.506669248143  5.57956005859e-07  0.493330193901  0.4  -0.9  0.0133396121983    1.11591201172e-06  1650.0  7.03303390954  -1.30432574021  -1.77632724744
0.433333333333  -0.466666666667  0.033333333333  0.506857000339  1.1159120127e-06   0.493141883749  0.4  -0.9  0.0137162325025    2.23182402539e-06  1660.0  6.99066623539  -1.30394307477  -1.7760942258
0.433333333333  -0.466666666667  0.033333333333  0.506992583649  6.97445007813e-07  0.493006718906  0.4  -0.9  0.0139865621875    1.39489001563e-06  1670.0  6.94880595853  -1.30367171934  -1.77593175548
0.433333333333  -0.466666666667  0.033333333333  0.507183125625  6.97445007813e-07  0.49281617693   0.4  -0.9  0.0143676461398    1.39489001563e-06  1680.0  6.9074440183   -1.30329202151  -1.77570449123
0.433333333333  -0.466666666667  0.033333333333  0.507346188268  9.76423010742e-07  0.492652835309  0.4  -0.9  0.0146943293815    1.95284602148e-06  1690.0  6.86657156849  -1.30295980186  -1.77550244272
0.433333333333  -0.466666666667  0.033333333333  0.50756658089   1.25540101367e-06  0.492432163709  0.4  -0.9  0.0151356725825    2.51080202734e-06  1700.0  6.82617997103  -1.30251634945  -1.77523502543
0.433333333333  -0.466666666667  0.033333333333  0.507710673029  1.95284602246e-06  0.492287374125  0.4  -0.9  0.0154252517497    3.90569204492e-06  1710.0  6.78626078991  -1.30221907363  -1.77505232588
0.433333333333  -0.466666666667  0.033333333333  0.507866482244  1.95284602246e-06  0.49213156491   0.4  -0.9  0.0157368701793    3.90569204492e-06  1720.0  6.74680578532  -1.30190426009  -1.77486215971
0.433333333333  -0.466666666667  0.033333333333  0.508054792396  1.53437901758e-06  0.491943673225  0.4  -0.9  0.0161126535495    3.06875803516e-06  1730.0  6.70780690795  -1.30153005616  -1.77463902236
0.433333333333  -0.466666666667  0.033333333333  0.508259422761  5.57956005859e-07  0.491740019283  0.4  -0.9  0.0165199614341    1.11591201172e-06  1740.0  6.66925629353  -1.30112296194  -1.77439660886
0.433333333333  -0.466666666667  0.033333333333  0.508495996108  1.95284602246e-06  0.491502051046  0.4  -0.9  0.0169958979074    3.90569204492e-06  1750.0  6.63114625757  -1.30063408082  -1.77409559153
0.433333333333  -0.466666666667  0.033333333333  0.508646923207  8.36934009766e-07  0.491352239859  0.4  -0.9  0.0172955202828    1.67386801953e-06  1760.0  6.5934692902   -1.30034001787  -1.77392338617
0.433333333333  -0.466666666667  0.033333333333  0.508794084104  1.39489001563e-06  0.491204521006  0.4  -0.9  0.0175909579881    2.78978003125e-06  1770.0  6.55621805127  -1.30003993179  -1.77374047085
0.433333333333  -0.466666666667  0.033333333333  0.509014895194  1.53437901758e-06  0.490983570427  0.4  -0.9  0.0180328591451    3.06875803516e-06  1780.0  6.51938536559  -1.29959324463  -1.77347029308
0.433333333333  -0.466666666667  0.033333333333  0.509206971549  1.1159120127e-06   0.490791912539  0.4  -0.9  0.0184161749214    2.23182402539e-06  1790.0  6.4829642183   -1.29920807844  -1.77323920643
0.433333333333  -0.466666666667  0.033333333333  0.509331395738  1.81335702051e-06  0.490666790905  0.4  -0.9  0.0186664181903    3.62671404102e-06  1800.0  6.44694775042  -1.29895492492  -1.77308489482
0.433333333333  -0.466666666667  0.033333333333  0.509488320865  5.30058205957e-06  0.490506378553  0.4  -0.9  0.0189872428939    1.06011641191e-05  1810.0  6.41132925456  -1.29862337718  -1.77287539995
0.433333333333  -0.466666666667  0.033333333333  0.509705644729  2.51080202832e-06  0.490291844469  0.4  -0.9  0.0194163110627    5.02160405664e-06  1820.0  6.37610217074  -1.29819683121  -1.77262550286
0.433333333333  -0.466666666667  0.033333333333  0.510003593237  9.76423010742e-07  0.48999543034   0.4  -0.9  0.0200091393194    1.95284602148e-06  1830.0  6.34126008238  -1.29760064967  -1.77226921451
0.433333333333  -0.466666666667  0.033333333333  0.510067758177  1.39489001563e-06  0.489930846933  0.4  -0.9  0.0201383061348    2.78978003125e-06  1840.0  6.30679671236  -1.29747086988  -1.7721903482
0.433333333333  -0.466666666667  0.033333333333  0.510284384597  1.53437901758e-06  0.489714081024  0.4  -0.9  0.0205718379517    3.06875803516e-06  1850.0  6.27270591932  -1.29702864357  -1.77192128354
0.433333333333  -0.466666666667  0.033333333333  0.510524026702  2.78978003125e-06  0.489473183518  0.4  -0.9  0.0210536329631    5.5795600625e-06   1860.0  6.23898169395  -1.29653809633  -1.77162119458
0.433333333333  -0.466666666667  0.033333333333  0.510665887016  2.65029103027e-06  0.489331462693  0.4  -0.9  0.0213370746143    5.30058206055e-06  1870.0  6.20561815548  -1.29625455544  -1.77145128143
0.433333333333  -0.466666666667  0.033333333333  0.510978063402  2.23182402539e-06  0.489019704774  0.4  -0.9  0.0219605904514    4.46364805078e-06  1880.0  6.17260954827  -1.29562935319  -1.77107623875
0.433333333333  -0.466666666667  0.033333333333  0.511155493412  3.06875803418e-06  0.48884143783   0.4  -0.9  0.0223171243394    6.13751606836e-06  1890.0  6.13995023849  -1.29526601043  -1.77085400306
0.433333333333  -0.466666666667  0.033333333333  0.511364866403  1.67386801855e-06  0.488633459729  0.4  -0.9  0.0227330805421    3.34773603711e-06  1900.0  6.10763471092  -1.29484731248  -1.7706041984
0.433333333333  -0.466666666667  0.033333333333  0.511522070508  5.16109305859e-06  0.488472768399  0.4  -0.9  0.0230544632017    1.03221861172e-05  1910.0  6.07565756584  -1.29451858426  -1.77039774624
0.433333333333  -0.466666666667  0.033333333333  0.511704522122  3.90569204395e-06  0.488291572186  0.4  -0.9  0.0234168556278    7.81138408789e-06  1920.0  6.04401351602  -1.29414621041  -1.77017258909
0.433333333333  -0.466666666667  0.033333333333  0.511899946213  3.48722503906e-06  0.488096566562  0.4  -0.9  0.0238068668762    6.97445007813e-06  1930.0  6.01269738381  -1.29375930461  -1.76994244102
0.433333333333  -0.466666666667  0.033333333333  0.512073749509  4.60313705176e-06  0.487921647354  0.4  -0.9  0.0241567052921    9.20627410352e-06  1940.0  5.98170409833  -1.29340102881  -1.76972209195
0.433333333333  -0.466666666667  0.033333333333  0.51224964514   4.32415904883e-06  0.487746030701  0.4  -0.9  0.0245079385981    8.64831809766e-06  1950.0  5.95102869269  -1.2930491928   -1.76951125142
0.433333333333  -0.466666666667  0.033333333333  0.512633100405  2.51080202832e-06  0.487364388793  0.4  -0.9  0.0252712224147    5.02160405664e-06  1960.0  5.9206663014   -1.29228019619  -1.76905083238
0.433333333333  -0.466666666667  0.033333333333  0.51275961693   5.02160405664e-06  0.487235361466  0.4  -0.9  0.0255292770676    1.00432081133e-05  1970.0  5.89061215774  -1.29200874775  -1.76887808635
0.433333333333  -0.466666666667  0.033333333333  0.512895339728  5.44007106152e-06  0.487099220201  0.4  -0.9  0.0258015595986    1.0880142123e-05   1980.0  5.86086159129  -1.29173816521  -1.76871566359
0.433333333333  -0.466666666667  0.033333333333  0.513127867894  5.44007106152e-06  0.486866692035  0.4  -0.9  0.0262666159299    1.0880142123e-05   1990.0  5.8314100255   -1.29126858165  -1.76843210256
0.433333333333  -0.466666666667  0.033333333333  0.513375460872  7.39291708301e-06  0.486617146211  0.4  -0.9  0.0267657075775    1.4785834166e-05   2000.0  5.80225297537  -1.29075855812  -1.76811820057
0.433333333333  -0.466666666667  0.033333333333  0.513571721897  1.06011641191e-05  0.486417676939  0.4  -0.9  0.027164646122     2.12023282383e-05  2010.0  5.77338604515  -1.29034674359  -1.76786018661
0.433333333333  -0.466666666667  0.033333333333  0.513872739162  6.13751606934e-06  0.486121123322  0.4  -0.9  0.0277577533567    1.22750321387e-05  2020.0  5.74480492611  -1.28976044749  -1.76751916797
0.433333333333  -0.466666666667  0.033333333333  0.51401976057   7.53240608496e-06  0.485972707024  0.4  -0.9  0.028054585952     1.50648121699e-05  2030.0  5.71650539446  -1.28944923477  -1.76732417749
0.433333333333  -0.466666666667  0.033333333333  0.51425033589   7.25342808203e-06  0.485742410682  0.4  -0.9  0.0285151786352    1.45068561641e-05  2040.0  5.68848330919  -1.28898527292  -1.76704495487
0.433333333333  -0.466666666667  0.033333333333  0.514404471236  8.36934009473e-06  0.485587159424  0.4  -0.9  0.0288256811527    1.67386801895e-05  2050.0  5.66073461012  -1.28866747555  -1.76684934986
0.433333333333  -0.466666666667  0.033333333333  0.514543960238  1.03221861162e-05  0.485445717576  0.4  -0.9  0.0291085648479    2.06443722324e-05  2060.0  5.6332553159   -1.28837944931  -1.76667096198
0.433333333333  -0.466666666667  0.033333333333  0.514853904799  6.55598307422e-06  0.485139539218  0.4  -0.9  0.0297209215648    1.31119661484e-05  2070.0  5.6060415221   -1.28777060952  -1.76631384404
0.433333333333  -0.466666666667  0.033333333333  0.515056303341  1.15775871309e-05  0.484932119072  0.4  -0.9  0.0301357618554    2.31551742617e-05  2080.0  5.5790893994   -1.28732839274  -1.76602852449
0.433333333333  -0.466666666667  0.033333333333  0.515286181215  7.81138408789e-06  0.484706007401  0.4  -0.9  0.0305879851985    1.56227681758e-05  2090.0  5.55239519175  -1.28689061487  -1.76577841512
0.433333333333  -0.466666666667  0.033333333333  0.515506434349  1.26934991426e-05  0.484480872152  0.4  -0.9  0.0310382556956    2.53869982852e-05  2100.0  5.52595521464  -1.28642096772  -1.76548008837
0.433333333333  -0.466666666667  0.033333333333  0.515754306304  9.34576310547e-06  0.484236347932  0.4  -0.9  0.0315273041351    1.86915262109e-05  2110.0  5.49976585344  -1.28592247454  -1.76518324048
0.433333333333  -0.466666666667  0.033333333333  0.515980696954  1.06011641191e-05  0.484008701882  0.4  -0.9  0.0319825962363    2.12023282383e-05  2120.0  5.47382356168  -1.28546405583  -1.7649046789
0.433333333333  -0.466666666667  0.033333333333  0.516334859529  1.33909441504e-05  0.483651749527  0.4  -0.9  0.0326965009463    2.67818883008e-05  2130.0  5.44812485951  -1.28473020566  -1.76445136901
0.433333333333  -0.466666666667  0.033333333333  0.51641855293   1.24145211396e-05  0.483569032549  0.4  -0.9  0.0328619349022    2.48290422793e-05  2140.0  5.42266633213  -1.28456797796  -1.76435707245
0.433333333333  -0.466666666667  0.033333333333  0.516726684134  1.04616751182e-05  0.48326285419   0.4  -0.9  0.0334742916191    2.09233502363e-05  2150.0  5.39744462826  -1.28394855025  -1.76398610255
0.433333333333  -0.466666666667  0.033333333333  0.516867428537  1.29724771465e-05  0.483119598986  0.4  -0.9  0.0337608020283    2.5944954293e-05   2160.0  5.37245645868  -1.28364898146  -1.76379661848
0.433333333333  -0.466666666667  0.033333333333  0.517066339853  1.95284602197e-05  0.482914131687  0.4  -0.9  0.0341717366269    3.90569204395e-05  2170.0  5.34769859482  -1.28321800847  -1.76351821856
0.433333333333  -0.466666666667  0.033333333333  0.517342528076  1.65991911865e-05  0.482640872732  0.4  -0.9  0.0347182545351    3.3198382373e-05   2180.0  5.32316786732  -1.28267211605  -1.76319620599
0.433333333333  -0.466666666667  0.033333333333  0.517523305822  1.38094111553e-05  0.482462884766  0.4  -0.9  0.0350742304671    2.76188223105e-05  2190.0  5.29886116473  -1.28232069602  -1.76299219794
0.433333333333  -0.466666666667  0.033333333333  0.517805771051  1.95284602197e-05  0.482174700489  0.4  -0.9  0.0356505990216    3.90569204395e-05  2200.0  5.27477543216  -1.28171672708  -1.76260848213
0.433333333333  -0.466666666667  0.033333333333  0.518039833595  1.65991911865e-05  0.481943567214  0.4  -0.9  0.0361128655728    3.3198382373e-05   2210.0  5.25090767002  -1.28125105508  -1.76233298944
0.433333333333  -0.466666666667  0.033333333333  0.518173464059  1.88310152119e-05  0.481807704926  0.4  -0.9  0.0363845901478    3.76620304238e-05  2220.0  5.22725493277  -1.28097203404  -1.76215864094
0.433333333333  -0.466666666667  0.033333333333  0.518601695294  2.2039262248e-05   0.481376265444  0.4  -0.9  0.0372474691116    4.40785244961e-05  2230.0  5.20381432769  -1.28009484879  -1.76162083243
0.433333333333  -0.466666666667  0.033333333333  0.51868887592   2.12023282393e-05  0.481289921752  0.4  -0.9  0.0374201564955    4.24046564785e-05  2240.0  5.18058301373  -1.27991080333  -1.76150736841
0.433333333333  -0.466666666667  0.033333333333  0.518921962041  2.32946632627e-05  0.481054743296  0.4  -0.9  0.0378905134088    4.65893265254e-05  2250.0  5.15755820033  -1.27942450087  -1.76120544251
0.433333333333  -0.466666666667  0.033333333333  0.519146957801  2.80372893154e-05  0.48082500491   0.4  -0.9  0.03834999018      5.60745786309e-05  2260.0  5.13473714635  -1.2789497198   -1.76090591542
0.433333333333  -0.466666666667  0.033333333333  0.519202334934  2.42710862734e-05  0.480773393979  0.4  -0.9  0.0384532120411    4.85421725469e-05  2270.0  5.11211715892  -1.27885273379  -1.76085699732
0.433333333333  -0.466666666667  0.033333333333  0.519587743046  2.99901353379e-05  0.480382266819  0.4  -0.9  0.0392354663619    5.99802706758e-05  2280.0  5.08969559243  -1.27803318577  -1.76034005674
0.433333333333  -0.466666666667  0.033333333333  0.519754292914  2.28761962578e-05  0.48022283089   0.4  -0.9  0.0395543382195    4.57523925156e-05  2290.0  5.06746984749  -1.27772904844  -1.76017627324
0.433333333333  -0.466666666667  0.033333333333  0.520063819008  2.74793333096e-05  0.479908701659  0.4  -0.9  0.0401825966826    5.49586666191e-05  2300.0  5.04543736989  -1.27707987429  -1.75977011683
0.433333333333  -0.466666666667  0.033333333333  0.520186150862  2.73398443076e-05  0.479786509293  0.4  -0.9  0.0404269814134    5.46796886152e-05  2310.0  5.02359564968  -1.27683052573  -1.75961877324
0.433333333333  -0.466666666667  0.033333333333  0.520544777085  2.66423992998e-05  0.479428580515  0.4  -0.9  0.0411428389694    5.32847985996e-05  2320.0  5.00194222015  -1.27610903416  -1.7591848801
0.433333333333  -0.466666666667  0.033333333333  0.520641861431  3.72435634199e-05  0.479320895006  0.4  -0.9  0.0413582099879    7.44871268398e-05  2330.0  4.98047465697  -1.27586438167  -1.75900729392
0.433333333333  -0.466666666667  0.033333333333  0.520760008615  2.88742233252e-05  0.479211117162  0.4  -0.9  0.0415777656763    5.77484466504e-05  2340.0  4.95919057724  -1.27565456748  -1.75890036682
0.433333333333  -0.466666666667  0.033333333333  0.521167316499  3.7104074418e-05   0.478795579426  0.4  -0.9  0.0424088411477    7.42081488359e-05  2350.0  4.93808763862  -1.27477938283  -1.75834279863
0.433333333333  -0.466666666667  0.033333333333  0.521452989975  3.40353163838e-05  0.478512974709  0.4  -0.9  0.0429740505821    6.80706327676e-05  2360.0  4.91716353845  -1.27421986853  -1.75801489186
0.433333333333  -0.466666666667  0.033333333333  0.521606148898  3.90569204395e-05  0.478354794181  0.4  -0.9  0.0432904116376    7.81138408789e-05  2370.0  4.89641601298  -1.27389910857  -1.75781163744
0.433333333333  -0.466666666667  0.033333333333  0.521895588577  4.03123214541e-05  0.478064099102  0.4  -0.9  0.0438718017962    8.06246429082e-05  2380.0  4.87584283645  -1.27328611111  -1.75742893632
0.433333333333  -0.466666666667  0.033333333333  0.5221032877    4.04518104561e-05  0.47785626049   0.4  -0.9  0.0442874790209    8.09036209121e-05  2390.0  4.8554418204   -1.27285416751  -1.75716301252
0.433333333333  -0.466666666667  0.033333333333  0.52234502214   3.3477360377e-05   0.4776215005    0.4  -0.9  0.0447569990001    6.69547207539e-05  2400.0  4.83521081281  -1.27239436771  -1.75690357472
