#mu0  mu1   mu2  x0              x1                 x2              mua   mub   xa                 xb                 T       b              u               phi
0.1   -1.2  1.1  0.5             0.0                0.5             -1.0  -1.3  0.0                0.0                30.0    386.816865025  -1.31774118     -2.51774118
0.1   -1.2  1.1  0.5             0.0                0.5             -1.0  -1.3  0.0                0.0                40.0    290.112648769  -1.31774118     -2.51774118
0.1   -1.2  1.1  0.5             0.0                0.5             -1.0  -1.3  0.0                0.0                50.0    232.090119015  -1.31774118     -2.51774118
0.1   -1.2  1.1  0.5             0.0                0.5             -1.0  -1.3  0.0                0.0                60.0    193.408432513  -1.31774118     -2.51774118
0.1   -1.2  1.1  0.5             0.0                0.5             -1.0  -1.3  0.0                0.0                70.0    165.778656439  -1.31774118     -2.51774118
0.1   -1.2  1.1  0.5             0.0                0.5             -1.0  -1.3  0.0                0.0                80.0    145.056324384  -1.31774118     -2.51774118
0.1   -1.2  1.1  0.5             0.0                0.5             -1.0  -1.3  0.0                0.0                90.0    128.938955008  -1.31774118     -2.51774118
0.1   -1.2  1.1  0.5             0.0                0.5             -1.0  -1.3  0.0                0.0                100.0   116.045059507  -1.31774118     -2.51774118
0.1   -1.2  1.1  0.5             0.0                0.5             -1.0  -1.3  0.0                0.0                110.0   105.495508643  -1.31774118     -2.51774118
0.1   -1.2  1.1  0.5             0.0                0.5             -1.0  -1.3  0.0                0.0                120.0   96.7042162563  -1.31774118     -2.51774118
0.1   -1.2  1.1  0.5             0.0                0.5             -1.0  -1.3  0.0                0.0                130.0   89.2654303904  -1.31774118     -2.51774118
0.1   -1.2  1.1  0.5             0.0                0.5             -1.0  -1.3  0.0                0.0                140.0   82.8893282196  -1.31774118     -2.51774118
0.1   -1.2  1.1  0.5             0.0                0.5             -1.0  -1.3  0.0                0.0                150.0   77.363373005   -1.31774118     -2.51774118
0.1   -1.2  1.1  0.5             0.0                0.5             -1.0  -1.3  0.0                0.0                160.0   72.5281621922  -1.31774118     -2.51774118
0.1   -1.2  1.1  0.5             0.0                0.5             -1.0  -1.3  0.0                0.0                170.0   68.2617997103  -1.31774118     -2.51774118
0.1   -1.2  1.1  0.5             0.0                0.5             -1.0  -1.3  0.0                0.0                180.0   64.4694775042  -1.31774118     -2.51774118
0.1   -1.2  1.1  0.5             0.0                0.5             -1.0  -1.3  0.0                0.0                190.0   61.0763471092  -1.31774118     -2.51774118
0.1   -1.2  1.1  0.5             0.0                0.5             -1.0  -1.3  0.0                0.0                200.0   58.0225297537  -1.31774118     -2.51774118
0.1   -1.2  1.1  0.5             0.0                0.5             -1.0  -1.3  0.0                0.0                210.0   55.2595521464  -1.31774118     -2.51774118
0.1   -1.2  1.1  0.5             0.0                0.5             -1.0  -1.3  0.0                0.0                220.0   52.7477543216  -1.31774118     -2.51774118
0.1   -1.2  1.1  0.5             0.0                0.5             -1.0  -1.3  0.0                0.0                230.0   50.4543736989  -1.31774118     -2.51774118
0.1   -1.2  1.1  0.5             0.0                0.5             -1.0  -1.3  0.0                0.0                240.0   48.3521081281  -1.31774118     -2.51774118
0.1   -1.2  1.1  0.5             0.0                0.5             -1.0  -1.3  0.0                0.0                250.0   46.418023803   -1.31774118     -2.51774118
0.1   -1.2  1.1  0.5             0.0                0.5             -1.0  -1.3  0.0                0.0                260.0   44.6327151952  -1.31774118     -2.51774118
0.1   -1.2  1.1  0.5             0.0                0.5             -1.0  -1.3  0.0                0.0                270.0   42.9796516694  -1.31774118     -2.51774118
0.1   -1.2  1.1  0.5             0.0                0.5             -1.0  -1.3  0.0                0.0                280.0   41.4446641098  -1.31774118     -2.51774118
0.1   -1.2  1.1  0.5             0.0                0.5             -1.0  -1.3  0.0                0.0                290.0   40.0155377612  -1.31774118     -2.51774118
0.1   -1.2  1.1  0.5             0.0                0.5             -1.0  -1.3  0.0                0.0                300.0   38.6816865025  -1.31774118     -2.51774118
0.1   -1.2  1.1  0.5             0.0                0.5             -1.0  -1.3  0.0                0.0                310.0   37.4338901637  -1.31774118     -2.51774118
0.1   -1.2  1.1  0.5             0.0                0.5             -1.0  -1.3  0.0                0.0                320.0   36.2640810961  -1.31774118     -2.51774118
0.1   -1.2  1.1  0.5             0.0                0.5             -1.0  -1.3  0.0                0.0                330.0   35.1651695477  -1.31774118     -2.51774118
0.1   -1.2  1.1  0.5             0.0                0.5             -1.0  -1.3  0.0                0.0                340.0   34.1308998551  -1.31774118     -2.51774118
0.1   -1.2  1.1  0.5             0.0                0.5             -1.0  -1.3  0.0                0.0                350.0   33.1557312879  -1.31774118     -2.51774118
0.1   -1.2  1.1  0.5             0.0                0.5             -1.0  -1.3  0.0                0.0                360.0   32.2347387521  -1.31774118     -2.51774118
0.1   -1.2  1.1  0.5             0.0                0.5             -1.0  -1.3  0.0                0.0                370.0   31.3635295966  -1.31774118     -2.51774118
0.1   -1.2  1.1  0.5             0.0                0.5             -1.0  -1.3  0.0                0.0                380.0   30.5381735546  -1.31774118     -2.51774118
0.1   -1.2  1.1  0.5             0.0                0.5             -1.0  -1.3  0.0                0.0                390.0   29.7551434635  -1.31774118     -2.51774118
0.1   -1.2  1.1  0.5             0.0                0.5             -1.0  -1.3  0.0                0.0                400.0   29.0112648769  -1.31774118     -2.51774118
0.1   -1.2  1.1  0.5             0.0                0.5             -1.0  -1.3  0.0                0.0                410.0   28.3036730506  -1.31774118     -2.51774118
0.1   -1.2  1.1  0.5             0.0                0.5             -1.0  -1.3  0.0                0.0                420.0   27.6297760732  -1.31774118     -2.51774118
0.1   -1.2  1.1  0.5             0.0                0.5             -1.0  -1.3  0.0                0.0                430.0   26.9872231413  -1.31774118     -2.51774118
0.1   -1.2  1.1  0.5             0.0                0.5             -1.0  -1.3  0.0                0.0                440.0   26.3738771608  -1.31774118     -2.51774118
0.1   -1.2  1.1  0.5             0.0                0.5             -1.0  -1.3  0.0                0.0                450.0   25.7877910017  -1.31774118     -2.51774118
0.1   -1.2  1.1  0.5             0.0                0.5             -1.0  -1.3  0.0                0.0                460.0   25.2271868495  -1.31774118     -2.51774118
0.1   -1.2  1.1  0.5             0.0                0.5             -1.0  -1.3  0.0                0.0                470.0   24.6904381931  -1.31774118     -2.51774118
0.1   -1.2  1.1  0.5             0.0                0.5             -1.0  -1.3  0.0                0.0                480.0   24.1760540641  -1.31774118     -2.51774118
0.1   -1.2  1.1  0.5             0.0                0.5             -1.0  -1.3  0.0                0.0                490.0   23.6826652056  -1.31774118     -2.51774118
0.1   -1.2  1.1  0.5             0.0                0.5             -1.0  -1.3  0.0                0.0                500.0   23.2090119015  -1.31774118     -2.51774118
0.1   -1.2  1.1  0.5             0.0                0.5             -1.0  -1.3  0.0                0.0                510.0   22.7539332368  -1.31774118     -2.51774118
0.1   -1.2  1.1  0.5             0.0                0.5             -1.0  -1.3  0.0                0.0                520.0   22.3163575976  -1.31774118     -2.51774118
0.1   -1.2  1.1  0.5             0.0                0.5             -1.0  -1.3  0.0                0.0                530.0   21.8952942467  -1.31774118     -2.51774118
0.1   -1.2  1.1  0.5             0.0                0.5             -1.0  -1.3  0.0                0.0                540.0   21.4898258347  -1.31774118     -2.51774118
0.1   -1.2  1.1  0.5             0.0                0.5             -1.0  -1.3  0.0                0.0                550.0   21.0991017286  -1.31774118     -2.51774118
0.1   -1.2  1.1  0.5             0.0                0.5             -1.0  -1.3  0.0                0.0                560.0   20.7223320549  -1.31774118     -2.51774118
0.1   -1.2  1.1  0.5             0.0                0.5             -1.0  -1.3  0.0                0.0                570.0   20.3587823697  -1.31774118     -2.51774118
0.1   -1.2  1.1  0.5             0.0                0.5             -1.0  -1.3  0.0                0.0                580.0   20.0077688806  -1.31774118     -2.51774118
0.1   -1.2  1.1  0.5             0.0                0.5             -1.0  -1.3  0.0                0.0                590.0   19.6686541538  -1.31774118     -2.51774118
0.1   -1.2  1.1  0.5             0.0                0.5             -1.0  -1.3  0.0                0.0                600.0   19.3408432512  -1.31774118     -2.51774118
0.1   -1.2  1.1  0.5             0.0                0.5             -1.0  -1.3  0.0                0.0                610.0   19.0237802471  -1.31774118     -2.51774118
0.1   -1.2  1.1  0.5             0.0                0.5             -1.0  -1.3  0.0                0.0                620.0   18.7169450819  -1.31774118     -2.51774118
0.1   -1.2  1.1  0.5             0.0                0.5             -1.0  -1.3  0.0                0.0                630.0   18.4198507155  -1.31774118     -2.51774118
0.1   -1.2  1.1  0.5             0.0                0.5             -1.0  -1.3  0.0                0.0                640.0   18.132040548   -1.31774118     -2.51774118
0.1   -1.2  1.1  0.5             0.0                0.5             -1.0  -1.3  0.0                0.0                650.0   17.8530860781  -1.31774118     -2.51774118
0.1   -1.2  1.1  0.5             0.0                0.5             -1.0  -1.3  0.0                0.0                660.0   17.5825847739  -1.31774118     -2.51774118
0.1   -1.2  1.1  0.5             0.0                0.5             -1.0  -1.3  0.0                0.0                670.0   17.3201581354  -1.31774118     -2.51774118
0.1   -1.2  1.1  0.5             0.0                0.5             -1.0  -1.3  0.0                0.0                680.0   17.0654499276  -1.31774118     -2.51774118
0.1   -1.2  1.1  0.5             0.0                0.5             -1.0  -1.3  0.0                0.0                690.0   16.8181245663  -1.31774118     -2.51774118
0.1   -1.2  1.1  0.5             0.0                0.5             -1.0  -1.3  0.0                0.0                700.0   16.5778656439  -1.31774118     -2.51774118
0.1   -1.2  1.1  0.5             0.0                0.5             -1.0  -1.3  0.0                0.0                710.0   16.3443745785  -1.31774118     -2.51774118
0.1   -1.2  1.1  0.5             0.0                0.5             -1.0  -1.3  0.0                0.0                720.0   16.117369376   -1.31774118     -2.51774118
0.1   -1.2  1.1  0.5             0.0                0.5             -1.0  -1.3  0.0                0.0                730.0   15.8965834942  -1.31774118     -2.51774118
0.1   -1.2  1.1  0.5             0.0                0.5             -1.0  -1.3  0.0                0.0                740.0   15.6817647983  -1.31774118     -2.51774118
0.1   -1.2  1.1  0.5             0.0                0.5             -1.0  -1.3  0.0                0.0                750.0   15.472674601   -1.31774118     -2.51774118
0.1   -1.2  1.1  0.5             0.0                0.5             -1.0  -1.3  0.0                0.0                760.0   15.2690867773  -1.31774118     -2.51774118
0.1   -1.2  1.1  0.5             0.0                0.5             -1.0  -1.3  0.0                0.0                770.0   15.070786949   -1.31774118     -2.51774118
0.1   -1.2  1.1  0.5             0.0                0.5             -1.0  -1.3  0.0                0.0                780.0   14.8775717317  -1.31774118     -2.51774118
0.1   -1.2  1.1  0.5             0.0                0.5             -1.0  -1.3  0.0                0.0                790.0   14.6892480389  -1.31774118     -2.51774118
0.1   -1.2  1.1  0.5             0.0                0.5             -1.0  -1.3  0.0                0.0                800.0   14.5056324384  -1.31774118     -2.51774118
0.1   -1.2  1.1  0.5             0.0                0.5             -1.0  -1.3  0.0                0.0                810.0   14.3265505565  -1.31774118     -2.51774118
0.1   -1.2  1.1  0.5             0.0                0.5             -1.0  -1.3  0.0                0.0                820.0   14.1518365253  -1.31774118     -2.51774118
0.1   -1.2  1.1  0.5             0.0                0.5             -1.0  -1.3  0.0                0.0                830.0   13.9813324708  -1.31774118     -2.51774118
0.1   -1.2  1.1  0.5             0.0                0.5             -1.0  -1.3  0.0                0.0                840.0   13.8148880366  -1.31774118     -2.51774118
0.1   -1.2  1.1  0.5             0.0                0.5             -1.0  -1.3  0.0                0.0                850.0   13.6523599421  -1.31774118     -2.51774118
0.1   -1.2  1.1  0.5             0.0                0.5             -1.0  -1.3  0.0                0.0                860.0   13.4936115706  -1.31774118     -2.51774118
0.1   -1.2  1.1  0.5             0.0                0.5             -1.0  -1.3  0.0                0.0                870.0   13.3385125871  -1.31774118     -2.51774118
0.1   -1.2  1.1  0.5             0.0                0.5             -1.0  -1.3  0.0                0.0                880.0   13.1869385804  -1.31774118     -2.51774118
0.1   -1.2  1.1  0.5             0.0                0.5             -1.0  -1.3  0.0                0.0                890.0   13.0387707312  -1.31774118     -2.51774118
0.1   -1.2  1.1  0.5             0.0                0.5             -1.0  -1.3  0.0                0.0                900.0   12.8938955008  -1.31774118     -2.51774118
0.1   -1.2  1.1  0.5             0.0                0.5             -1.0  -1.3  0.0                0.0                910.0   12.7522043415  -1.31774118     -2.51774118
0.1   -1.2  1.1  0.5             0.0                0.5             -1.0  -1.3  0.0                0.0                920.0   12.6135934247  -1.31774118     -2.51774118
0.1   -1.2  1.1  0.5             0.0                0.5             -1.0  -1.3  0.0                0.0                930.0   12.4779633879  -1.31774118     -2.51774118
0.1   -1.2  1.1  0.5             0.0                0.5             -1.0  -1.3  0.0                0.0                940.0   12.3452190965  -1.31774118     -2.51774118
0.1   -1.2  1.1  0.5             0.0                0.5             -1.0  -1.3  0.0                0.0                950.0   12.2152694218  -1.31774118     -2.51774118
0.1   -1.2  1.1  0.5             0.0                0.5             -1.0  -1.3  0.0                0.0                960.0   12.088027032   -1.31774118     -2.51774118
0.1   -1.2  1.1  0.5             0.0                0.5             -1.0  -1.3  0.0                0.0                970.0   11.9634081967  -1.31774118     -2.51774118
0.1   -1.2  1.1  0.5             0.0                0.5             -1.0  -1.3  0.0                0.0                980.0   11.8413326028  -1.31774118     -2.51774118
0.1   -1.2  1.1  0.5             0.0                0.5             -1.0  -1.3  0.0                0.0                990.0   11.7217231826  -1.31774118     -2.51774118
0.1   -1.2  1.1  0.5             0.0                0.5             -1.0  -1.3  0.0                0.0                1000.0  11.6045059507  -1.31774118     -2.51774118
0.1   -1.2  1.1  0.5             0.0                0.5             -1.0  -1.3  0.0                0.0                1010.0  11.4896098522  -1.31774118     -2.51774118
0.1   -1.2  1.1  0.5             0.0                0.5             -1.0  -1.3  0.0                0.0                1020.0  11.3769666184  -1.31774118     -2.51774118
0.1   -1.2  1.1  0.5             0.0                0.5             -1.0  -1.3  0.0                0.0                1030.0  11.2665106318  -1.31774118     -2.51774118
0.1   -1.2  1.1  0.5             0.0                0.5             -1.0  -1.3  0.0                0.0                1040.0  11.1581787988  -1.31774118     -2.51774118
0.1   -1.2  1.1  0.5             0.0                0.5             -1.0  -1.3  0.0                0.0                1050.0  11.0519104293  -1.31774118     -2.51774118
0.1   -1.2  1.1  0.5             0.0                0.5             -1.0  -1.3  0.0                0.0                1060.0  10.9476471233  -1.31774118     -2.51774118
0.1   -1.2  1.1  0.5             0.0                0.5             -1.0  -1.3  0.0                0.0                1070.0  10.8453326643  -1.31774118     -2.51774118
0.1   -1.2  1.1  0.5             0.0                0.5             -1.0  -1.3  0.0                0.0                1080.0  10.7449129174  -1.31774118     -2.51774118
0.1   -1.2  1.1  0.5             0.0                0.5             -1.0  -1.3  0.0                0.0                1090.0  10.6463357346  -1.31774118     -2.51774118
0.1   -1.2  1.1  0.5             0.0                0.5             -1.0  -1.3  0.0                0.0                1100.0  10.5495508643  -1.31774118     -2.51774118
0.1   -1.2  1.1  0.5             0.0                0.5             -1.0  -1.3  0.0                0.0                1110.0  10.4545098655  -1.31774118     -2.51774118
0.1   -1.2  1.1  0.5             0.0                0.5             -1.0  -1.3  0.0                0.0                1120.0  10.3611660275  -1.31774118     -2.51774118
0.1   -1.2  1.1  0.5             0.0                0.5             -1.0  -1.3  0.0                0.0                1130.0  10.2694742927  -1.31774118     -2.51774118
0.1   -1.2  1.1  0.5             0.0                0.5             -1.0  -1.3  0.0                0.0                1140.0  10.1793911849  -1.31774118     -2.51774118
0.1   -1.2  1.1  0.5             0.0                0.5             -1.0  -1.3  0.0                0.0                1150.0  10.0908747398  -1.31774118     -2.51774118
0.1   -1.2  1.1  0.5             0.0                0.5             -1.0  -1.3  0.0                0.0                1160.0  10.0038844403  -1.31774118     -2.51774118
0.1   -1.2  1.1  0.5             0.0                0.5             -1.0  -1.3  0.0                0.0                1170.0  9.91838115449  -1.31774118     -2.51774118
0.1   -1.2  1.1  0.5             0.0                0.5             -1.0  -1.3  0.0                0.0                1180.0  9.83432707691  -1.31774118     -2.51774118
0.1   -1.2  1.1  0.5             0.0                0.5             -1.0  -1.3  0.0                0.0                1190.0  9.7516856729   -1.31774118     -2.51774118
0.1   -1.2  1.1  0.5             0.0                0.5             -1.0  -1.3  0.0                0.0                1200.0  9.67042162562  -1.31774118     -2.51774118
0.1   -1.2  1.1  0.5             0.0                0.5             -1.0  -1.3  0.0                0.0                1210.0  9.59050078574  -1.31774118     -2.51774118
0.1   -1.2  1.1  0.5             0.0                0.5             -1.0  -1.3  0.0                0.0                1220.0  9.51189012357  -1.31774118     -2.51774118
0.1   -1.2  1.1  0.5             0.0                0.5             -1.0  -1.3  0.0                0.0                1230.0  9.43455768354  -1.31774118     -2.51774118
0.1   -1.2  1.1  0.5             0.0                0.5             -1.0  -1.3  0.0                0.0                1240.0  9.35847254093  -1.31774118     -2.51774118
0.1   -1.2  1.1  0.5             0.0                0.5             -1.0  -1.3  0.0                0.0                1250.0  9.2836047606   -1.31774118     -2.51774118
0.1   -1.2  1.1  0.5             0.0                0.5             -1.0  -1.3  0.0                0.0                1260.0  9.20992535774  -1.31774118     -2.51774118
0.1   -1.2  1.1  0.5             0.0                0.5             -1.0  -1.3  0.0                0.0                1270.0  9.13740626043  -1.31774118     -2.51774118
0.1   -1.2  1.1  0.5             0.0                0.5             -1.0  -1.3  0.0                0.0                1280.0  9.06602027402  -1.31774118     -2.51774118
0.1   -1.2  1.1  0.5             0.0                0.5             -1.0  -1.3  0.0                0.0                1290.0  8.99574104709  -1.31774118     -2.51774118
0.1   -1.2  1.1  0.5             0.0                0.5             -1.0  -1.3  0.0                0.0                1300.0  8.92654303904  -1.31774118     -2.51774118
0.1   -1.2  1.1  0.5             0.0                0.5             -1.0  -1.3  0.0                0.0                1310.0  8.85840148912  -1.31774118     -2.51774118
0.1   -1.2  1.1  0.5             0.0                0.5             -1.0  -1.3  0.0                0.0                1320.0  8.79129238693  -1.31774118     -2.51774118
0.1   -1.2  1.1  0.5             0.0                0.5             -1.0  -1.3  0.0                0.0                1330.0  8.72519244417  -1.31774118     -2.51774118
0.1   -1.2  1.1  0.5             0.0                0.5             -1.0  -1.3  0.0                0.0                1340.0  8.66007906772  -1.31774118     -2.51774118
0.1   -1.2  1.1  0.5             0.0                0.5             -1.0  -1.3  0.0                0.0                1350.0  8.59593033389  -1.31774118     -2.51774118
0.1   -1.2  1.1  0.5             0.0                0.5             -1.0  -1.3  0.0                0.0                1360.0  8.53272496379  -1.31774118     -2.51774118
0.1   -1.2  1.1  0.5             0.0                0.5             -1.0  -1.3  0.0                0.0                1370.0  8.47044229982  -1.31774118     -2.51774118
0.1   -1.2  1.1  0.5             0.0                0.5             -1.0  -1.3  0.0                0.0                1380.0  8.40906228315  -1.31774118     -2.51774118
0.1   -1.2  1.1  0.5             0.0                0.5             -1.0  -1.3  0.0                0.0                1390.0  8.34856543219  -1.31774118     -2.51774118
0.1   -1.2  1.1  0.5             0.0                0.5             -1.0  -1.3  0.0                0.0                1400.0  8.28893282196  -1.31774118     -2.51774118
0.1   -1.2  1.1  0.5             0.0                0.5             -1.0  -1.3  0.0                0.0                1410.0  8.23014606436  -1.31774118     -2.51774118
0.1   -1.2  1.1  0.5             0.0                0.5             -1.0  -1.3  0.0                0.0                1420.0  8.17218728926  -1.31774118     -2.51774118
0.1   -1.2  1.1  0.5             0.0                0.5             -1.0  -1.3  0.0                0.0                1430.0  8.1150391264   -1.31774118     -2.51774118
0.1   -1.2  1.1  0.500000139489  0.0                0.499999860511  -1.0  -1.3  2.78978003809e-07  0.0                1440.0  8.05868468802  -1.31774089958  -2.51774062061
0.1   -1.2  1.1  0.5             0.0                0.5             -1.0  -1.3  0.0                0.0                1450.0  8.00310755224  -1.31774118     -2.51774118
0.1   -1.2  1.1  0.5             0.0                0.5             -1.0  -1.3  0.0                0.0                1460.0  7.94829174709  -1.31774118     -2.51774118
0.1   -1.2  1.1  0.5             0.0                0.5             -1.0  -1.3  0.0                0.0                1470.0  7.8942217352   -1.31774118     -2.51774118
0.1   -1.2  1.1  0.5             0.0                0.5             -1.0  -1.3  0.0                0.0                1480.0  7.84088239916  -1.31774118     -2.51774118
0.1   -1.2  1.1  0.500000557956  0.0                0.499999442044  -1.0  -1.3  1.11591201168e-06  0.0                1490.0  7.78825902735  -1.31774005833  -2.51773894242
0.1   -1.2  1.1  0.5             0.0                0.5             -1.0  -1.3  0.0                0.0                1500.0  7.7363373005   -1.31774118     -2.51774118
0.1   -1.2  1.1  0.5             0.0                0.5             -1.0  -1.3  0.0                0.0                1510.0  7.68510327864  -1.31774118     -2.51774118
0.1   -1.2  1.1  0.500000278978  0.0                0.499999721022  -1.0  -1.3  5.57956005842e-07  0.0                1520.0  7.63454338865  -1.31774061917  -2.51774006121
0.1   -1.2  1.1  0.5             0.0                0.5             -1.0  -1.3  0.0                0.0                1530.0  7.58464441225  -1.31774118     -2.51774118
0.1   -1.2  1.1  0.5             0.0                0.5             -1.0  -1.3  0.0                0.0                1540.0  7.53539347451  -1.31774118     -2.51774118
0.1   -1.2  1.1  0.5             0.0                0.5             -1.0  -1.3  0.0                0.0                1550.0  7.48677803274  -1.31774118     -2.51774118
0.1   -1.2  1.1  0.500000139489  0.0                0.499999860511  -1.0  -1.3  2.78978003809e-07  0.0                1560.0  7.43878586587  -1.31774089958  -2.51774062061
0.1   -1.2  1.1  0.5             0.0                0.5             -1.0  -1.3  0.0                0.0                1570.0  7.39140506417  -1.31774118     -2.51774118
0.1   -1.2  1.1  0.5             1.39489001953e-07  0.499999860511  -1.0  -1.3  2.78978003858e-07  2.78978003906e-07  1580.0  7.34462401946  -1.31774060408  -2.51773996243
0.1   -1.2  1.1  0.500000139489  0.0                0.499999860511  -1.0  -1.3  2.78978003809e-07  0.0                1590.0  7.29843141557  -1.31774089958  -2.51774062061
0.1   -1.2  1.1  0.500000278978  2.7897800293e-07   0.499999442044  -1.0  -1.3  1.11591201169e-06  5.57956005859e-07  1600.0  7.25281621922  -1.31773946733  -2.51773762608
0.1   -1.2  1.1  0.500000139489  0.0                0.499999860511  -1.0  -1.3  2.78978003809e-07  0.0                1610.0  7.20776767127  -1.31774089958  -2.51774062061
0.1   -1.2  1.1  0.500000418467  0.0                0.499999581533  -1.0  -1.3  8.36934009874e-07  0.0                1620.0  7.16327527824  -1.31774033875  -2.51773950182
0.1   -1.2  1.1  0.5             0.0                0.5             -1.0  -1.3  0.0                0.0                1630.0  7.11932880414  -1.31774118     -2.51774118
0.1   -1.2  1.1  0.5             0.0                0.5             -1.0  -1.3  0.0                0.0                1640.0  7.07591826265  -1.31774118     -2.51774118
0.1   -1.2  1.1  0.500000836934  0.0                0.499999163066  -1.0  -1.3  1.67386801941e-06  0.0                1650.0  7.03303390954  -1.3177394975   -2.51773782363
0.1   -1.2  1.1  0.500000836934  0.0                0.499999163066  -1.0  -1.3  1.67386801941e-06  0.0                1660.0  6.99066623539  -1.3177394975   -2.51773782363
0.1   -1.2  1.1  0.500000697445  2.7897800293e-07   0.499999023577  -1.0  -1.3  1.95284602157e-06  5.57956005859e-07  1670.0  6.94880595853  -1.31773862608  -2.51773594789
0.1   -1.2  1.1  0.500000836934  0.0                0.499999163066  -1.0  -1.3  1.67386801941e-06  0.0                1680.0  6.9074440183   -1.3177394975   -2.51773782363
0.1   -1.2  1.1  0.500000557956  0.0                0.499999442044  -1.0  -1.3  1.11591201168e-06  0.0                1690.0  6.86657156849  -1.31774005833  -2.51773894242
0.1   -1.2  1.1  0.500000139489  4.18467004883e-07  0.499999442044  -1.0  -1.3  1.11591201263e-06  8.36934009766e-07  1700.0  6.82617997103  -1.31773917183  -2.51773696791
0.1   -1.2  1.1  0.500000418467  0.0                0.499999581533  -1.0  -1.3  8.36934009874e-07  0.0                1710.0  6.78626078991  -1.31774033875  -2.51773950182
0.1   -1.2  1.1  0.500001673868  0.0                0.499998326132  -1.0  -1.3  3.34773603705e-06  0.0                1720.0  6.74680578532  -1.317737815    -2.51773446726
0.1   -1.2  1.1  0.500000139489  1.39489001953e-07  0.499999721022  -1.0  -1.3  5.57956006779e-07  2.78978003906e-07  1730.0  6.70780690795  -1.31774032367  -2.51773940304
0.1   -1.2  1.1  0.500000139489  0.0                0.499999860511  -1.0  -1.3  2.78978003809e-07  0.0                1740.0  6.66925629353  -1.31774089958  -2.51774062061
0.1   -1.2  1.1  0.500000139489  0.0                0.499999860511  -1.0  -1.3  2.78978003809e-07  0.0                1750.0  6.63114625757  -1.31774089958  -2.51774062061
0.1   -1.2  1.1  0.500000418467  0.0                0.499999581533  -1.0  -1.3  8.36934009874e-07  0.0                1760.0  6.5934692902   -1.31774033875  -2.51773950182
0.1   -1.2  1.1  0.5             2.7897800293e-07   0.499999721022  -1.0  -1.3  5.57956005851e-07  5.57956005859e-07  1770.0  6.55621805127  -1.31774002817  -2.51773874487
0.1   -1.2  1.1  0.500001673868  2.7897800293e-07   0.499998047154  -1.0  -1.3  3.90569204379e-06  5.57956005859e-07  1780.0  6.51938536559  -1.31773666317  -2.51773203213
0.1   -1.2  1.1  0.500000418467  1.39489001953e-07  0.499999442044  -1.0  -1.3  1.11591201284e-06  2.78978003906e-07  1790.0  6.4829642183   -1.31773976283  -2.51773828425
0.1   -1.2  1.1  0.500001673868  1.39489001953e-07  0.499998186643  -1.0  -1.3  3.62671404091e-06  2.78978003906e-07  1800.0  6.44694775042  -1.31773723908  -2.5177332497
0.1   -1.2  1.1  0.500000836934  1.39489001953e-07  0.499999023577  -1.0  -1.3  1.95284602227e-06  2.78978003906e-07  1810.0  6.41132925456  -1.31773892158  -2.51773660607
0.1   -1.2  1.1  0.500002650291  1.39489001953e-07  0.49999721022   -1.0  -1.3  5.57956006336e-06  2.78978003906e-07  1820.0  6.37610217074  -1.31773527617  -2.51772933393
0.1   -1.2  1.1  0.500000557956  0.0                0.499999442044  -1.0  -1.3  1.11591201168e-06  0.0                1830.0  6.34126008238  -1.31774005833  -2.51773894242
0.1   -1.2  1.1  0.50000139489   4.18467004883e-07  0.499998186643  -1.0  -1.3  3.62671404092e-06  8.36934009766e-07  1840.0  6.30679671236  -1.31773664808  -2.51773193335
0.1   -1.2  1.1  0.500000697445  1.39489001563e-06  0.499997907665  -1.0  -1.3  4.18467004706e-06  2.78978003125e-06  1850.0  6.27270591932  -1.31773401875  -2.51772620736
0.1   -1.2  1.1  0.500002092335  0.0                0.499997907665  -1.0  -1.3  4.18467004693e-06  0.0                1860.0  6.23898169395  -1.31773697375  -2.51773278908
0.1   -1.2  1.1  0.500000976423  5.57956005859e-07  0.499998465621  -1.0  -1.3  3.06875803437e-06  1.11591201172e-06  1870.0  6.20561815548  -1.31773691342  -2.51773239397
0.1   -1.2  1.1  0.500001813357  0.0                0.499998186643  -1.0  -1.3  3.62671404108e-06  0.0                1880.0  6.17260954827  -1.31773753458  -2.51773390787
0.1   -1.2  1.1  0.500002371313  2.7897800293e-07   0.499997349709  -1.0  -1.3  5.30058205951e-06  5.57956005859e-07  1890.0  6.13995023849  -1.31773526108  -2.51772923516
0.1   -1.2  1.1  0.500001813357  0.0                0.499998186643  -1.0  -1.3  3.62671404108e-06  0.0                1900.0  6.10763471092  -1.31773753458  -2.51773390787
0.1   -1.2  1.1  0.500002510802  0.0                0.499997489198  -1.0  -1.3  5.02160405658e-06  0.0                1910.0  6.07565756584  -1.3177361325   -2.5177311109
0.1   -1.2  1.1  0.500001813357  1.39489001953e-07  0.499998047154  -1.0  -1.3  3.90569204494e-06  2.78978003906e-07  1920.0  6.04401351602  -1.31773695867  -2.5177326903
0.1   -1.2  1.1  0.500001813357  2.7897800293e-07   0.499997907665  -1.0  -1.3  4.18467004693e-06  5.57956005859e-07  1930.0  6.01269738381  -1.31773638275  -2.51773147274
0.1   -1.2  1.1  0.500004463648  4.18467004883e-07  0.499995117885  -1.0  -1.3  9.7642301094e-06   8.36934009766e-07  1940.0  5.98170409833  -1.31773047892  -2.51771962667
0.1   -1.2  1.1  0.500001115912  8.36934009766e-07  0.499998047154  -1.0  -1.3  3.90569204478e-06  1.67386801953e-06  1950.0  5.95102869269  -1.31773548116  -2.51772939944
0.1   -1.2  1.1  0.500003487225  4.18467004883e-07  0.499996094308  -1.0  -1.3  7.81138408784e-06  8.36934009766e-07  1960.0  5.9206663014   -1.31773244183  -2.51772354243
0.1   -1.2  1.1  0.500001952846  6.97445007813e-07  0.499997349709  -1.0  -1.3  5.30058206045e-06  1.39489001563e-06  1970.0  5.89061215774  -1.31773437406  -2.51772726012
0.1   -1.2  1.1  0.500003347736  1.39489001953e-07  0.499996512775  -1.0  -1.3  6.97445007918e-06  2.78978003906e-07  1980.0  5.86086159129  -1.31773387408  -2.51772653696
0.1   -1.2  1.1  0.500003208247  2.7897800293e-07   0.499996512775  -1.0  -1.3  6.97445007803e-06  5.57956005859e-07  1990.0  5.8314100255   -1.31773357858  -2.51772587879
0.1   -1.2  1.1  0.500003766203  1.39489001953e-07  0.499996094308  -1.0  -1.3  7.81138408783e-06  2.78978003906e-07  2000.0  5.80225297537  -1.31773303283  -2.51772485878
0.1   -1.2  1.1  0.500004463648  4.18467004883e-07  0.499995117885  -1.0  -1.3  9.7642301094e-06   8.36934009766e-07  2010.0  5.77338604515  -1.31773047892  -2.51771962667
0.1   -1.2  1.1  0.500003487225  4.18467004883e-07  0.499996094308  -1.0  -1.3  7.81138408784e-06  8.36934009766e-07  2020.0  5.74480492611  -1.31773244183  -2.51772354243
0.1   -1.2  1.1  0.500003766203  4.18467004883e-07  0.49999581533   -1.0  -1.3  8.36934009369e-06  8.36934009766e-07  2030.0  5.71650539446  -1.317731881    -2.51772242364
0.1   -1.2  1.1  0.500005300582  5.57956005859e-07  0.499994141462  -1.0  -1.3  1.17170761318e-05  1.11591201172e-06  2040.0  5.68848330919  -1.3177282205   -2.51771505274
0.1   -1.2  1.1  0.500005300582  5.57956005859e-07  0.499994141462  -1.0  -1.3  1.17170761318e-05  1.11591201172e-06  2050.0  5.66073461012  -1.3177282205   -2.51771505274
0.1   -1.2  1.1  0.500005998027  1.1159120127e-06   0.499992886061  -1.0  -1.3  1.42278781602e-05  2.23182402539e-06  2060.0  5.6332553159   -1.31772451475  -2.5177073855
0.1   -1.2  1.1  0.500007253428  0.0                0.499992746572  -1.0  -1.3  1.45068561642e-05  0.0                2070.0  5.6060415221   -1.31772659833  -2.51771209148
0.1   -1.2  1.1  0.500005998027  5.57956005859e-07  0.499993444017  -1.0  -1.3  1.31119661475e-05  1.11591201172e-06  2080.0  5.5790893994   -1.31772681842  -2.51771225576
0.1   -1.2  1.1  0.500008090362  2.7897800293e-07   0.49999163066   -1.0  -1.3  1.67386801886e-05  5.57956005859e-07  2090.0  5.55239519175  -1.317723764    -2.51770629998
0.1   -1.2  1.1  0.500007811384  8.36934009766e-07  0.499991351682  -1.0  -1.3  1.72966361954e-05  1.67386801953e-06  2100.0  5.52595521464  -1.31772202116  -2.5177025485
0.1   -1.2  1.1  0.500005161093  1.25540101367e-06  0.499993583506  -1.0  -1.3  1.28329881447e-05  2.51080202734e-06  2110.0  5.49976585344  -1.31772562133  -2.5177095243
0.1   -1.2  1.1  0.500005440071  1.95284602246e-06  0.499992607083  -1.0  -1.3  1.4785834167e-05   3.90569204492e-06  2120.0  5.47382356168  -1.31772218091  -2.51770231768
0.1   -1.2  1.1  0.500010601164  5.57956005859e-07  0.49998884088   -1.0  -1.3  2.23182402508e-05  1.11591201172e-06  2130.0  5.44812485951  -1.31771756467  -2.51769379574
0.1   -1.2  1.1  0.500007253428  8.36934009766e-07  0.499991909638  -1.0  -1.3  1.61807241827e-05  1.67386801953e-06  2140.0  5.42266633213  -1.31772314283  -2.51770478608
0.1   -1.2  1.1  0.500006416494  4.18467004883e-07  0.499993165039  -1.0  -1.3  1.36699221543e-05  8.36934009766e-07  2150.0  5.39744462826  -1.31772655308  -2.51771179515
0.1   -1.2  1.1  0.500010182697  2.51080202832e-06  0.499987306501  -1.0  -1.3  2.53869982853e-05  5.02160405664e-06  2160.0  5.37245645868  -1.31771034308  -2.51767842799
0.1   -1.2  1.1  0.500011019631  6.97445007813e-07  0.499988282924  -1.0  -1.3  2.34341522636e-05  1.39489001563e-06  2170.0  5.34769859482  -1.3177161475   -2.51769089999
0.1   -1.2  1.1  0.500009485252  1.67386801855e-06  0.49998884088   -1.0  -1.3  2.23182402509e-05  3.34773603711e-06  2180.0  5.32316786732  -1.31771520066  -2.51768853037
0.1   -1.2  1.1  0.500012832988  2.51080202832e-06  0.49998465621   -1.0  -1.3  3.06875803458e-05  5.02160405664e-06  2190.0  5.29886116473  -1.31770501516  -2.5176677995
0.1   -1.2  1.1  0.500013390944  9.76423010742e-07  0.499985632633  -1.0  -1.3  2.87347343233e-05  1.95284602148e-06  2200.0  5.27477543216  -1.31771022858  -2.51767895515
0.1   -1.2  1.1  0.50001673868   2.51080202832e-06  0.499980750518  -1.0  -1.3  3.84989644338e-05  5.02160405664e-06  2210.0  5.25090767002  -1.31769716349  -2.51765213644
0.1   -1.2  1.1  0.500011298609  2.51080202832e-06  0.499986190589  -1.0  -1.3  2.76188223105e-05  5.02160405664e-06  2220.0  5.22725493277  -1.31770809974  -2.51767395284
0.1   -1.2  1.1  0.50000976423   2.78978003125e-06  0.49998744599   -1.0  -1.3  2.51080202831e-05  5.5795600625e-06   2230.0  5.20381432769  -1.31771003249  -2.51767767105
0.1   -1.2  1.1  0.500014088389  1.67386801855e-06  0.499984237743  -1.0  -1.3  3.15245143555e-05  3.34773603711e-06  2240.0  5.18058301373  -1.31770594691  -2.51767007034
0.1   -1.2  1.1  0.50001534379   1.81335702051e-06  0.499982842853  -1.0  -1.3  3.43142943868e-05  3.62671404102e-06  2250.0  5.15755820033  -1.31770284725  -2.51766381822
0.1   -1.2  1.1  0.500011856565  4.0451810459e-06   0.499984098254  -1.0  -1.3  3.18034923583e-05  8.0903620918e-06   2260.0  5.13473714635  -1.31770064299  -2.51765832203
0.1   -1.2  1.1  0.500012972477  3.20824703613e-06  0.499983819276  -1.0  -1.3  3.23614483653e-05  6.41649407227e-06  2270.0  5.11211715892  -1.31770185516  -2.51766115227
0.1   -1.2  1.1  0.500017157147  3.62671404102e-06  0.499979216139  -1.0  -1.3  4.15677224688e-05  7.25342808203e-06  2280.0  5.08969559243  -1.31769171491  -2.51764071773
0.1   -1.2  1.1  0.500014506856  2.78978003125e-06  0.499982703364  -1.0  -1.3  3.45932723886e-05  5.5795600625e-06   2290.0  5.06746984749  -1.31770049833  -2.51765865163
0.1   -1.2  1.1  0.500017575614  2.09233502344e-06  0.499980332051  -1.0  -1.3  3.93358984434e-05  4.18467004688e-06  2300.0  5.04543736989  -1.31769721653  -2.51765244056
0.1   -1.2  1.1  0.500021062839  3.06875803418e-06  0.499975868403  -1.0  -1.3  4.82631945429e-05  6.13751606836e-06  2310.0  5.02359564968  -1.31768616701  -2.51762992505
0.1   -1.2  1.1  0.500016180724  4.60313705176e-06  0.499979216139  -1.0  -1.3  4.15677224689e-05  9.20627410352e-06  2320.0  5.00194222015  -1.31768964641  -2.51763611053
0.1   -1.2  1.1  0.500022039262  4.4636480498e-06   0.49997349709   -1.0  -1.3  5.30058205967e-05  8.92729609961e-06  2330.0  4.98047465697  -1.31767844482  -2.51761383352
0.1   -1.2  1.1  0.500022178751  2.9292690332e-06   0.49997489198   -1.0  -1.3  5.02160405664e-05  5.85853806641e-06  2340.0  4.95919057724  -1.31768449949  -2.51762666735
0.1   -1.2  1.1  0.500013251455  4.60313705176e-06  0.499982145408  -1.0  -1.3  3.57091844023e-05  9.20627410352e-06  2350.0  4.93808763862  -1.31769553544  -2.5176478581
0.1   -1.2  1.1  0.500024131597  3.76620304199e-06  0.4999721022    -1.0  -1.3  5.57956006281e-05  7.53240608398e-06  2360.0  4.91716353845  -1.31767711816  -2.51761153043
0.1   -1.2  1.1  0.500026223932  4.88211505469e-06  0.499968893953  -1.0  -1.3  6.22120947003e-05  9.76423010938e-06  2370.0  4.89641601298  -1.31766830544  -2.51759339985
0.1   -1.2  1.1  0.500025526487  4.88211505469e-06  0.499969591398  -1.0  -1.3  6.08172046846e-05  9.76423010938e-06  2380.0  4.87584283645  -1.31766970666  -2.51759619595
0.1   -1.2  1.1  0.500020504883  5.71904906445e-06  0.499973776068  -1.0  -1.3  5.24478645907e-05  1.14380981289e-05  2390.0  4.8554418204   -1.31767635106  -2.51760903367
0.1   -1.2  1.1  0.500030269113  5.44007106152e-06  0.499964290816  -1.0  -1.3  7.14183688045e-05  1.0880142123e-05   2400.0  4.83521081281  -1.31765787063  -2.51757230808
