#mu0  mu1   mu2  x0              x1                 x2              mua   mub   xa                 xb                 T       b              u               phi
0.2   -1.2  1.0  0.5             0.0                0.5             -0.8  -1.4  0.0                0.0                30.0    386.816865025  -1.31774118     -2.51774118
0.2   -1.2  1.0  0.5             0.0                0.5             -0.8  -1.4  0.0                0.0                40.0    290.112648769  -1.31774118     -2.51774118
0.2   -1.2  1.0  0.5             0.0                0.5             -0.8  -1.4  0.0                0.0                50.0    232.090119015  -1.31774118     -2.51774118
0.2   -1.2  1.0  0.5             0.0                0.5             -0.8  -1.4  0.0                0.0                60.0    193.408432513  -1.31774118     -2.51774118
0.2   -1.2  1.0  0.5             0.0                0.5             -0.8  -1.4  0.0                0.0                70.0    165.778656439  -1.31774118     -2.51774118
0.2   -1.2  1.0  0.5             0.0                0.5             -0.8  -1.4  0.0                0.0                80.0    145.056324384  -1.31774118     -2.51774118
0.2   -1.2  1.0  0.5             0.0                0.5             -0.8  -1.4  0.0                0.0                90.0    128.938955008  -1.31774118     -2.51774118
0.2   -1.2  1.0  0.5             0.0                0.5             -0.8  -1.4  0.0                0.0                100.0   116.045059507  -1.31774118     -2.51774118
0.2   -1.2  1.0  0.5             0.0                0.5             -0.8  -1.4  0.0                0.0                110.0   105.495508643  -1.31774118     -2.51774118
0.2   -1.2  1.0  0.5             0.0                0.5             -0.8  -1.4  0.0                0.0                120.0   96.7042162563  -1.31774118     -2.51774118
0.2   -1.2  1.0  0.5             0.0                0.5             -0.8  -1.4  0.0                0.0                130.0   89.2654303904  -1.31774118     -2.51774118
0.2   -1.2  1.0  0.5             0.0                0.5             -0.8  -1.4  0.0                0.0                140.0   82.8893282196  -1.31774118     -2.51774118
0.2   -1.2  1.0  0.5             0.0                0.5             -0.8  -1.4  0.0                0.0                150.0   77.363373005   -1.31774118     -2.51774118
0.2   -1.2  1.0  0.5             0.0                0.5             -0.8  -1.4  0.0                0.0                160.0   72.5281621922  -1.31774118     -2.51774118
0.2   -1.2  1.0  0.5             0.0                0.5             -0.8  -1.4  0.0                0.0                170.0   68.2617997103  -1.31774118     -2.51774118
0.2   -1.2  1.0  0.5             0.0                0.5             -0.8  -1.4  0.0                0.0                180.0   64.4694775042  -1.31774118     -2.51774118
0.2   -1.2  1.0  0.5             0.0                0.5             -0.8  -1.4  0.0                0.0                190.0   61.0763471092  -1.31774118     -2.51774118
0.2   -1.2  1.0  0.5             0.0                0.5             -0.8  -1.4  0.0                0.0                200.0   58.0225297537  -1.31774118     -2.51774118
0.2   -1.2  1.0  0.5             0.0                0.5             -0.8  -1.4  0.0                0.0                210.0   55.2595521464  -1.31774118     -2.51774118
0.2   -1.2  1.0  0.5             0.0                0.5             -0.8  -1.4  0.0                0.0                220.0   52.7477543216  -1.31774118     -2.51774118
0.2   -1.2  1.0  0.5             0.0                0.5             -0.8  -1.4  0.0                0.0                230.0   50.4543736989  -1.31774118     -2.51774118
0.2   -1.2  1.0  0.5             0.0                0.5             -0.8  -1.4  0.0                0.0                240.0   48.3521081281  -1.31774118     -2.51774118
0.2   -1.2  1.0  0.5             0.0                0.5             -0.8  -1.4  0.0                0.0                250.0   46.418023803   -1.31774118     -2.51774118
0.2   -1.2  1.0  0.5             0.0                0.5             -0.8  -1.4  0.0                0.0                260.0   44.6327151952  -1.31774118     -2.51774118
0.2   -1.2  1.0  0.5             0.0                0.5             -0.8  -1.4  0.0                0.0                270.0   42.9796516694  -1.31774118     -2.51774118
0.2   -1.2  1.0  0.5             0.0                0.5             -0.8  -1.4  0.0                0.0                280.0   41.4446641098  -1.31774118     -2.51774118
0.2   -1.2  1.0  0.5             0.0                0.5             -0.8  -1.4  0.0                0.0                290.0   40.0155377612  -1.31774118     -2.51774118
0.2   -1.2  1.0  0.5             0.0                0.5             -0.8  -1.4  0.0                0.0                300.0   38.6816865025  -1.31774118     -2.51774118
0.2   -1.2  1.0  0.5             0.0                0.5             -0.8  -1.4  0.0                0.0                310.0   37.4338901637  -1.31774118     -2.51774118
0.2   -1.2  1.0  0.5             0.0                0.5             -0.8  -1.4  0.0                0.0                320.0   36.2640810961  -1.31774118     -2.51774118
0.2   -1.2  1.0  0.5             0.0                0.5             -0.8  -1.4  0.0                0.0                330.0   35.1651695477  -1.31774118     -2.51774118
0.2   -1.2  1.0  0.5             0.0                0.5             -0.8  -1.4  0.0                0.0                340.0   34.1308998551  -1.31774118     -2.51774118
0.2   -1.2  1.0  0.5             0.0                0.5             -0.8  -1.4  0.0                0.0                350.0   33.1557312879  -1.31774118     -2.51774118
0.2   -1.2  1.0  0.5             0.0                0.5             -0.8  -1.4  0.0                0.0                360.0   32.2347387521  -1.31774118     -2.51774118
0.2   -1.2  1.0  0.5             0.0                0.5             -0.8  -1.4  0.0                0.0                370.0   31.3635295966  -1.31774118     -2.51774118
0.2   -1.2  1.0  0.5             0.0                0.5             -0.8  -1.4  0.0                0.0                380.0   30.5381735546  -1.31774118     -2.51774118
0.2   -1.2  1.0  0.5             0.0                0.5             -0.8  -1.4  0.0                0.0                390.0   29.7551434635  -1.31774118     -2.51774118
0.2   -1.2  1.0  0.5             0.0                0.5             -0.8  -1.4  0.0                0.0                400.0   29.0112648769  -1.31774118     -2.51774118
0.2   -1.2  1.0  0.5             0.0                0.5             -0.8  -1.4  0.0                0.0                410.0   28.3036730506  -1.31774118     -2.51774118
0.2   -1.2  1.0  0.5             0.0                0.5             -0.8  -1.4  0.0                0.0                420.0   27.6297760732  -1.31774118     -2.51774118
0.2   -1.2  1.0  0.5             0.0                0.5             -0.8  -1.4  0.0                0.0                430.0   26.9872231413  -1.31774118     -2.51774118
0.2   -1.2  1.0  0.5             0.0                0.5             -0.8  -1.4  0.0                0.0                440.0   26.3738771608  -1.31774118     -2.51774118
0.2   -1.2  1.0  0.5             0.0                0.5             -0.8  -1.4  0.0                0.0                450.0   25.7877910017  -1.31774118     -2.51774118
0.2   -1.2  1.0  0.5             0.0                0.5             -0.8  -1.4  0.0                0.0                460.0   25.2271868495  -1.31774118     -2.51774118
0.2   -1.2  1.0  0.5             0.0                0.5             -0.8  -1.4  0.0                0.0                470.0   24.6904381931  -1.31774118     -2.51774118
0.2   -1.2  1.0  0.5             0.0                0.5             -0.8  -1.4  0.0                0.0                480.0   24.1760540641  -1.31774118     -2.51774118
0.2   -1.2  1.0  0.5             0.0                0.5             -0.8  -1.4  0.0                0.0                490.0   23.6826652056  -1.31774118     -2.51774118
0.2   -1.2  1.0  0.5             0.0                0.5             -0.8  -1.4  0.0                0.0                500.0   23.2090119015  -1.31774118     -2.51774118
0.2   -1.2  1.0  0.5             0.0                0.5             -0.8  -1.4  0.0                0.0                510.0   22.7539332368  -1.31774118     -2.51774118
0.2   -1.2  1.0  0.5             0.0                0.5             -0.8  -1.4  0.0                0.0                520.0   22.3163575976  -1.31774118     -2.51774118
0.2   -1.2  1.0  0.5             0.0                0.5             -0.8  -1.4  0.0                0.0                530.0   21.8952942467  -1.31774118     -2.51774118
0.2   -1.2  1.0  0.5             0.0                0.5             -0.8  -1.4  0.0                0.0                540.0   21.4898258347  -1.31774118     -2.51774118
0.2   -1.2  1.0  0.5             0.0                0.5             -0.8  -1.4  0.0                0.0                550.0   21.0991017286  -1.31774118     -2.51774118
0.2   -1.2  1.0  0.5             0.0                0.5             -0.8  -1.4  0.0                0.0                560.0   20.7223320549  -1.31774118     -2.51774118
0.2   -1.2  1.0  0.5             0.0                0.5             -0.8  -1.4  0.0                0.0                570.0   20.3587823697  -1.31774118     -2.51774118
0.2   -1.2  1.0  0.5             0.0                0.5             -0.8  -1.4  0.0                0.0                580.0   20.0077688806  -1.31774118     -2.51774118
0.2   -1.2  1.0  0.5             0.0                0.5             -0.8  -1.4  0.0                0.0                590.0   19.6686541538  -1.31774118     -2.51774118
0.2   -1.2  1.0  0.5             0.0                0.5             -0.8  -1.4  0.0                0.0                600.0   19.3408432512  -1.31774118     -2.51774118
0.2   -1.2  1.0  0.5             0.0                0.5             -0.8  -1.4  0.0                0.0                610.0   19.0237802471  -1.31774118     -2.51774118
0.2   -1.2  1.0  0.5             0.0                0.5             -0.8  -1.4  0.0                0.0                620.0   18.7169450819  -1.31774118     -2.51774118
0.2   -1.2  1.0  0.5             0.0                0.5             -0.8  -1.4  0.0                0.0                630.0   18.4198507155  -1.31774118     -2.51774118
0.2   -1.2  1.0  0.5             0.0                0.5             -0.8  -1.4  0.0                0.0                640.0   18.132040548   -1.31774118     -2.51774118
0.2   -1.2  1.0  0.5             0.0                0.5             -0.8  -1.4  0.0                0.0                650.0   17.8530860781  -1.31774118     -2.51774118
0.2   -1.2  1.0  0.5             0.0                0.5             -0.8  -1.4  0.0                0.0                660.0   17.5825847739  -1.31774118     -2.51774118
0.2   -1.2  1.0  0.5             0.0                0.5             -0.8  -1.4  0.0                0.0                670.0   17.3201581354  -1.31774118     -2.51774118
0.2   -1.2  1.0  0.5             0.0                0.5             -0.8  -1.4  0.0                0.0                680.0   17.0654499276  -1.31774118     -2.51774118
0.2   -1.2  1.0  0.5             0.0                0.5             -0.8  -1.4  0.0                0.0                690.0   16.8181245663  -1.31774118     -2.51774118
0.2   -1.2  1.0  0.5             0.0                0.5             -0.8  -1.4  0.0                0.0                700.0   16.5778656439  -1.31774118     -2.51774118
0.2   -1.2  1.0  0.5             0.0                0.5             -0.8  -1.4  0.0                0.0                710.0   16.3443745785  -1.31774118     -2.51774118
0.2   -1.2  1.0  0.5             0.0                0.5             -0.8  -1.4  0.0                0.0                720.0   16.117369376   -1.31774118     -2.51774118
0.2   -1.2  1.0  0.5             0.0                0.5             -0.8  -1.4  0.0                0.0                730.0   15.8965834942  -1.31774118     -2.51774118
0.2   -1.2  1.0  0.5             0.0                0.5             -0.8  -1.4  0.0                0.0                740.0   15.6817647983  -1.31774118     -2.51774118
0.2   -1.2  1.0  0.5             0.0                0.5             -0.8  -1.4  0.0                0.0                750.0   15.472674601   -1.31774118     -2.51774118
0.2   -1.2  1.0  0.5             0.0                0.5             -0.8  -1.4  0.0                0.0                760.0   15.2690867773  -1.31774118     -2.51774118
0.2   -1.2  1.0  0.5             0.0                0.5             -0.8  -1.4  0.0                0.0                770.0   15.070786949   -1.31774118     -2.51774118
0.2   -1.2  1.0  0.5             0.0                0.5             -0.8  -1.4  0.0                0.0                780.0   14.8775717317  -1.31774118     -2.51774118
0.2   -1.2  1.0  0.5             0.0                0.5             -0.8  -1.4  0.0                0.0                790.0   14.6892480389  -1.31774118     -2.51774118
0.2   -1.2  1.0  0.5             0.0                0.5             -0.8  -1.4  0.0                0.0                800.0   14.5056324384  -1.31774118     -2.51774118
0.2   -1.2  1.0  0.5             0.0                0.5             -0.8  -1.4  0.0                0.0                810.0   14.3265505565  -1.31774118     -2.51774118
0.2   -1.2  1.0  0.5             0.0                0.5             -0.8  -1.4  0.0                0.0                820.0   14.1518365253  -1.31774118     -2.51774118
0.2   -1.2  1.0  0.5             0.0                0.5             -0.8  -1.4  0.0                0.0                830.0   13.9813324708  -1.31774118     -2.51774118
0.2   -1.2  1.0  0.5             0.0                0.5             -0.8  -1.4  0.0                0.0                840.0   13.8148880366  -1.31774118     -2.51774118
0.2   -1.2  1.0  0.5             0.0                0.5             -0.8  -1.4  0.0                0.0                850.0   13.6523599421  -1.31774118     -2.51774118
0.2   -1.2  1.0  0.5             0.0                0.5             -0.8  -1.4  0.0                0.0                860.0   13.4936115706  -1.31774118     -2.51774118
0.2   -1.2  1.0  0.5             0.0                0.5             -0.8  -1.4  0.0                0.0                870.0   13.3385125871  -1.31774118     -2.51774118
0.2   -1.2  1.0  0.5             0.0                0.5             -0.8  -1.4  0.0                0.0                880.0   13.1869385804  -1.31774118     -2.51774118
0.2   -1.2  1.0  0.5             0.0                0.5             -0.8  -1.4  0.0                0.0                890.0   13.0387707312  -1.31774118     -2.51774118
0.2   -1.2  1.0  0.5             0.0                0.5             -0.8  -1.4  0.0                0.0                900.0   12.8938955008  -1.31774118     -2.51774118
0.2   -1.2  1.0  0.5             0.0                0.5             -0.8  -1.4  0.0                0.0                910.0   12.7522043415  -1.31774118     -2.51774118
0.2   -1.2  1.0  0.5             0.0                0.5             -0.8  -1.4  0.0                0.0                920.0   12.6135934247  -1.31774118     -2.51774118
0.2   -1.2  1.0  0.5             0.0                0.5             -0.8  -1.4  0.0                0.0                930.0   12.4779633879  -1.31774118     -2.51774118
0.2   -1.2  1.0  0.5             0.0                0.5             -0.8  -1.4  0.0                0.0                940.0   12.3452190965  -1.31774118     -2.51774118
0.2   -1.2  1.0  0.5             0.0                0.5             -0.8  -1.4  0.0                0.0                950.0   12.2152694218  -1.31774118     -2.51774118
0.2   -1.2  1.0  0.5             0.0                0.5             -0.8  -1.4  0.0                0.0                960.0   12.088027032   -1.31774118     -2.51774118
0.2   -1.2  1.0  0.5             0.0                0.5             -0.8  -1.4  0.0                0.0                970.0   11.9634081967  -1.31774118     -2.51774118
0.2   -1.2  1.0  0.5             0.0                0.5             -0.8  -1.4  0.0                0.0                980.0   11.8413326028  -1.31774118     -2.51774118
0.2   -1.2  1.0  0.5             0.0                0.5             -0.8  -1.4  0.0                0.0                990.0   11.7217231826  -1.31774118     -2.51774118
0.2   -1.2  1.0  0.5             0.0                0.5             -0.8  -1.4  0.0                0.0                1000.0  11.6045059507  -1.31774118     -2.51774118
0.2   -1.2  1.0  0.5             0.0                0.5             -0.8  -1.4  0.0                0.0                1010.0  11.4896098522  -1.31774118     -2.51774118
0.2   -1.2  1.0  0.5             0.0                0.5             -0.8  -1.4  0.0                0.0                1020.0  11.3769666184  -1.31774118     -2.51774118
0.2   -1.2  1.0  0.5             0.0                0.5             -0.8  -1.4  0.0                0.0                1030.0  11.2665106318  -1.31774118     -2.51774118
0.2   -1.2  1.0  0.5             0.0                0.5             -0.8  -1.4  0.0                0.0                1040.0  11.1581787988  -1.31774118     -2.51774118
0.2   -1.2  1.0  0.5             0.0                0.5             -0.8  -1.4  0.0                0.0                1050.0  11.0519104293  -1.31774118     -2.51774118
0.2   -1.2  1.0  0.5             0.0                0.5             -0.8  -1.4  0.0                0.0                1060.0  10.9476471233  -1.31774118     -2.51774118
0.2   -1.2  1.0  0.5             0.0                0.5             -0.8  -1.4  0.0                0.0                1070.0  10.8453326643  -1.31774118     -2.51774118
0.2   -1.2  1.0  0.5             0.0                0.5             -0.8  -1.4  0.0                0.0                1080.0  10.7449129174  -1.31774118     -2.51774118
0.2   -1.2  1.0  0.5             0.0                0.5             -0.8  -1.4  0.0                0.0                1090.0  10.6463357346  -1.31774118     -2.51774118
0.2   -1.2  1.0  0.5             0.0                0.5             -0.8  -1.4  0.0                0.0                1100.0  10.5495508643  -1.31774118     -2.51774118
0.2   -1.2  1.0  0.5             0.0                0.5             -0.8  -1.4  0.0                0.0                1110.0  10.4545098655  -1.31774118     -2.51774118
0.2   -1.2  1.0  0.5             0.0                0.5             -0.8  -1.4  0.0                0.0                1120.0  10.3611660275  -1.31774118     -2.51774118
0.2   -1.2  1.0  0.5             0.0                0.5             -0.8  -1.4  0.0                0.0                1130.0  10.2694742927  -1.31774118     -2.51774118
0.2   -1.2  1.0  0.5             0.0                0.5             -0.8  -1.4  0.0                0.0                1140.0  10.1793911849  -1.31774118     -2.51774118
0.2   -1.2  1.0  0.5             0.0                0.5             -0.8  -1.4  0.0                0.0                1150.0  10.0908747398  -1.31774118     -2.51774118
0.2   -1.2  1.0  0.5             0.0                0.5             -0.8  -1.4  0.0                0.0                1160.0  10.0038844403  -1.31774118     -2.51774118
0.2   -1.2  1.0  0.5             0.0                0.5             -0.8  -1.4  0.0                0.0                1170.0  9.91838115449  -1.31774118     -2.51774118
0.2   -1.2  1.0  0.5             0.0                0.5             -0.8  -1.4  0.0                0.0                1180.0  9.83432707691  -1.31774118     -2.51774118
0.2   -1.2  1.0  0.5             0.0                0.5             -0.8  -1.4  0.0                0.0                1190.0  9.7516856729   -1.31774118     -2.51774118
0.2   -1.2  1.0  0.5             0.0                0.5             -0.8  -1.4  0.0                0.0                1200.0  9.67042162562  -1.31774118     -2.51774118
0.2   -1.2  1.0  0.500000139489  0.0                0.499999860511  -0.8  -1.4  2.78978003809e-07  0.0                1210.0  9.59050078574  -1.31774089958  -2.5177406764
0.2   -1.2  1.0  0.5             0.0                0.5             -0.8  -1.4  0.0                0.0                1220.0  9.51189012357  -1.31774118     -2.51774118
0.2   -1.2  1.0  0.500000139489  0.0                0.499999860511  -0.8  -1.4  2.78978003809e-07  0.0                1230.0  9.43455768354  -1.31774089958  -2.5177406764
0.2   -1.2  1.0  0.5             0.0                0.5             -0.8  -1.4  0.0                0.0                1240.0  9.35847254093  -1.31774118     -2.51774118
0.2   -1.2  1.0  0.5             0.0                0.5             -0.8  -1.4  0.0                0.0                1250.0  9.2836047606   -1.31774118     -2.51774118
0.2   -1.2  1.0  0.5             0.0                0.5             -0.8  -1.4  0.0                0.0                1260.0  9.20992535774  -1.31774118     -2.51774118
0.2   -1.2  1.0  0.5             0.0                0.5             -0.8  -1.4  0.0                0.0                1270.0  9.13740626043  -1.31774118     -2.51774118
0.2   -1.2  1.0  0.5             0.0                0.5             -0.8  -1.4  0.0                0.0                1280.0  9.06602027402  -1.31774118     -2.51774118
0.2   -1.2  1.0  0.500000278978  0.0                0.499999721022  -0.8  -1.4  5.57956005842e-07  0.0                1290.0  8.99574104709  -1.31774061917  -2.5177401728
0.2   -1.2  1.0  0.5             0.0                0.5             -0.8  -1.4  0.0                0.0                1300.0  8.92654303904  -1.31774118     -2.51774118
0.2   -1.2  1.0  0.5             0.0                0.5             -0.8  -1.4  0.0                0.0                1310.0  8.85840148912  -1.31774118     -2.51774118
0.2   -1.2  1.0  0.500000278978  0.0                0.499999721022  -0.8  -1.4  5.57956005842e-07  0.0                1320.0  8.79129238693  -1.31774061917  -2.5177401728
0.2   -1.2  1.0  0.500000139489  0.0                0.499999860511  -0.8  -1.4  2.78978003809e-07  0.0                1330.0  8.72519244417  -1.31774089958  -2.5177406764
0.2   -1.2  1.0  0.5             0.0                0.5             -0.8  -1.4  0.0                0.0                1340.0  8.66007906772  -1.31774118     -2.51774118
0.2   -1.2  1.0  0.5             0.0                0.5             -0.8  -1.4  0.0                0.0                1350.0  8.59593033389  -1.31774118     -2.51774118
0.2   -1.2  1.0  0.500000139489  0.0                0.499999860511  -0.8  -1.4  2.78978003809e-07  0.0                1360.0  8.53272496379  -1.31774089958  -2.5177406764
0.2   -1.2  1.0  0.5             0.0                0.5             -0.8  -1.4  0.0                0.0                1370.0  8.47044229982  -1.31774118     -2.51774118
0.2   -1.2  1.0  0.5             0.0                0.5             -0.8  -1.4  0.0                0.0                1380.0  8.40906228315  -1.31774118     -2.51774118
0.2   -1.2  1.0  0.5             0.0                0.5             -0.8  -1.4  0.0                0.0                1390.0  8.34856543219  -1.31774118     -2.51774118
0.2   -1.2  1.0  0.5             0.0                0.5             -0.8  -1.4  0.0                0.0                1400.0  8.28893282196  -1.31774118     -2.51774118
0.2   -1.2  1.0  0.500000278978  0.0                0.499999721022  -0.8  -1.4  5.57956005842e-07  0.0                1410.0  8.23014606436  -1.31774061917  -2.5177401728
0.2   -1.2  1.0  0.5             0.0                0.5             -0.8  -1.4  0.0                0.0                1420.0  8.17218728926  -1.31774118     -2.51774118
0.2   -1.2  1.0  0.5             0.0                0.5             -0.8  -1.4  0.0                0.0                1430.0  8.1150391264   -1.31774118     -2.51774118
0.2   -1.2  1.0  0.500000139489  0.0                0.499999860511  -0.8  -1.4  2.78978003809e-07  0.0                1440.0  8.05868468802  -1.31774089958  -2.5177406764
0.2   -1.2  1.0  0.5             0.0                0.5             -0.8  -1.4  0.0                0.0                1450.0  8.00310755224  -1.31774118     -2.51774118
0.2   -1.2  1.0  0.500000418467  0.0                0.499999581533  -0.8  -1.4  8.36934009874e-07  0.0                1460.0  7.94829174709  -1.31774033875  -2.5177396692
0.2   -1.2  1.0  0.500000139489  0.0                0.499999860511  -0.8  -1.4  2.78978003809e-07  0.0                1470.0  7.8942217352   -1.31774089958  -2.5177406764
0.2   -1.2  1.0  0.500000139489  0.0                0.499999860511  -0.8  -1.4  2.78978003809e-07  0.0                1480.0  7.84088239916  -1.31774089958  -2.5177406764
0.2   -1.2  1.0  0.500000976423  0.0                0.499999023577  -0.8  -1.4  1.95284602156e-06  0.0                1490.0  7.78825902735  -1.31773921708  -2.51773765481
0.2   -1.2  1.0  0.500000139489  0.0                0.499999860511  -0.8  -1.4  2.78978003809e-07  0.0                1500.0  7.7363373005   -1.31774089958  -2.5177406764
0.2   -1.2  1.0  0.500000697445  0.0                0.499999302555  -0.8  -1.4  1.39489001572e-06  0.0                1510.0  7.68510327864  -1.31773977792  -2.517738662
0.2   -1.2  1.0  0.500000278978  0.0                0.499999721022  -0.8  -1.4  5.57956005842e-07  0.0                1520.0  7.63454338865  -1.31774061917  -2.5177401728
0.2   -1.2  1.0  0.500000557956  0.0                0.499999442044  -0.8  -1.4  1.11591201168e-06  0.0                1530.0  7.58464441225  -1.31774005833  -2.5177391656
0.2   -1.2  1.0  0.500000139489  0.0                0.499999860511  -0.8  -1.4  2.78978003809e-07  0.0                1540.0  7.53539347451  -1.31774089958  -2.5177406764
0.2   -1.2  1.0  0.500000976423  1.39489001953e-07  0.499998884088  -0.8  -1.4  2.23182402553e-06  2.78978003906e-07  1550.0  7.48677803274  -1.31773864117  -2.51773646514
0.2   -1.2  1.0  0.500000139489  0.0                0.499999860511  -0.8  -1.4  2.78978003809e-07  0.0                1560.0  7.43878586587  -1.31774089958  -2.5177406764
0.2   -1.2  1.0  0.5             0.0                0.5             -0.8  -1.4  0.0                0.0                1570.0  7.39140506417  -1.31774118     -2.51774118
0.2   -1.2  1.0  0.500000697445  0.0                0.499999302555  -0.8  -1.4  1.39489001572e-06  0.0                1580.0  7.34462401946  -1.31773977792  -2.517738662
0.2   -1.2  1.0  0.500001534379  0.0                0.499998465621  -0.8  -1.4  3.06875803524e-06  0.0                1590.0  7.29843141557  -1.31773809542  -2.51773564041
0.2   -1.2  1.0  0.50000139489   0.0                0.49999860511   -0.8  -1.4  2.7897800311e-06   0.0                1600.0  7.25281621922  -1.31773837583  -2.51773614401
0.2   -1.2  1.0  0.500002092335  0.0                0.499997907665  -0.8  -1.4  4.18467004693e-06  0.0                1610.0  7.20776767127  -1.31773697375  -2.51773362601
0.2   -1.2  1.0  0.500000418467  0.0                0.499999581533  -0.8  -1.4  8.36934009874e-07  0.0                1620.0  7.16327527824  -1.31774033875  -2.5177396692
0.2   -1.2  1.0  0.500003068758  0.0                0.499996931242  -0.8  -1.4  6.13751606826e-06  0.0                1630.0  7.11932880414  -1.31773501083  -2.51773010082
0.2   -1.2  1.0  0.500001673868  0.0                0.499998326132  -0.8  -1.4  3.34773603705e-06  0.0                1640.0  7.07591826265  -1.317737815    -2.51773513681
0.2   -1.2  1.0  0.500001115912  0.0                0.499998884088  -0.8  -1.4  2.23182402526e-06  0.0                1650.0  7.03303390954  -1.31773893667  -2.51773715121
0.2   -1.2  1.0  0.500001813357  0.0                0.499998186643  -0.8  -1.4  3.62671404108e-06  0.0                1660.0  6.99066623539  -1.31773753458  -2.51773463321
0.2   -1.2  1.0  0.500000976423  5.57956005859e-07  0.499998465621  -0.8  -1.4  3.06875803437e-06  1.11591201172e-06  1670.0  6.94880595853  -1.31773691342  -2.51773289613
0.2   -1.2  1.0  0.500001534379  1.39489001953e-07  0.499998326132  -0.8  -1.4  3.34773603821e-06  2.78978003906e-07  1680.0  6.9074440183   -1.3177375195   -2.51773445074
0.2   -1.2  1.0  0.500002371313  0.0                0.499997628687  -0.8  -1.4  4.74262605277e-06  0.0                1690.0  6.86657156849  -1.31773641292  -2.51773261882
0.2   -1.2  1.0  0.500003068758  0.0                0.499996931242  -0.8  -1.4  6.13751606826e-06  0.0                1700.0  6.82617997103  -1.31773501083  -2.51773010082
0.2   -1.2  1.0  0.500002231824  1.39489001953e-07  0.499997628687  -0.8  -1.4  4.7426260537e-06   2.78978003906e-07  1710.0  6.78626078991  -1.31773611742  -2.51773193275
0.2   -1.2  1.0  0.500001115912  0.0                0.499998884088  -0.8  -1.4  2.23182402526e-06  0.0                1720.0  6.74680578532  -1.31773893667  -2.51773715121
0.2   -1.2  1.0  0.500003347736  0.0                0.499996652264  -0.8  -1.4  6.69547207632e-06  0.0                1730.0  6.70780690795  -1.31773445     -2.51772909362
0.2   -1.2  1.0  0.500004603137  0.0                0.499995396863  -0.8  -1.4  9.2062741035e-06   0.0                1740.0  6.66925629353  -1.31773192625  -2.51772456123
0.2   -1.2  1.0  0.500005161093  0.0                0.499994838907  -0.8  -1.4  1.03221861173e-05  0.0                1750.0  6.63114625757  -1.31773080458  -2.51772254683
0.2   -1.2  1.0  0.500001813357  0.0                0.499998186643  -0.8  -1.4  3.62671404108e-06  0.0                1760.0  6.5934692902   -1.31773753458  -2.51773463321
0.2   -1.2  1.0  0.500006416494  0.0                0.499993583506  -0.8  -1.4  1.28329881446e-05  0.0                1770.0  6.55621805127  -1.31772828083  -2.51771801444
0.2   -1.2  1.0  0.500003905692  1.39489001953e-07  0.499995954819  -0.8  -1.4  8.09036209187e-06  2.78978003906e-07  1780.0  6.51938536559  -1.31773275242  -2.51772588956
0.2   -1.2  1.0  0.500004463648  0.0                0.499995536352  -0.8  -1.4  8.92729609969e-06  0.0                1790.0  6.4829642183   -1.31773220667  -2.51772506483
0.2   -1.2  1.0  0.500004463648  0.0                0.499995536352  -0.8  -1.4  8.92729609969e-06  0.0                1800.0  6.44694775042  -1.31773220667  -2.51772506483
0.2   -1.2  1.0  0.500005300582  0.0                0.499994699418  -0.8  -1.4  1.0601164119e-05   0.0                1810.0  6.41132925456  -1.31773052417  -2.51772204324
0.2   -1.2  1.0  0.50000557956   2.7897800293e-07   0.499994141462  -0.8  -1.4  1.17170761318e-05  5.57956005859e-07  1820.0  6.37610217074  -1.3177288115   -2.5177186567
0.2   -1.2  1.0  0.500005161093  0.0                0.499994838907  -0.8  -1.4  1.03221861173e-05  0.0                1830.0  6.34126008238  -1.31773080458  -2.51772254683
0.2   -1.2  1.0  0.500006695472  0.0                0.499993304528  -0.8  -1.4  1.33909441504e-05  0.0                1840.0  6.30679671236  -1.31772772     -2.51771700724
0.2   -1.2  1.0  0.500005021604  0.0                0.499994978396  -0.8  -1.4  1.00432081132e-05  0.0                1850.0  6.27270591932  -1.317731085    -2.51772305043
0.2   -1.2  1.0  0.50000557956   2.7897800293e-07   0.499994141462  -0.8  -1.4  1.17170761318e-05  5.57956005859e-07  1860.0  6.23898169395  -1.3177288115   -2.5177186567
0.2   -1.2  1.0  0.500004463648  1.39489001953e-07  0.499995396863  -0.8  -1.4  9.20627410355e-06  2.78978003906e-07  1870.0  6.20561815548  -1.31773163075  -2.51772387516
0.2   -1.2  1.0  0.500006695472  4.18467004883e-07  0.499992886061  -0.8  -1.4  1.42278781601e-05  8.36934009766e-07  1880.0  6.17260954827  -1.31772599225  -2.51771343824
0.2   -1.2  1.0  0.500006137516  1.39489001953e-07  0.499993722995  -0.8  -1.4  1.25540101417e-05  2.78978003906e-07  1890.0  6.13995023849  -1.31772826575  -2.51771783197
0.2   -1.2  1.0  0.500008787807  0.0                0.499991212193  -0.8  -1.4  1.75756141974e-05  0.0                1900.0  6.10763471092  -1.31772351375  -2.51770945326
0.2   -1.2  1.0  0.500008229851  0.0                0.499991770149  -0.8  -1.4  1.64597021854e-05  0.0                1910.0  6.07565756584  -1.31772463542  -2.51771146765
0.2   -1.2  1.0  0.500010043208  2.7897800293e-07   0.499989677814  -0.8  -1.4  2.06443722323e-05  5.57956005859e-07  1920.0  6.04401351602  -1.31771983817  -2.51770254153
0.2   -1.2  1.0  0.500010601164  0.0                0.499989398836  -0.8  -1.4  2.12023282382e-05  0.0                1930.0  6.01269738381  -1.31771986833  -2.51770290647
0.2   -1.2  1.0  0.500011856565  0.0                0.499988143435  -0.8  -1.4  2.37131302675e-05  0.0                1940.0  5.98170409833  -1.31771734458  -2.51769837408
0.2   -1.2  1.0  0.50000976423   2.7897800293e-07   0.499989956792  -0.8  -1.4  2.00864162264e-05  5.57956005859e-07  1950.0  5.95102869269  -1.317720399    -2.51770354873
0.2   -1.2  1.0  0.500016041235  1.39489001953e-07  0.499983819276  -0.8  -1.4  3.23614483652e-05  2.78978003906e-07  1960.0  5.9206663014   -1.31770835617  -2.51768207644
0.2   -1.2  1.0  0.500013251455  1.39489001953e-07  0.499986609056  -0.8  -1.4  2.67818883018e-05  2.78978003906e-07  1970.0  5.89061215774  -1.3177139645   -2.51769214842
0.2   -1.2  1.0  0.500013111966  4.18467004883e-07  0.499986469567  -0.8  -1.4  2.70608663047e-05  8.36934009766e-07  1980.0  5.86086159129  -1.31771309308  -2.51769027268
0.2   -1.2  1.0  0.5000139489    0.0                0.4999860511    -0.8  -1.4  2.78978003143e-05  0.0                1990.0  5.8314100255   -1.31771313833  -2.51769082009
0.2   -1.2  1.0  0.500012135543  6.97445007813e-07  0.499987167012  -0.8  -1.4  2.5665976289e-05   1.39489001563e-06  2000.0  5.80225297537  -1.31771390416  -2.51769141854
0.2   -1.2  1.0  0.500012832988  1.39489001563e-06  0.499985772122  -0.8  -1.4  2.84557563203e-05  2.78978003125e-06  2010.0  5.77338604515  -1.3177096225   -2.5176829522
0.2   -1.2  1.0  0.5000139489    1.39489001953e-07  0.499985911611  -0.8  -1.4  2.81767783173e-05  2.78978003906e-07  2020.0  5.74480492611  -1.31771256242  -2.51768963042
0.2   -1.2  1.0  0.500014646345  0.0                0.499985353655  -0.8  -1.4  2.92926903301e-05  0.0                2030.0  5.71650539446  -1.31771173625  -2.5176883021
0.2   -1.2  1.0  0.500016320213  4.18467004883e-07  0.49998326132   -0.8  -1.4  3.34773603769e-05  8.36934009766e-07  2040.0  5.68848330919  -1.3177066435   -2.5176786899
0.2   -1.2  1.0  0.500018831015  2.7897800293e-07   0.499980890007  -0.8  -1.4  3.82199864298e-05  5.57956005859e-07  2050.0  5.66073461012  -1.31770217192  -2.51767081479
0.2   -1.2  1.0  0.500016041235  0.0                0.499983958765  -0.8  -1.4  3.20824703612e-05  0.0                2060.0  5.6332553159   -1.31770893208  -2.51768326611
0.2   -1.2  1.0  0.50001534379   0.0                0.49998465621   -0.8  -1.4  3.06875803457e-05  0.0                2070.0  5.6060415221   -1.31771033417  -2.5176857841
0.2   -1.2  1.0  0.500019249482  1.53437901758e-06  0.499979216139  -0.8  -1.4  4.15677224686e-05  3.06875803516e-06  2080.0  5.5790893994   -1.31769614741  -2.51765859697
0.2   -1.2  1.0  0.500028595245  4.18467004883e-07  0.499970986288  -0.8  -1.4  5.80274246543e-05  8.36934009766e-07  2090.0  5.55239519175  -1.31768196683  -2.51763437318
0.2   -1.2  1.0  0.500023573641  1.53437901758e-06  0.49997489198   -0.8  -1.4  5.02160405665e-05  3.06875803516e-06  2100.0  5.52595521464  -1.31768745412  -2.51764298503
0.2   -1.2  1.0  0.500023294663  1.1159120127e-06   0.499975589425  -0.8  -1.4  4.88211505508e-05  2.23182402539e-06  2110.0  5.49976585344  -1.31768974308  -2.51764756161
0.2   -1.2  1.0  0.500027758311  5.57956005859e-07  0.499971683733  -0.8  -1.4  5.66325346379e-05  1.11591201172e-06  2120.0  5.47382356168  -1.3176830669   -2.5176361986
0.2   -1.2  1.0  0.500029571668  4.18467004883e-07  0.499970009865  -0.8  -1.4  5.99802706759e-05  8.36934009766e-07  2130.0  5.44812485951  -1.31768000391  -2.51763084799
0.2   -1.2  1.0  0.500027339844  6.97445007813e-07  0.499971962711  -0.8  -1.4  5.60745786308e-05  1.39489001563e-06  2140.0  5.42266633213  -1.31768333875  -2.51763652624
0.2   -1.2  1.0  0.500033616849  4.18467004883e-07  0.499965964684  -0.8  -1.4  6.80706327675e-05  8.36934009766e-07  2150.0  5.39744462826  -1.31767187183  -2.51761624362
0.2   -1.2  1.0  0.500029013712  1.53437901758e-06  0.499969451909  -0.8  -1.4  6.10961826884e-05  3.06875803516e-06  2160.0  5.37245645868  -1.31767652105  -2.51762334785
0.2   -1.2  1.0  0.500023155174  1.1159120127e-06   0.499975728914  -0.8  -1.4  4.85421725468e-05  2.23182402539e-06  2170.0  5.34769859482  -1.3176900235   -2.51764806521
0.2   -1.2  1.0  0.500032779915  1.1159120127e-06   0.499966104173  -0.8  -1.4  6.77916547637e-05  2.23182402539e-06  2180.0  5.32316786732  -1.317670678    -2.51761332012
0.2   -1.2  1.0  0.500034593272  2.09233502344e-06  0.499963314393  -0.8  -1.4  7.33712148263e-05  4.18467004688e-06  2190.0  5.29886116473  -1.31766299791  -2.5175984424
0.2   -1.2  1.0  0.500036964585  6.97445007813e-07  0.49996233797   -0.8  -1.4  7.53240608478e-05  1.39489001563e-06  2200.0  5.27477543216  -1.31766399181  -2.51760177972
0.2   -1.2  1.0  0.500035569695  1.81335702051e-06  0.499962616948  -0.8  -1.4  7.47661048419e-05  3.62671404102e-06  2210.0  5.25090767002  -1.31766219145  -2.51759730117
0.2   -1.2  1.0  0.500041009766  1.39489001563e-06  0.499957595344  -0.8  -1.4  8.4809312955e-05   2.78978003125e-06  2220.0  5.22725493277  -1.31765297796  -2.51758122481
0.2   -1.2  1.0  0.500039893854  1.39489001563e-06  0.499958711256  -0.8  -1.4  8.25774889297e-05  2.78978003125e-06  2230.0  5.20381432769  -1.31765522177  -2.51758525408
0.2   -1.2  1.0  0.500042683634  1.39489001563e-06  0.499955921476  -0.8  -1.4  8.81570489923e-05  2.78978003125e-06  2240.0  5.18058301373  -1.31764961758  -2.51757518625
0.2   -1.2  1.0  0.500043102101  1.81335702051e-06  0.499955084541  -0.8  -1.4  8.98309170116e-05  3.62671404102e-06  2250.0  5.15755820033  -1.3176470438   -2.51757010167
0.2   -1.2  1.0  0.500043939035  6.97445007813e-07  0.499955363519  -0.8  -1.4  8.92729610059e-05  1.39489001563e-06  2260.0  5.13473714635  -1.31764997098  -2.51757659976
0.2   -1.2  1.0  0.500049100129  8.36934009766e-07  0.499950062937  -0.8  -1.4  9.9874125125e-05   1.67386801953e-06  2270.0  5.11211715892  -1.31763902281  -2.51755678009
0.2   -1.2  1.0  0.500043660057  1.53437901758e-06  0.499954805563  -0.8  -1.4  9.03888730186e-05  3.06875803516e-06  2280.0  5.08969559243  -1.31764707631  -2.51757046895
0.2   -1.2  1.0  0.500053563777  3.76620304199e-06  0.49994267002   -0.8  -1.4  0.000114659959291  7.53240608398e-06  2290.0  5.06746984749  -1.31761794997  -2.51751567664
0.2   -1.2  1.0  0.500059980271  2.51080202832e-06  0.499937508927  -0.8  -1.4  0.000124982145408  5.02160405664e-06  2300.0  5.04543736989  -1.31761023614  -2.51750322018
0.2   -1.2  1.0  0.500055656112  1.95284602246e-06  0.499942391042  -0.8  -1.4  0.000115217915298  3.90569204492e-06  2310.0  5.02359564968  -1.31762123272  -2.51752359042
0.2   -1.2  1.0  0.500068907567  3.34773603809e-06  0.499927744697  -0.8  -1.4  0.000144510605628  6.69547207617e-06  2320.0  5.00194222015  -1.31758882773  -2.51746384558
0.2   -1.2  1.0  0.500060398738  2.78978003125e-06  0.499936811482  -0.8  -1.4  0.000126377035424  5.5795600625e-06   2330.0  4.98047465697  -1.31760825032  -2.51749933731
0.2   -1.2  1.0  0.500062491073  2.9292690332e-06   0.499934579658  -0.8  -1.4  0.000130840683475  5.85853806641e-06  2340.0  4.95919057724  -1.31760345182  -2.51749057732
0.2   -1.2  1.0  0.500063885963  3.76620304199e-06  0.499932347834  -0.8  -1.4  0.000135304331523  7.53240608398e-06  2350.0  4.93808763862  -1.31759719518  -2.51747840635
0.2   -1.2  1.0  0.500072813259  2.09233502344e-06  0.499925094406  -0.8  -1.4  0.000149811187688  4.18467004688e-06  2360.0  4.91716353845  -1.31758616513  -2.51746045764
0.2   -1.2  1.0  0.500066257276  2.37131302637e-06  0.499931371411  -0.8  -1.4  0.000137257177546  4.74262605273e-06  2370.0  4.89641601298  -1.31759819256  -2.51748174714
0.2   -1.2  1.0  0.500065559831  3.62671404102e-06  0.499930813455  -0.8  -1.4  0.000138373089559  7.25342808203e-06  2380.0  4.87584283645  -1.31759441224  -2.51747355897
0.2   -1.2  1.0  0.500067652166  4.18467004688e-06  0.499928163164  -0.8  -1.4  0.000143673671618  8.36934009375e-06  2390.0  4.8554418204   -1.31758791046  -2.51746125445
0.2   -1.2  1.0  0.50007406866   4.4636480498e-06   0.499921467692  -0.8  -1.4  0.000157064615769  8.92729609961e-06  2400.0  4.83521081281  -1.31757385235  -2.51743570244
