#mu0            mu1             mu2              x0              x1                 x2              mua  mub  xa                 xb                 T       b              u                phi
0.033333333333  0.833333333333  -0.866666666667  0.5             0.0                0.5             0.9  0.8  0.0                0.0                30.0    386.816865025  -1.31774118      -0.484407846667
0.033333333333  0.833333333333  -0.866666666667  0.5             0.0                0.5             0.9  0.8  0.0                0.0                40.0    290.112648769  -1.31774118      -0.484407846667
0.033333333333  0.833333333333  -0.866666666667  0.5             0.0                0.5             0.9  0.8  0.0                0.0                50.0    232.090119015  -1.31774118      -0.484407846667
0.033333333333  0.833333333333  -0.866666666667  0.5             0.0                0.5             0.9  0.8  0.0                0.0                60.0    193.408432513  -1.31774118      -0.484407846667
0.033333333333  0.833333333333  -0.866666666667  0.5             0.0                0.5             0.9  0.8  0.0                0.0                70.0    165.778656439  -1.31774118      -0.484407846667
0.033333333333  0.833333333333  -0.866666666667  0.5             0.0                0.5             0.9  0.8  0.0                0.0                80.0    145.056324384  -1.31774118      -0.484407846667
0.033333333333  0.833333333333  -0.866666666667  0.500001952846  0.0                0.499998047154  0.9  0.8  3.90569204489e-06  0.0                90.0    128.938955008  -1.31773725417   -0.484407435956
0.033333333333  0.833333333333  -0.866666666667  0.500002510802  0.0                0.499997489198  0.9  0.8  5.02160405658e-06  0.0                100.0   116.045059507  -1.3177361325    -0.48440731861
0.033333333333  0.833333333333  -0.866666666667  0.500008508829  0.0                0.499991491171  0.9  0.8  1.70176581915e-05  0.0                110.0   105.495508643  -1.31772407458   -0.484406057142
0.033333333333  0.833333333333  -0.866666666667  0.500017157147  0.0                0.499982842853  0.9  0.8  3.43142943868e-05  0.0                120.0   96.7042162563  -1.31770669156   -0.484404241089
0.033333333333  0.833333333333  -0.866666666667  0.500045054948  0.0                0.499954945052  0.9  0.8  9.01098950158e-05  0.0                130.0   89.2654303904  -1.31765060723   -0.4843983728
0.033333333333  0.833333333333  -0.866666666667  0.500076160995  0.0                0.499923839005  0.9  0.8  0.000152321989715  0.0                140.0   82.8893282196  -1.31758808039   -0.484391836846
0.033333333333  0.833333333333  -0.866666666667  0.500142278782  0.0                0.499857721218  0.9  0.8  0.000284557563205  0.0                150.0   77.363373005   -1.31745518906   -0.484377957538
0.033333333333  0.833333333333  -0.866666666667  0.500223461381  0.0                0.499776538619  0.9  0.8  0.000446922761034  0.0                160.0   72.5281621922  -1.31729202968   -0.484360926832
0.033333333333  0.833333333333  -0.866666666667  0.500403541682  0.0                0.499596458318  0.9  0.8  0.000807083363092  0.0                170.0   68.2617997103  -1.31693016793   -0.484323209627
0.033333333333  0.833333333333  -0.866666666667  0.500564790967  0.0                0.499435209033  0.9  0.8  0.00112958193472   0.0                180.0   64.4694775042  -1.31660628179   -0.484289572197
0.033333333333  0.833333333333  -0.866666666667  0.500855486047  0.0                0.499144513953  0.9  0.8  0.00171097209327   0.0                190.0   61.0763471092  -1.31602245389   -0.484228995437
0.033333333333  0.833333333333  -0.866666666667  0.501174636882  0.0                0.498825363118  0.9  0.8  0.00234927376446   0.0                200.0   58.0225297537  -1.31538162449   -0.484162637542
0.033333333333  0.833333333333  -0.866666666667  0.501586547904  2.7897800293e-07   0.498413173118  0.9  0.8  0.00317365376375   5.57956005859e-07  210.0   55.2595521464  -1.31455379159   -0.484077193008
0.033333333333  0.833333333333  -0.866666666667  0.501995250678  1.39489001953e-07  0.498004609833  0.9  0.8  0.00399078033495   2.78978003906e-07  220.0   52.7477543216  -1.31373439106   -0.483992983209
0.033333333333  0.833333333333  -0.866666666667  0.50265726548   4.18467004883e-07  0.497342316053  0.9  0.8  0.00531536789387   8.36934009766e-07  230.0   50.4543736989  -1.31240552099   -0.483856688311
0.033333333333  0.833333333333  -0.866666666667  0.503322349039  1.1159120127e-06   0.496676535049  0.9  0.8  0.00664692990287   2.23182402539e-06  240.0   48.3521081281  -1.31106928238   -0.483719971422
0.033333333333  0.833333333333  -0.866666666667  0.504086190812  2.78978003125e-06  0.495911019408  0.9  0.8  0.00817796118412   5.5795600625e-06   250.0   46.418023803   -1.30953247966   -0.483563775044
0.033333333333  0.833333333333  -0.866666666667  0.504959391962  6.27700507031e-06  0.495034331033  0.9  0.8  0.00993133793387   1.25540101406e-05  260.0   44.6327151952  -1.3077707335    -0.483385647511
0.033333333333  0.833333333333  -0.866666666667  0.505846402523  9.20627410352e-06  0.494144391203  0.9  0.8  0.0117112175939    1.8412548207e-05   270.0   42.9796516694  -1.30598332499   -0.48320481753
0.033333333333  0.833333333333  -0.866666666667  0.50700220839   1.72966361953e-05  0.492980494974  0.9  0.8  0.0140390100521    3.45932723906e-05  280.0   41.4446641098  -1.30364038996   -0.482969840295
0.033333333333  0.833333333333  -0.866666666667  0.507991743367  2.74793333096e-05  0.4919807773    0.9  0.8  0.0160384454007    5.49586666191e-05  290.0   40.0155377612  -1.30162151309   -0.482766747547
0.033333333333  0.833333333333  -0.866666666667  0.509325816178  3.78015194258e-05  0.490636382303  0.9  0.8  0.0187272353949    7.56030388516e-05  300.0   38.6816865025  -1.29891489662   -0.482496557577
0.033333333333  0.833333333333  -0.866666666667  0.510509380356  4.85421725469e-05  0.489442077471  0.9  0.8  0.0211158450578    9.70843450937e-05  310.0   37.4338901637  -1.29651219564   -0.482260790334
0.033333333333  0.833333333333  -0.866666666667  0.511857402068  8.56462469648e-05  0.488056951685  0.9  0.8  0.0238860966291    0.00017129249393   320.0   36.2640810961  -1.29367477909   -0.481975966719
0.033333333333  0.833333333333  -0.866666666667  0.513133447454  0.000100711059135  0.486765841487  0.9  0.8  0.0264683170261    0.00020142211827   330.0   35.1651695477  -1.29107073885   -0.48172002854
0.033333333333  0.833333333333  -0.866666666667  0.514639091737  0.00014911374268   0.48521179452   0.9  0.8  0.0295764109591    0.000298227485359  340.0   34.1308998551  -1.28787975116   -0.48140376968
0.033333333333  0.833333333333  -0.866666666667  0.516093404067  0.000195424091201  0.483711171842  0.9  0.8  0.032577656317     0.000390848182402  350.0   33.1557312879  -1.28480088747   -0.481100123368
0.033333333333  0.833333333333  -0.866666666667  0.517478111386  0.000274932822097  0.482246955792  0.9  0.8  0.0355060884159    0.000549865644193  360.0   32.2347387521  -1.28172850705   -0.480790545803
0.033333333333  0.833333333333  -0.866666666667  0.518854588853  0.000336865938795  0.480808545208  0.9  0.8  0.0383829095843    0.00067373187759   370.0   31.3635295966  -1.27874661427   -0.480496885061
0.033333333333  0.833333333333  -0.866666666667  0.520375995394  0.000456129035138  0.479167875571  0.9  0.8  0.0416642488573    0.000912258070275  380.0   30.5381735546  -1.27524682296   -0.48014112005
0.033333333333  0.833333333333  -0.866666666667  0.521773675189  0.000561582720325  0.47766474209   0.9  0.8  0.0446705158192    0.00112316544065   390.0   29.7551434635  -1.27205482127   -0.479823484526
0.033333333333  0.833333333333  -0.866666666667  0.523081803046  0.000707348726968  0.476210848227  0.9  0.8  0.0475783035459    0.00141469745394   400.0   29.0112648769  -1.26888104344   -0.479499941256
0.033333333333  0.833333333333  -0.866666666667  0.524497058456  0.000858275826668  0.474644665717  0.9  0.8  0.0507106685652    0.00171655165334   410.0   28.3036730506  -1.26547840806   -0.479157917758
0.033333333333  0.833333333333  -0.866666666667  0.525832805135  0.00108634034424   0.473080854521  0.9  0.8  0.0538382909584    0.00217268068847   420.0   27.6297760732  -1.26192781235   -0.478787085432
0.033333333333  0.833333333333  -0.866666666667  0.526973964657  0.00134188419512   0.471684151148  0.9  0.8  0.0566316977039    0.00268376839023   430.0   26.9872231413  -1.25866176449   -0.478443973806
0.033333333333  0.833333333333  -0.866666666667  0.528245964862  0.00159742804599   0.470156607092  0.9  0.8  0.0596867858163    0.00319485609199   440.0   26.3738771608  -1.25513553125   -0.478076190023
0.033333333333  0.833333333333  -0.866666666667  0.52937512833   0.00189370268533   0.468731168985  0.9  0.8  0.0625376620304    0.00378740537066   450.0   25.7877910017  -1.25173687655   -0.477717363341
0.033333333333  0.833333333333  -0.866666666667  0.530571664985  0.00223056862412   0.467197766391  0.9  0.8  0.065604467219     0.00446113724825   460.0   25.2271868495  -1.24804533847   -0.477324935433
0.033333333333  0.833333333333  -0.866666666667  0.531505822829  0.00257984908406   0.465914328087  0.9  0.8  0.0681713438259    0.00515969816812   470.0   24.6904381931  -1.24481910696   -0.476967741601
0.033333333333  0.833333333333  -0.866666666667  0.532408456158  0.00312622750321   0.464465316339  0.9  0.8  0.0710693673225    0.00625245500643   480.0   24.1760540641  -1.24091218601   -0.476543247275
0.033333333333  0.833333333333  -0.866666666667  0.515685259249  0.0436536409977    0.440661099754  0.9  0.8  0.118677800493     0.0873072819954    490.0   23.6826652056  -1.14130575848   -0.484628271182
0.033333333333  0.833333333333  -0.866666666667  0.47680423444   0.132461685161     0.390734080399  0.9  0.8  0.218531839202     0.264923370322     500.0   23.2090119015  -0.929159587422  -0.504443605628
0.033333333333  0.833333333333  -0.866666666667  0.478013046127  0.129915313437     0.392071640435  0.9  0.8  0.215856719129     0.259830626875     510.0   22.7539332368  -0.935790387711  -0.504592603094
0.033333333333  0.833333333333  -0.866666666667  0.476094653889  0.13452110078      0.389384245331  0.9  0.8  0.221231509338     0.26904220156      520.0   22.3163575976  -0.922930578772  -0.503939365091
0.033333333333  0.833333333333  -0.866666666667  0.476231213621  0.134291362395     0.389477423984  0.9  0.8  0.221045152032     0.268582724789     530.0   21.8952942467  -0.923350329317  -0.503823812644
0.033333333333  0.833333333333  -0.866666666667  0.476274455212  0.134341159968     0.38938438482   0.9  0.8  0.22123123036      0.268682319936     540.0   21.4898258347  -0.922954200238  -0.503674830178
0.033333333333  0.833333333333  -0.866666666667  0.476358148613  0.134039584747     0.38960226664   0.9  0.8  0.220795466719     0.268079169494     550.0   21.0991017286  -0.923740444883  -0.503586367192
0.033333333333  0.833333333333  -0.866666666667  0.476383814589  0.134009176144     0.389607009267  0.9  0.8  0.220785981467     0.268018352289     560.0   20.7223320549  -0.923628640907  -0.503417372726
0.033333333333  0.833333333333  -0.866666666667  0.476362054305  0.133888518158     0.389749427537  0.9  0.8  0.220501144926     0.267777036316     570.0   20.3587823697  -0.923984154044  -0.503323480197
0.033333333333  0.833333333333  -0.866666666667  0.476435704498  0.133806777603     0.389757517899  0.9  0.8  0.220484964202     0.267613555206     580.0   20.0077688806  -0.923931742407  -0.50312572102
0.033333333333  0.833333333333  -0.866666666667  0.476328716433  0.134383006669     0.389288276898  0.9  0.8  0.221423446204     0.268766013337     590.0   19.6686541538  -0.922011398554  -0.502971977475
0.033333333333  0.833333333333  -0.866666666667  0.476638242528  0.133719596977     0.389642160495  0.9  0.8  0.22071567901      0.267439193954     600.0   19.3408432512  -0.923655906988  -0.502918039927
0.033333333333  0.833333333333  -0.866666666667  0.476721377973  0.133784598852     0.389494023175  0.9  0.8  0.221011953649     0.267569197704     610.0   19.0237802471  -0.922998108485  -0.502630891599
0.033333333333  0.833333333333  -0.866666666667  0.476742022345  0.133904280415     0.38935369724   0.9  0.8  0.221292605521     0.267808560831     620.0   18.7169450819  -0.922475697871  -0.502552558171
0.033333333333  0.833333333333  -0.866666666667  0.476561384088  0.134307264141     0.389131351771  0.9  0.8  0.221737296458     0.268614528282     630.0   18.4198507155  -0.921244401024  -0.502366257128
0.033333333333  0.833333333333  -0.866666666667  0.476769083211  0.133949893319     0.38928102347   0.9  0.8  0.22143795306      0.267899786638     640.0   18.132040548   -0.921867312053  -0.502147965785
0.033333333333  0.833333333333  -0.866666666667  0.476806884731  0.134032749786     0.389160365484  0.9  0.8  0.221679269033     0.268065499571     650.0   17.8530860781  -0.921372287713  -0.502002696166
0.033333333333  0.833333333333  -0.866666666667  0.476999240064  0.133810962273     0.389189797663  0.9  0.8  0.221620404674     0.267621924546     660.0   17.5825847739  -0.921530222915  -0.501752793426
0.033333333333  0.833333333333  -0.866666666667  0.476978595692  0.133970816669     0.389050587639  0.9  0.8  0.221898824721     0.267941633338     670.0   17.3201581354  -0.920890899055  -0.501619814641
0.033333333333  0.833333333333  -0.866666666667  0.476979014159  0.134045861752     0.388975124089  0.9  0.8  0.222049751821     0.268091723504     680.0   17.0654499276  -0.920500873716  -0.501485695825
0.033333333333  0.833333333333  -0.866666666667  0.47703885494   0.133975698784     0.388985446276  0.9  0.8  0.222029107449     0.267951397568     690.0   16.8181245663  -0.920364244707  -0.501218226133
0.033333333333  0.833333333333  -0.866666666667  0.477202894006  0.133717644131     0.389079461863  0.9  0.8  0.221841076275     0.267435288262     700.0   16.5778656439  -0.920762229475  -0.501034095399
0.033333333333  0.833333333333  -0.866666666667  0.477509072365  0.133503668003     0.388987259633  0.9  0.8  0.222025480735     0.267007336006     710.0   16.3443745785  -0.920680523198  -0.50077599133
0.033333333333  0.833333333333  -0.866666666667  0.477666276469  0.133328330328     0.389005393203  0.9  0.8  0.221989213594     0.266656660656     720.0   16.117369376   -0.920751058009  -0.500533345436
0.033333333333  0.833333333333  -0.866666666667  0.477774519935  0.133231245983     0.388994234083  0.9  0.8  0.222011531835     0.266462491965     730.0   15.8965834942  -0.920697388566  -0.500344427456
0.033333333333  0.833333333333  -0.866666666667  0.477825293931  0.133271139837     0.388903566232  0.9  0.8  0.222192867537     0.266542279674     740.0   15.6817647983  -0.920259036102  -0.500133107291
0.033333333333  0.833333333333  -0.866666666667  0.478452854949  0.132589736064     0.388957408986  0.9  0.8  0.222085182028     0.265179472129     750.0   15.472674601   -0.921107070555  -0.499793978749
0.033333333333  0.833333333333  -0.866666666667  0.478402778398  0.132751822284     0.388845399318  0.9  0.8  0.222309201364     0.265503644569     760.0   15.2690867773  -0.920511191809  -0.499659055358
0.033333333333  0.833333333333  -0.866666666667  0.478487587711  0.132833283861     0.388679128428  0.9  0.8  0.222641743144     0.265666567722     770.0   15.070786949   -0.919896336794  -0.499473826468
0.033333333333  0.833333333333  -0.866666666667  0.478565422574  0.132722111127     0.388712466299  0.9  0.8  0.222575067401     0.265444222254     780.0   14.8775717317  -0.9198916291    -0.499231234231
0.033333333333  0.833333333333  -0.866666666667  0.478996722566  0.132303504633     0.3886997728    0.9  0.8  0.222600454399     0.264607009267     790.0   14.6892480389  -0.920191409103  -0.498884092142
0.033333333333  0.833333333333  -0.866666666667  0.479128121206  0.13230252821      0.388569350584  0.9  0.8  0.222861298832     0.264605056421     800.0   14.5056324384  -0.919792049974  -0.498717930726
0.033333333333  0.833333333333  -0.866666666667  0.479405146363  0.131985330221     0.388609523416  0.9  0.8  0.222780953167     0.263970660441     810.0   14.3265505565  -0.919933117166  -0.498279170037
0.033333333333  0.833333333333  -0.866666666667  0.479351582586  0.132170013659     0.388478403755  0.9  0.8  0.22304319249      0.264340027318     820.0   14.1518365253  -0.919335483962  -0.498213045723
0.033333333333  0.833333333333  -0.866666666667  0.479887638819  0.131638142096     0.388474219085  0.9  0.8  0.22305156183      0.263276284192     830.0   13.9813324708  -0.919731475619  -0.497765575287
0.033333333333  0.833333333333  -0.866666666667  0.479944410843  0.131546916289     0.388508672868  0.9  0.8  0.222982654264     0.263093832577     840.0   13.8148880366  -0.919622026735  -0.497448148301
0.033333333333  0.833333333333  -0.866666666667  0.480227294538  0.131288861636     0.388483843826  0.9  0.8  0.223032312348     0.262577723272     850.0   13.6523599421  -0.919751439892  -0.49720936629
0.033333333333  0.833333333333  -0.866666666667  0.480241801394  0.131434627642     0.388323570963  0.9  0.8  0.223352858074     0.262869255285     860.0   13.4936115706  -0.919049045195  -0.497028688356
0.033333333333  0.833333333333  -0.866666666667  0.480644227164  0.130989378749     0.388366394087  0.9  0.8  0.223267211827     0.261978757499     870.0   13.3385125871  -0.919381983663  -0.496572146973
0.033333333333  0.833333333333  -0.866666666667  0.481044142131  0.130605644506     0.388350213362  0.9  0.8  0.223299573275     0.261211289012     880.0   13.1869385804  -0.919680358855  -0.496285672679
0.033333333333  0.833333333333  -0.866666666667  0.48107650358   0.130679294699     0.388244201721  0.9  0.8  0.223511596558     0.261358589398     890.0   13.0387707312  -0.91914515604   -0.496059131127
0.033333333333  0.833333333333  -0.866666666667  0.48135450516   0.130583465755     0.388062029085  0.9  0.8  0.22387594183      0.26116693151      900.0   12.8938955008  -0.918643552632  -0.495732112153
0.033333333333  0.833333333333  -0.866666666667  0.481996294056  0.129769268453     0.388234437491  0.9  0.8  0.223531125018     0.259538536905     910.0   12.7522043415  -0.919699042622  -0.495174551329
0.033333333333  0.833333333333  -0.866666666667  0.481767392605  0.130266128276     0.387966479119  0.9  0.8  0.224067041762     0.260532256553     920.0   12.6135934247  -0.918352925694  -0.495105735188
0.033333333333  0.833333333333  -0.866666666667  0.481927944445  0.130026486172     0.388045569383  0.9  0.8  0.223908861234     0.260052972343     930.0   12.4779633879  -0.918430606465  -0.494657626116
0.033333333333  0.833333333333  -0.866666666667  0.482235378205  0.129859238859     0.387905382936  0.9  0.8  0.224189234127     0.259718477717     940.0   12.3452190965  -0.918157785719  -0.494369545274
0.033333333333  0.833333333333  -0.866666666667  0.48262441303   0.129506610663     0.387868976307  0.9  0.8  0.224262047386     0.259013221326     950.0   12.2152694218  -0.918168970404  -0.493882056779
0.033333333333  0.833333333333  -0.866666666667  0.482834622956  0.129311326061     0.387854050984  0.9  0.8  0.224291898032     0.258622652121     960.0   12.088027032   -0.91810126529   -0.493528761883
0.033333333333  0.833333333333  -0.866666666667  0.483410573043  0.128676372125     0.387913054831  0.9  0.8  0.224173890337     0.257352744251     970.0   11.9634081967  -0.918748528949  -0.493053892319
0.033333333333  0.833333333333  -0.866666666667  0.48356052372   0.128634664914     0.387804811366  0.9  0.8  0.224390377268     0.257269329828     980.0   11.8413326028  -0.918203801753  -0.492637271822
0.033333333333  0.833333333333  -0.866666666667  0.483913849361  0.128415527692     0.387670622947  0.9  0.8  0.224658754107     0.256831055385     990.0   11.7217231826  -0.917999818457  -0.492324208127
0.033333333333  0.833333333333  -0.866666666667  0.48411094732   0.128186347263     0.387702705417  0.9  0.8  0.224594589166     0.256372694526     1000.0  11.6045059507  -0.918127608915  -0.492027561451
0.033333333333  0.833333333333  -0.866666666667  0.484249738877  0.128122600789     0.387627660334  0.9  0.8  0.224744679332     0.256245201578     1010.0  11.4896098522  -0.917595252269  -0.491528291597
0.033333333333  0.833333333333  -0.866666666667  0.484199104369  0.128348433483     0.387452462148  0.9  0.8  0.225095075703     0.256696866965     1020.0  11.3769666184  -0.916797055809  -0.491406784181
0.033333333333  0.833333333333  -0.866666666667  0.4849393725    0.12771041079      0.38735021671   0.9  0.8  0.22529956658      0.255420821579     1030.0  11.2665106318  -0.916822305965  -0.490595239817
0.033333333333  0.833333333333  -0.866666666667  0.484765429715  0.128029003669     0.387205566615  0.9  0.8  0.225588866769     0.256058007338     1040.0  11.1581787988  -0.915905540811  -0.49044859344
0.033333333333  0.833333333333  -0.866666666667  0.485092949891  0.12765168592      0.387255364189  0.9  0.8  0.225489271622     0.25530337184      1050.0  11.0519104293  -0.916111284638  -0.489960993236
0.033333333333  0.833333333333  -0.866666666667  0.485438324659  0.127438686214     0.387122989127  0.9  0.8  0.225754021747     0.254877372429     1060.0  10.9476471233  -0.915682207812  -0.489429391994
0.033333333333  0.833333333333  -0.866666666667  0.485645605315  0.127203926225     0.38715046846   0.9  0.8  0.22569906308      0.25440785245      1070.0  10.8453326643  -0.915775359388  -0.489097464787
0.033333333333  0.833333333333  -0.866666666667  0.485870043119  0.127179794628     0.386950162254  0.9  0.8  0.226099675493     0.254359589255     1080.0  10.7449129174  -0.915029524272  -0.488673570286
0.033333333333  0.833333333333  -0.866666666667  0.486095178367  0.126952706533     0.3869521151    0.9  0.8  0.226095769801     0.253905413066     1090.0  10.6463357346  -0.914884569436  -0.488161759376
0.033333333333  0.833333333333  -0.866666666667  0.48669553903   0.126377314402     0.386927146568  0.9  0.8  0.226145706863     0.252754628803     1100.0  10.5495508643  -0.915115521021  -0.487517026907
0.033333333333  0.833333333333  -0.866666666667  0.486877293199  0.126418184679     0.386704522122  0.9  0.8  0.226590955756     0.252836369358     1110.0  10.4545098655  -0.914320064778  -0.487187687111
0.033333333333  0.833333333333  -0.866666666667  0.487270373206  0.126064022104     0.38666560469   0.9  0.8  0.226668790619     0.252128044208     1120.0  10.3611660275  -0.914142521775  -0.486513535366
0.033333333333  0.833333333333  -0.866666666667  0.487338722816  0.126038495617     0.386622781567  0.9  0.8  0.226754436866     0.252076991233     1130.0  10.2694742927  -0.913795926617  -0.48620317945
0.033333333333  0.833333333333  -0.866666666667  0.487508341442  0.12604086693      0.386450791628  0.9  0.8  0.227098416744     0.252081733859     1140.0  10.1793911849  -0.912890220007  -0.48561084883
0.033333333333  0.833333333333  -0.866666666667  0.487859993215  0.125841676635     0.386298330149  0.9  0.8  0.227403339701     0.251683353271     1150.0  10.0908747398  -0.912311841937  -0.484988196951
0.033333333333  0.833333333333  -0.866666666667  0.488009246447  0.125739152219     0.386251601334  0.9  0.8  0.227496797333     0.251478304439     1160.0  10.0038844403  -0.911991911123  -0.48458833894
0.033333333333  0.833333333333  -0.866666666667  0.488574176903  0.125308828649     0.386116994447  0.9  0.8  0.227766011106     0.250617657299     1170.0  9.91838115449  -0.911760099799  -0.4839103023
0.033333333333  0.833333333333  -0.866666666667  0.488834184402  0.125112707113     0.386053108485  0.9  0.8  0.227893783031     0.250225414227     1180.0  9.83432707691  -0.911297408446  -0.483248811221
0.033333333333  0.833333333333  -0.866666666667  0.489173840121  0.12484070356      0.385985456319  0.9  0.8  0.228029087363     0.24968140712      1190.0  9.7516856729   -0.91097761968   -0.482615590669
0.033333333333  0.833333333333  -0.866666666667  0.489280828185  0.124636073195     0.38608309862   0.9  0.8  0.22783380276      0.24927214639      1200.0  9.67042162562  -0.911259833373  -0.482394639635
0.033333333333  0.833333333333  -0.866666666667  0.489810746902  0.124361837818     0.38582741528   0.9  0.8  0.22834516944      0.248723675636     1210.0  9.59050078574  -0.910448004856  -0.481604264527
0.033333333333  0.833333333333  -0.866666666667  0.490186251294  0.124001956194     0.385811792512  0.9  0.8  0.228376414976     0.248003912388     1220.0  9.51189012357  -0.910157330177  -0.480765900233
0.033333333333  0.833333333333  -0.866666666667  0.490486013159  0.123928584979     0.385585401862  0.9  0.8  0.228829196276     0.247857169958     1230.0  9.43455768354  -0.909417624461  -0.480316303742
0.033333333333  0.833333333333  -0.866666666667  0.490608066035  0.123869441642     0.385522492323  0.9  0.8  0.228955015355     0.247738883285     1240.0  9.35847254093  -0.908660796741  -0.479578083855
0.033333333333  0.833333333333  -0.866666666667  0.491312764471  0.123127220665     0.385560014864  0.9  0.8  0.228879970272     0.24625444133      1250.0  9.2836047606   -0.908936347153  -0.478598540128
0.033333333333  0.833333333333  -0.866666666667  0.491675714853  0.12282759829      0.385496686857  0.9  0.8  0.229006626286     0.245655196579     1260.0  9.20992535774  -0.908906967206  -0.478203754793
0.033333333333  0.833333333333  -0.866666666667  0.492000863716  0.122551131088     0.385448005196  0.9  0.8  0.229103989609     0.245102262177     1270.0  9.13740626043  -0.908442577312  -0.477384644368
0.033333333333  0.833333333333  -0.866666666667  0.492609035763  0.121960674145     0.385430290092  0.9  0.8  0.229139419815     0.24392134829      1280.0  9.06602027402  -0.908243839829  -0.476273062961
0.033333333333  0.833333333333  -0.866666666667  0.492739039512  0.122114530513     0.385146429974  0.9  0.8  0.229707140051     0.244229061027     1290.0  8.99574104709  -0.907026000266  -0.4758123418
0.033333333333  0.833333333333  -0.866666666667  0.503051461398  0.106102588023     0.390845950578  0.9  0.8  0.218308098843     0.212205176046     1300.0  8.92654303904  -0.930377043409  -0.463285139871
0.033333333333  0.833333333333  -0.866666666667  0.516171099441  0.0854511018515    0.398377798707  0.9  0.8  0.203244402585     0.170902203703     1310.0  8.85840148912  -0.961191796325  -0.447500188281
0.033333333333  0.833333333333  -0.866666666667  0.5127638016    0.0908805717487    0.396355626652  0.9  0.8  0.207288746697     0.181761143497     1320.0  8.79129238693  -0.952572080889  -0.45120753438
0.033333333333  0.833333333333  -0.866666666667  0.511369051073  0.0934553992287    0.395175549698  0.9  0.8  0.209648900603     0.186910798457     1330.0  8.72519244417  -0.947525027451  -0.452404343426
0.033333333333  0.833333333333  -0.866666666667  0.516611745197  0.0851518979432    0.39823635686   0.9  0.8  0.203527286281     0.170303795886     1340.0  8.66007906772  -0.960071099397  -0.446155360425
0.033333333333  0.833333333333  -0.866666666667  0.516411299502  0.0854190193812    0.398169681117  0.9  0.8  0.203660637766     0.170838038762     1350.0  8.59593033389  -0.959173809439  -0.445805481105
0.033333333333  0.833333333333  -0.866666666667  0.516304729905  0.0859434980271    0.397751772068  0.9  0.8  0.204496455863     0.171886996054     1360.0  8.53272496379  -0.957073906227  -0.445296980014
0.033333333333  0.833333333333  -0.866666666667  0.51636261784   0.085674144765     0.397963237395  0.9  0.8  0.204073525211     0.17134828953      1370.0  8.47044229982  -0.957467426871  -0.444878897851
0.033333333333  0.833333333333  -0.866666666667  0.516524843549  0.0859515883892    0.397523568062  0.9  0.8  0.204952863877     0.171903176778     1380.0  8.40906228315  -0.955835922264  -0.444482707842
0.033333333333  0.833333333333  -0.866666666667  0.516569201052  0.0860170087309    0.397413790217  0.9  0.8  0.205172419565     0.172034017462     1390.0  8.34856543219  -0.955129178821  -0.444078237066
0.033333333333  0.833333333333  -0.866666666667  0.516699623268  0.0861443621893    0.397156014543  0.9  0.8  0.205687970915     0.172288724379     1400.0  8.28893282196  -0.954081137573  -0.443697957566
0.033333333333  0.833333333333  -0.866666666667  0.516529446686  0.0866957622125    0.396774791101  0.9  0.8  0.206450417797     0.173391524425     1410.0  8.23014606436  -0.951965680076  -0.4431509423
0.033333333333  0.833333333333  -0.866666666667  0.516396095201  0.0869467029264    0.396657201873  0.9  0.8  0.206685596254     0.173893405853     1420.0  8.17218728926  -0.951247199861  -0.443045627838
0.033333333333  0.833333333333  -0.866666666667  0.516564597915  0.0868705419315    0.396564860154  0.9  0.8  0.206870279692     0.173741083863     1430.0  8.1150391264   -0.950589466007  -0.442432251487
0.033333333333  0.833333333333  -0.866666666667  0.51647169824   0.0872786867501    0.39624961501   0.9  0.8  0.207500769979     0.1745573735       1440.0  8.05868468802  -0.948955617131  -0.442018875579
0.033333333333  0.833333333333  -0.866666666667  0.516385633526  0.087894530692     0.395719835782  0.9  0.8  0.208560328435     0.175789061384     1450.0  8.00310755224  -0.946652965037  -0.441655176403
0.033333333333  0.833333333333  -0.866666666667  0.516476440866  0.0878130691151    0.395710490019  0.9  0.8  0.208579019961     0.17562613823      1460.0  7.94829174709  -0.94624774066   -0.441136435876
0.033333333333  0.833333333333  -0.866666666667  0.516370289735  0.0882954220826    0.395334288182  0.9  0.8  0.209331423636     0.176590844165     1470.0  7.8942217352   -0.944602236773  -0.440939860044
0.033333333333  0.833333333333  -0.866666666667  0.516583010463  0.088153003812     0.395263985725  0.9  0.8  0.209472028549     0.176306007624     1480.0  7.84088239916  -0.94412045199   -0.44035675045
0.033333333333  0.833333333333  -0.866666666667  0.516487739475  0.0883791154835    0.395133145042  0.9  0.8  0.209733709916     0.176758230967     1490.0  7.78825902735  -0.943203946168  -0.440037536533
0.033333333333  0.833333333333  -0.866666666667  0.516495550859  0.0889886824204    0.394515766721  0.9  0.8  0.210968466558     0.177977364841     1500.0  7.7363373005   -0.940726091471  -0.439646269912
0.033333333333  0.833333333333  -0.866666666667  0.516477556778  0.088870116769     0.394652326453  0.9  0.8  0.210695347093     0.177740233538     1510.0  7.68510327864  -0.940685593823  -0.439170259704
0.033333333333  0.833333333333  -0.866666666667  0.516304729905  0.0893785541798    0.394316715916  0.9  0.8  0.211366568169     0.17875710836      1520.0  7.63454338865  -0.938933068359  -0.438835333065
0.033333333333  0.833333333333  -0.866666666667  0.516376845718  0.0897103985145    0.393912755767  0.9  0.8  0.212174488466     0.179420797029     1530.0  7.58464441225  -0.937266630485  -0.438426974394
0.033333333333  0.833333333333  -0.866666666667  0.516421900666  0.0898258954078    0.393752203926  0.9  0.8  0.212495592148     0.179651790816     1540.0  7.53539347451  -0.936345831813  -0.437979964065
0.033333333333  0.833333333333  -0.866666666667  0.516358014703  0.0900136476039    0.393628337693  0.9  0.8  0.212743324614     0.180027295208     1550.0  7.48677803274  -0.935532252286  -0.437689747272
0.033333333333  0.833333333333  -0.866666666667  0.516469884883  0.0900942722468    0.393435842871  0.9  0.8  0.213128314259     0.180188544494     1560.0  7.43878586587  -0.934568833885  -0.437201818979
0.033333333333  0.833333333333  -0.866666666667  0.516438918324  0.0905810888623    0.392979992814  0.9  0.8  0.214040014373     0.181162177725     1570.0  7.39140506417  -0.932664390498  -0.43689681228
0.033333333333  0.833333333333  -0.866666666667  0.516154639739  0.0912059995893    0.392639360672  0.9  0.8  0.214721278657     0.182411999179     1580.0  7.34462401946  -0.930435179439  -0.436280596239
0.033333333333  0.833333333333  -0.866666666667  0.516080292101  0.0915695079274    0.392350199971  0.9  0.8  0.215299600057     0.183139015855     1590.0  7.29843141557  -0.929108659184  -0.436056178586
0.033333333333  0.833333333333  -0.866666666667  0.516207785049  0.0916473427903    0.392144872161  0.9  0.8  0.215710255678     0.183294685581     1600.0  7.25281621922  -0.928303646436  -0.435745291677
0.033333333333  0.833333333333  -0.866666666667  0.516245028612  0.0916976983199    0.392057273068  0.9  0.8  0.215885453864     0.18339539664      1610.0  7.20776767127  -0.927575512211  -0.435255404666
0.033333333333  0.833333333333  -0.866666666667  0.516289804581  0.0921270454667    0.391583149952  0.9  0.8  0.216833700096     0.184254090933     1620.0  7.16327527824  -0.925671837066  -0.434892106566
0.033333333333  0.833333333333  -0.866666666667  0.516192441258  0.0925245891212    0.39128296962   0.9  0.8  0.217434060759     0.185049178242     1630.0  7.11932880414  -0.924141322047  -0.43453798599
0.033333333333  0.833333333333  -0.866666666667  0.516169007106  0.0930457200311    0.390785272863  0.9  0.8  0.218429454274     0.186091440062     1640.0  7.07591826265  -0.921918261196  -0.434044588759
0.033333333333  0.833333333333  -0.866666666667  0.515988787316  0.0931976235538    0.39081358913   0.9  0.8  0.21837282174      0.186395247108     1650.0  7.03303390954  -0.921374845218  -0.433693249136
0.033333333333  0.833333333333  -0.866666666667  0.515884170565  0.0936693753571    0.390446454078  0.9  0.8  0.219107091844     0.187338750714     1660.0  6.99066623539  -0.919540483368  -0.433274533265
0.033333333333  0.833333333333  -0.866666666667  0.515947080105  0.0938936736716    0.390159246224  0.9  0.8  0.219681507552     0.187787347343     1670.0  6.94880595853  -0.918304167357  -0.432914068695
0.033333333333  0.833333333333  -0.866666666667  0.51600217826   0.0939805753196    0.39001724642   0.9  0.8  0.21996550716      0.187961150639     1680.0  6.9074440183   -0.91747601858   -0.432480562201
0.033333333333  0.833333333333  -0.866666666667  0.51595196222   0.0942069659691    0.389841071811  0.9  0.8  0.220317856378     0.188413931938     1690.0  6.86657156849  -0.916553013965  -0.432236896922
0.033333333333  0.833333333333  -0.866666666667  0.515758211997  0.0947759416066    0.389465846397  0.9  0.8  0.221068307206     0.189551883213     1700.0  6.82617997103  -0.914565509746  -0.431835159469
0.033333333333  0.833333333333  -0.866666666667  0.515816657888  0.0951077859413    0.389075556171  0.9  0.8  0.221848887659     0.190215571883     1710.0  6.78626078991  -0.912817648596  -0.431320771661
0.033333333333  0.833333333333  -0.866666666667  0.515855993787  0.0953025125875    0.388841493626  0.9  0.8  0.222317012748     0.190605025175     1720.0  6.74680578532  -0.911791135671  -0.431027133951
0.033333333333  0.833333333333  -0.866666666667  0.515677866332  0.0957520856396    0.388570048029  0.9  0.8  0.222859903942     0.191504171279     1730.0  6.70780690795  -0.910103448968  -0.430547366206
0.033333333333  0.833333333333  -0.866666666667  0.51542106708   0.0963464482752    0.388232484645  0.9  0.8  0.22353503071      0.19269289655      1740.0  6.66925629353  -0.908125410565  -0.43012792211
0.033333333333  0.833333333333  -0.866666666667  0.515621791753  0.0964371161263    0.387941092121  0.9  0.8  0.224117815758     0.192874232253     1750.0  6.63114625757  -0.907110980004  -0.429783066655
0.033333333333  0.833333333333  -0.866666666667  0.51585697021   0.0964605502785    0.387682479512  0.9  0.8  0.224635040976     0.192921100557     1760.0  6.5934692902   -0.906238365448  -0.429413449438
0.033333333333  0.833333333333  -0.866666666667  0.515399306795  0.0972813035638    0.387319389641  0.9  0.8  0.225361220718     0.194562607128     1770.0  6.55621805127  -0.903862487347  -0.429004338362
0.033333333333  0.833333333333  -0.866666666667  0.515378383445  0.0974951402032    0.387126476352  0.9  0.8  0.225747047297     0.194990280406     1780.0  6.51938536559  -0.902846164237  -0.428677397796
0.033333333333  0.833333333333  -0.866666666667  0.515303059384  0.0977389669779    0.386957973638  0.9  0.8  0.226084052725     0.195477933956     1790.0  6.4829642183   -0.901852207695  -0.428376868978
0.033333333333  0.833333333333  -0.866666666667  0.515293992599  0.0981462748625    0.386559732538  0.9  0.8  0.226880534924     0.196292549725     1800.0  6.44694775042  -0.900133067152  -0.42802625503
0.033333333333  0.833333333333  -0.866666666667  0.515144320901  0.0987692327435    0.386086446356  0.9  0.8  0.227827107288     0.197538465487     1810.0  6.41132925456  -0.897570916555  -0.42731275217
0.033333333333  0.833333333333  -0.866666666667  0.515311428724  0.0986841444526    0.386004426823  0.9  0.8  0.227991146354     0.197368288905     1820.0  6.37610217074  -0.89741656188   -0.427169891389
0.033333333333  0.833333333333  -0.866666666667  0.514941503892  0.0994270628749    0.385631433233  0.9  0.8  0.228737133534     0.19885412575      1830.0  6.34126008238  -0.895070933796  -0.426684321243
0.033333333333  0.833333333333  -0.866666666667  0.515088943767  0.0993550865501    0.385555969683  0.9  0.8  0.228888060634     0.1987101731       1840.0  6.30679671236  -0.894764770136  -0.426398829853
0.033333333333  0.833333333333  -0.866666666667  0.51509270997   0.0998442744786    0.385063015551  0.9  0.8  0.229873968897     0.199688548957     1850.0  6.27270591932  -0.892533336023  -0.425837413863
0.033333333333  0.833333333333  -0.866666666667  0.515053792539  0.100192439027     0.384753768435  0.9  0.8  0.23049246313      0.200384878053     1860.0  6.23898169395  -0.891087939307  -0.425505725233
0.033333333333  0.833333333333  -0.866666666667  0.514921696454  0.100547020069     0.384531283477  0.9  0.8  0.230937433045     0.201094040137     1870.0  6.20561815548  -0.889715649815  -0.425101238332
0.033333333333  0.833333333333  -0.866666666667  0.514813871456  0.101017795449     0.384168333095  0.9  0.8  0.231663333809     0.202035590898     1880.0  6.17260954827  -0.888004665095  -0.424796804908
0.033333333333  0.833333333333  -0.866666666667  0.51495573177   0.101011518444     0.384032749786  0.9  0.8  0.231934500429     0.202023036888     1890.0  6.13995023849  -0.887410441043  -0.424436587605
0.033333333333  0.833333333333  -0.866666666667  0.514774814535  0.101565987225     0.38365919824   0.9  0.8  0.232681603521     0.20313197445      1900.0  6.10763471092  -0.885374275162  -0.423959964557
0.033333333333  0.833333333333  -0.866666666667  0.514721390248  0.101771594013     0.383507015739  0.9  0.8  0.232985968522     0.203543188027     1910.0  6.07565756584  -0.884503666335  -0.423692255093
0.033333333333  0.833333333333  -0.866666666667  0.514676195811  0.102442396622     0.382881407567  0.9  0.8  0.234237184866     0.204884793244     1920.0  6.04401351602  -0.881710719085  -0.423098686726
0.033333333333  0.833333333333  -0.866666666667  0.514696421717  0.102662789244     0.382640789039  0.9  0.8  0.234718421922     0.205325578489     1930.0  6.01269738381  -0.880697634758  -0.422871343945
0.033333333333  0.833333333333  -0.866666666667  0.51450030018   0.103124218862     0.382375480958  0.9  0.8  0.235249038084     0.206248437723     1940.0  5.98170409833  -0.879035095554  -0.422424646675
0.033333333333  0.833333333333  -0.866666666667  0.514627793128  0.103116128499     0.382256078373  0.9  0.8  0.235487843255     0.206232256999     1950.0  5.95102869269  -0.878540472292  -0.422132003487
0.033333333333  0.833333333333  -0.866666666667  0.51462472437   0.10355607681      0.38181919882   0.9  0.8  0.23636160236      0.207112153621     1960.0  5.9206663014   -0.876552224346  -0.421634056034
0.033333333333  0.833333333333  -0.866666666667  0.514290229744  0.104009834533     0.381699935723  0.9  0.8  0.236600128553     0.208019669065     1970.0  5.89061215774  -0.875248124995  -0.421270642612
0.033333333333  0.833333333333  -0.866666666667  0.514526384624  0.104101478807     0.38137213657   0.9  0.8  0.23725572686      0.208202957613     1980.0  5.86086159129  -0.874148231907  -0.420907418838
0.033333333333  0.833333333333  -0.866666666667  0.514445759981  0.104588992867     0.380965247152  0.9  0.8  0.238069505696     0.209177985734     1990.0  5.8314100255   -0.872281958372  -0.420553568752
0.033333333333  0.833333333333  -0.866666666667  0.514256752384  0.105123793699     0.380619453917  0.9  0.8  0.238761092165     0.210247587398     2000.0  5.80225297537  -0.870375544493  -0.420125264026
0.033333333333  0.833333333333  -0.866666666667  0.514273491064  0.105405421993     0.380321086943  0.9  0.8  0.239357826114     0.210810843987     2010.0  5.77338604515  -0.869010312309  -0.419747697667
0.033333333333  0.833333333333  -0.866666666667  0.514338492939  0.105607262579     0.380054244483  0.9  0.8  0.239891511034     0.211214525157     2020.0  5.74480492611  -0.867786504015  -0.419327150738
0.033333333333  0.833333333333  -0.866666666667  0.514176127741  0.105976350477     0.379847521783  0.9  0.8  0.240304956435     0.211952700953     2030.0  5.71650539446  -0.866550735941  -0.419054024161
0.033333333333  0.833333333333  -0.866666666667  0.514012228164  0.106587172815     0.379400599022  0.9  0.8  0.241198801957     0.213174345629     2040.0  5.68848330919  -0.864209950773  -0.418495015704
0.033333333333  0.833333333333  -0.866666666667  0.513960617233  0.106786363109     0.379253019658  0.9  0.8  0.241493960684     0.213572726218     2050.0  5.66073461012  -0.863313777138  -0.418183189394
0.033333333333  0.833333333333  -0.866666666667  0.514052261507  0.106884423877     0.379063314616  0.9  0.8  0.241873370768     0.213768847754     2060.0  5.6332553159   -0.862670843613  -0.418038622174
0.033333333333  0.833333333333  -0.866666666667  0.514052819463  0.107422711934     0.378524468603  0.9  0.8  0.242951062795     0.214845423868     2070.0  5.6060415221   -0.860233711802  -0.417432674078
0.033333333333  0.833333333333  -0.866666666667  0.514065652451  0.107534024157     0.378400323391  0.9  0.8  0.243199353217     0.215068048315     2080.0  5.5790893994   -0.859349106336  -0.41694962955
0.033333333333  0.833333333333  -0.866666666667  0.513650812161  0.108153634302     0.378195553537  0.9  0.8  0.243608892926     0.216307268604     2090.0  5.55239519175  -0.857732354884  -0.416692840067
0.033333333333  0.833333333333  -0.866666666667  0.513796299189  0.108419081872     0.377784618938  0.9  0.8  0.244430762123     0.216838163744     2100.0  5.52595521464  -0.856182311829  -0.416307195401
0.033333333333  0.833333333333  -0.866666666667  0.513580370215  0.108966715692     0.377452914093  0.9  0.8  0.245094171815     0.217933431385     2110.0  5.49976585344  -0.854385297849  -0.415983464256
0.033333333333  0.833333333333  -0.866666666667  0.513690984993  0.109079980762     0.377229034245  0.9  0.8  0.24554193151      0.218159961523     2120.0  5.47382356168  -0.853337927356  -0.415520301599
0.033333333333  0.833333333333  -0.866666666667  0.513475753464  0.109558567526     0.37696567901   0.9  0.8  0.24606864198      0.219117135052     2130.0  5.44812485951  -0.851689999684  -0.415112152174
0.033333333333  0.833333333333  -0.866666666667  0.513655694276  0.109614223638     0.376730082086  0.9  0.8  0.246539835827     0.219228447275     2140.0  5.42266633213  -0.850905916526  -0.414841193256
0.033333333333  0.833333333333  -0.866666666667  0.513474498063  0.110275122527     0.37625037941   0.9  0.8  0.24749924118      0.220550245054     2150.0  5.39744462826  -0.848519893978  -0.414376073749
0.033333333333  0.833333333333  -0.866666666667  0.513329708479  0.110655788012     0.376014503508  0.9  0.8  0.247970992983     0.221311576025     2160.0  5.37245645868  -0.847103825669  -0.41399364684
0.033333333333  0.833333333333  -0.866666666667  0.513468779014  0.110856233708     0.375674987279  0.9  0.8  0.248650025443     0.221712467415     2170.0  5.34769859482  -0.845823795274  -0.413645458771
0.033333333333  0.833333333333  -0.866666666667  0.51347212675   0.111087645961     0.375440227289  0.9  0.8  0.249119545422     0.222175291923     2180.0  5.32316786732  -0.844606216355  -0.413220707439
0.033333333333  0.833333333333  -0.866666666667  0.513427769247  0.111341515944     0.375230714809  0.9  0.8  0.249538570383     0.222683031888     2190.0  5.29886116473  -0.84345361219   -0.412851417711
0.033333333333  0.833333333333  -0.866666666667  0.513064539887  0.112042587666     0.374892872447  0.9  0.8  0.250214255106     0.224085175332     2200.0  5.27477543216  -0.841327242752  -0.41245487928
0.033333333333  0.833333333333  -0.866666666667  0.513237924716  0.112044122045     0.374717953239  0.9  0.8  0.250564093522     0.22408824409      2210.0  5.25090767002  -0.840708901658  -0.412153847766
0.033333333333  0.833333333333  -0.866666666667  0.513195938527  0.112471795324     0.374332266149  0.9  0.8  0.251335467701     0.224943590648     2220.0  5.22725493277  -0.838969831723  -0.411793291839
0.033333333333  0.833333333333  -0.866666666667  0.512917936947  0.113140226619     0.373941836434  0.9  0.8  0.252116327132     0.226280453239     2230.0  5.20381432769  -0.836769722577  -0.411365446253
0.033333333333  0.833333333333  -0.866666666667  0.51306133164   0.113296454301     0.373642214059  0.9  0.8  0.252715571883     0.226592908602     2240.0  5.18058301373  -0.835658065477  -0.41104307372
0.033333333333  0.833333333333  -0.866666666667  0.513072351271  0.113259908183     0.373667740546  0.9  0.8  0.252664518908     0.226519816366     2250.0  5.15755820033  -0.835457518087  -0.410738104863
0.033333333333  0.833333333333  -0.866666666667  0.512716096361  0.114044952284     0.373238951355  0.9  0.8  0.25352209729      0.228089904567     2260.0  5.13473714635  -0.833118680461  -0.410427158342
0.033333333333  0.833333333333  -0.866666666667  0.512713585559  0.114019425796     0.373266988644  0.9  0.8  0.253466022711     0.228038851593     2270.0  5.11211715892  -0.832981992237  -0.410199160618
0.033333333333  0.833333333333  -0.866666666667  0.512885714987  0.114629829667     0.372484455346  0.9  0.8  0.255031089309     0.229259659334     2280.0  5.08969559243  -0.829865308103  -0.409467682615
0.033333333333  0.833333333333  -0.866666666667  0.512711214246  0.115014400845     0.372274384909  0.9  0.8  0.255451230181     0.230028801689     2290.0  5.06746984749  -0.828399116069  -0.40899493125
0.033333333333  0.833333333333  -0.866666666667  0.512726418547  0.115259622509     0.372013958943  0.9  0.8  0.255972082113     0.230519245019     2300.0  5.04543736989  -0.827280234672  -0.408737171255
0.033333333333  0.833333333333  -0.866666666667  0.512575351959  0.115514189937     0.371910458104  0.9  0.8  0.256179083792     0.231028379874     2310.0  5.02359564968  -0.826393202328  -0.408443748306
0.033333333333  0.833333333333  -0.866666666667  0.512446464121  0.116038529094     0.371515006785  0.9  0.8  0.256969986431     0.232077058188     2320.0  5.00194222015  -0.824417959915  -0.408019260919
0.033333333333  0.833333333333  -0.866666666667  0.512584418744  0.116020395524     0.371395185732  0.9  0.8  0.257209628535     0.232040791048     2330.0  4.98047465697  -0.824031832143  -0.407819797329
0.033333333333  0.833333333333  -0.866666666667  0.512479662504  0.116724257026     0.370796080471  0.9  0.8  0.258407839059     0.233448514052     2340.0  4.95919057724  -0.821259603508  -0.407252136568
0.033333333333  0.833333333333  -0.866666666667  0.51218952538   0.117217211157     0.370593263462  0.9  0.8  0.258813473075     0.234434422315     2350.0  4.93808763862  -0.81962144323   -0.406767773515
0.033333333333  0.833333333333  -0.866666666667  0.512529181099  0.117084417628     0.370386401273  0.9  0.8  0.259227197454     0.234168835256     2360.0  4.91716353845  -0.819312298517  -0.406618511096
0.033333333333  0.833333333333  -0.866666666667  0.512293444686  0.117460479976     0.370246075337  0.9  0.8  0.259507849325     0.234920959952     2370.0  4.89641601298  -0.818119662481  -0.406280161502
0.033333333333  0.833333333333  -0.866666666667  0.512206403549  0.117956223888     0.369837372563  0.9  0.8  0.260325254874     0.235912447775     2380.0  4.87584283645  -0.816104948015  -0.405794302288
0.033333333333  0.833333333333  -0.866666666667  0.512129405621  0.118431881383     0.369438712996  0.9  0.8  0.261122574007     0.236863762766     2390.0  4.8554418204   -0.814200404748  -0.405368398234
0.033333333333  0.833333333333  -0.866666666667  0.512053802582  0.118450851887     0.369495345531  0.9  0.8  0.261009308938     0.236901703774     2400.0  4.83521081281  -0.814213343623  -0.405309751353
