#mu0             mu1            mu2              x0              x1              x2              mua  mub  xa              xb              T       b              u                phi
-0.133333333333  1.06666666667  -0.933333333333  0.408224745795  0.239105908977  0.352669345227  0.8  1.2  0.294661309545  0.478211817955  30.0    386.816865025  -0.624164966099  -0.367081528614
-0.133333333333  1.06666666667  -0.933333333333  0.408203822445  0.239256696588  0.352539480967  0.8  1.2  0.294921038066  0.478513393176  40.0    290.112648769  -0.623697500954  -0.367183736552
-0.133333333333  1.06666666667  -0.933333333333  0.408183736029  0.238871846433  0.352944417539  0.8  1.2  0.294111164923  0.477743692865  50.0    232.090119015  -0.625268746336  -0.367183443046
-0.133333333333  1.06666666667  -0.933333333333  0.408048850164  0.237945499973  0.354005649863  0.8  1.2  0.291988700275  0.475890999946  60.0    193.408432513  -0.629947256909  -0.367940750398
-0.133333333333  1.06666666667  -0.933333333333  0.408238276228  0.246109233279  0.345652490492  0.8  1.2  0.308695019015  0.492218466558  70.0    165.778656439  -0.600777024359  -0.371728532774
-0.133333333333  1.06666666667  -0.933333333333  0.407318206774  0.249030690928  0.343651102298  0.8  1.2  0.312697795404  0.498061381856  80.0    145.056324384  -0.591953145253  -0.373118373138
-0.133333333333  1.06666666667  -0.933333333333  0.407412082872  0.249232810491  0.343355106637  0.8  1.2  0.313289786727  0.498465620983  90.0    128.938955008  -0.591248092365  -0.373372000259
-0.133333333333  1.06666666667  -0.933333333333  0.407338851146  0.249288745581  0.343372403273  0.8  1.2  0.313255193455  0.498577491162  100.0   116.045059507  -0.591135420939  -0.37336589843
-0.133333333333  1.06666666667  -0.933333333333  0.405166309947  0.246881583881  0.347952106172  0.8  1.2  0.304095787655  0.493763167762  110.0   105.495508643  -0.607461090552  -0.376586855324
-0.133333333333  1.06666666667  -0.933333333333  0.407235489796  0.257839281888  0.334925228316  0.8  1.2  0.330149543369  0.515678563777  120.0   96.7042162563  -0.566307252736  -0.382574497297
-0.133333333333  1.06666666667  -0.933333333333  0.412492969754  0.261615807117  0.325891223129  0.8  1.2  0.348217553742  0.523231614234  130.0   89.2654303904  -0.545166693017  -0.384952006424
-0.133333333333  1.06666666667  -0.933333333333  0.412322653683  0.265260794217  0.3224165521    0.8  1.2  0.355166895801  0.530521588434  140.0   82.8893282196  -0.531367727683  -0.385460483778
-0.133333333333  1.06666666667  -0.933333333333  0.412925943615  0.264845256481  0.322228799904  0.8  1.2  0.355542400193  0.529690512962  150.0   77.363373005   -0.532316619729  -0.385712488772
-0.133333333333  1.06666666667  -0.933333333333  0.414100580497  0.263584554885  0.322314864618  0.8  1.2  0.355370270765  0.52716910977   160.0   72.5281621922  -0.539733064171  -0.38996554584
-0.133333333333  1.06666666667  -0.933333333333  0.413643196061  0.265707438     0.320649365939  0.8  1.2  0.358701268122  0.531414876     170.0   68.2617997103  -0.533375437287  -0.391367636318
-0.133333333333  1.06666666667  -0.933333333333  0.413304516765  0.267061318249  0.319634164985  0.8  1.2  0.360731670029  0.534122636498  180.0   64.4694775042  -0.528915806587  -0.391781639742
-0.133333333333  1.06666666667  -0.933333333333  0.413270202471  0.269226466532  0.317503330997  0.8  1.2  0.364993338005  0.538452933063  190.0   61.0763471092  -0.521288014426  -0.392759537839
-0.133333333333  1.06666666667  -0.933333333333  0.413376632579  0.270381156487  0.316242210934  0.8  1.2  0.367515578132  0.540762312973  200.0   58.0225297537  -0.516701612037  -0.392962183443
-0.133333333333  1.06666666667  -0.933333333333  0.410659805296  0.276599436688  0.312740758017  0.8  1.2  0.374518483967  0.553198873375  210.0   55.2595521464  -0.497402580631  -0.394189349188
-0.133333333333  1.06666666667  -0.933333333333  0.415045618483  0.294454447356  0.290499934161  0.8  1.2  0.419000131678  0.588908894711  220.0   52.7477543216  -0.4223715176    -0.397595629929
-0.133333333333  1.06666666667  -0.933333333333  0.4259879727    0.311572677118  0.262439350182  0.8  1.2  0.475121299636  0.623145354235  230.0   50.4543736989  -0.343111617347  -0.404316415471
-0.133333333333  1.06666666667  -0.933333333333  0.428102346986  0.314935756945  0.256961896068  0.8  1.2  0.486076207863  0.629871513891  240.0   48.3521081281  -0.327376364482  -0.405416480775
-0.133333333333  1.06666666667  -0.933333333333  0.432570179706  0.315637665601  0.251792154692  0.8  1.2  0.496415690616  0.631275331203  250.0   46.418023803   -0.317837263795  -0.405833547064
-0.133333333333  1.06666666667  -0.933333333333  0.432996179117  0.323916616823  0.24308720406   0.8  1.2  0.51382559188   0.647833233645  260.0   44.6327151952  -0.286914205737  -0.408707892948
-0.133333333333  1.06666666667  -0.933333333333  0.437507253428  0.320166036548  0.242326710024  0.8  1.2  0.515346579953  0.640332073097  270.0   42.9796516694  -0.298931370802  -0.412940455813
-0.133333333333  1.06666666667  -0.933333333333  0.436061589416  0.318602364841  0.245336045743  0.8  1.2  0.509327908513  0.637204729681  280.0   41.4446641098  -0.307495157378  -0.412936493139
-0.133333333333  1.06666666667  -0.933333333333  0.435535436902  0.318854421467  0.245610141632  0.8  1.2  0.508779716737  0.637708842933  290.0   40.0155377612  -0.307440162194  -0.413047880437
-0.133333333333  1.06666666667  -0.933333333333  0.437406821347  0.321460773461  0.241132405192  0.8  1.2  0.517735189616  0.642921546922  300.0   38.6816865025  -0.293974233819  -0.413001575151
-0.133333333333  1.06666666667  -0.933333333333  0.437524271086  0.321723849718  0.240751879196  0.8  1.2  0.518496241608  0.643447699436  310.0   37.4338901637  -0.292550897134  -0.412818463077
-0.133333333333  1.06666666667  -0.933333333333  0.437099248098  0.320052213523  0.242848538378  0.8  1.2  0.514302923243  0.640104427046  320.0   36.2640810961  -0.299996001374  -0.412896985757
-0.133333333333  1.06666666667  -0.933333333333  0.438959473423  0.321252376893  0.239788149684  0.8  1.2  0.520423700632  0.642504753785  330.0   35.1651695477  -0.292752594795  -0.413430593176
-0.133333333333  1.06666666667  -0.933333333333  0.439671843754  0.323390882776  0.23693727347   0.8  1.2  0.52612545306   0.646781765551  340.0   34.1308998551  -0.283794623029  -0.414166437472
-0.133333333333  1.06666666667  -0.933333333333  0.439683421342  0.323740860681  0.236575717978  0.8  1.2  0.526848564044  0.647481721361  350.0   33.1557312879  -0.282377308578  -0.41416755878
-0.133333333333  1.06666666667  -0.933333333333  0.439860432885  0.324171742206  0.235967824909  0.8  1.2  0.528064350182  0.648343484413  360.0   32.2347387521  -0.280605947701  -0.414402942475
-0.133333333333  1.06666666667  -0.933333333333  0.440084033754  0.324406083729  0.235509882517  0.8  1.2  0.528980234966  0.648812167458  370.0   31.3635295966  -0.279237525235  -0.414329647492
-0.133333333333  1.06666666667  -0.933333333333  0.440116813669  0.324330759668  0.235552426662  0.8  1.2  0.528895146675  0.648661519337  380.0   30.5381735546  -0.279467215758  -0.414310489636
-0.133333333333  1.06666666667  -0.933333333333  0.439707971406  0.324124036968  0.236167991626  0.8  1.2  0.527664016748  0.648248073936  390.0   29.7551434635  -0.280922092267  -0.414284327721
-0.133333333333  1.06666666667  -0.933333333333  0.439940778549  0.323526466085  0.236532755365  0.8  1.2  0.526934489269  0.64705293217   400.0   29.0112648769  -0.282599440063  -0.413943883416
-0.133333333333  1.06666666667  -0.933333333333  0.439603912611  0.323585330444  0.236810756945  0.8  1.2  0.526378486109  0.647170660888  410.0   28.3036730506  -0.282882706193  -0.413923621479
-0.133333333333  1.06666666667  -0.933333333333  0.439298710675  0.323403715764  0.237297573561  0.8  1.2  0.525404852878  0.646807431528  420.0   27.6297760732  -0.284087050861  -0.413913184331
-0.133333333333  1.06666666667  -0.933333333333  0.439778552841  0.32376889797   0.236452549189  0.8  1.2  0.527094901621  0.64753779594   430.0   26.9872231413  -0.28181345159   -0.413868061348
-0.133333333333  1.06666666667  -0.933333333333  0.439984857074  0.324028208024  0.235986934902  0.8  1.2  0.528026130196  0.648056416048  440.0   26.3738771608  -0.280448209637  -0.413870146384
-0.133333333333  1.06666666667  -0.933333333333  0.442801837461  0.318113595379  0.23908456716   0.8  1.2  0.52183086568   0.636227190758  450.0   25.7877910017  -0.300744228004  -0.415014882792
-0.133333333333  1.06666666667  -0.933333333333  0.443264243501  0.318067006053  0.238668750446  0.8  1.2  0.522662499107  0.636134012105  460.0   25.2271868495  -0.300226987473  -0.415051134619
-0.133333333333  1.06666666667  -0.933333333333  0.442981220317  0.317951090692  0.239067688991  0.8  1.2  0.521864622018  0.635902181385  470.0   24.6904381931  -0.301069811532  -0.414977460141
-0.133333333333  1.06666666667  -0.933333333333  0.443082628821  0.318045943213  0.238871427966  0.8  1.2  0.522257144069  0.636091886427  480.0   24.1760540641  -0.300452164088  -0.414901476389
-0.133333333333  1.06666666667  -0.933333333333  0.442905617278  0.318116664137  0.238977718585  0.8  1.2  0.52204456283   0.636233328275  490.0   23.6826652056  -0.30038988882   -0.414838866347
-0.133333333333  1.06666666667  -0.933333333333  0.443011349941  0.318262430144  0.238726219915  0.8  1.2  0.52254756017   0.636524860288  500.0   23.2090119015  -0.299539159788  -0.414740373602
-0.133333333333  1.06666666667  -0.933333333333  0.442143309884  0.318024461907  0.239832228208  0.8  1.2  0.520335543583  0.636048923814  510.0   22.7539332368  -0.301780660957  -0.414641137734
-0.133333333333  1.06666666667  -0.933333333333  0.442542806385  0.318079560063  0.239377633552  0.8  1.2  0.521244732895  0.636159120126  520.0   22.3163575976  -0.300886457918  -0.414606521718
-0.133333333333  1.06666666667  -0.933333333333  0.442453114957  0.318222257311  0.239324627732  0.8  1.2  0.521350744536  0.636444514623  530.0   21.8952942467  -0.30038479185   -0.41453213836
-0.133333333333  1.06666666667  -0.933333333333  0.442741578212  0.318295489037  0.238962932751  0.8  1.2  0.522074134499  0.636590978075  540.0   21.4898258347  -0.299537487896  -0.414439302518
-0.133333333333  1.06666666667  -0.933333333333  0.442505004865  0.318271217951  0.239223777184  0.8  1.2  0.521552445633  0.636542435902  550.0   21.0991017286  -0.299935026841  -0.414361239763
-0.133333333333  1.06666666667  -0.933333333333  0.442767383677  0.318425771765  0.238806844558  0.8  1.2  0.522386310884  0.636851543529  560.0   20.7223320549  -0.298812212417  -0.414276446693
-0.133333333333  1.06666666667  -0.933333333333  0.442695267864  0.318506535897  0.23879819624   0.8  1.2  0.52240360752   0.637013071793  570.0   20.3587823697  -0.298545967599  -0.414217873101
-0.133333333333  1.06666666667  -0.933333333333  0.442120015221  0.318279308313  0.239600676466  0.8  1.2  0.520798647068  0.636558616626  580.0   20.0077688806  -0.300270040628  -0.414112631567
-0.133333333333  1.06666666667  -0.933333333333  0.442285449177  0.318434141105  0.239280409718  0.8  1.2  0.521439180563  0.63686828221   590.0   19.6686541538  -0.29927581562   -0.414002432056
-0.133333333333  1.06666666667  -0.933333333333  0.441973970236  0.318442789423  0.239583240341  0.8  1.2  0.520833519319  0.636885578846  600.0   19.3408432512  -0.299665535534  -0.413928378938
-0.133333333333  1.06666666667  -0.933333333333  0.442028370947  0.318551032888  0.239420596165  0.8  1.2  0.52115880767   0.637102065776  610.0   19.0237802471  -0.299040694383  -0.413823552785
-0.133333333333  1.06666666667  -0.933333333333  0.441910363252  0.318592879589  0.23949675716   0.8  1.2  0.521006485681  0.637185759177  620.0   18.7169450819  -0.2989942031    -0.413755635991
-0.133333333333  1.06666666667  -0.933333333333  0.441680903844  0.318558704783  0.239760391373  0.8  1.2  0.520479217255  0.637117409566  630.0   18.4198507155  -0.299362927128  -0.413620525745
-0.133333333333  1.06666666667  -0.933333333333  0.441455768596  0.318591205721  0.239953025684  0.8  1.2  0.520093948632  0.637182411441  640.0   18.132040548   -0.299512744723  -0.413540130692
-0.133333333333  1.06666666667  -0.933333333333  0.442022930876  0.318672527809  0.239304541316  0.8  1.2  0.521390917369  0.637345055617  650.0   17.8530860781  -0.298207940268  -0.413468074237
-0.133333333333  1.06666666667  -0.933333333333  0.441732793753  0.318694148604  0.239573057644  0.8  1.2  0.520853884713  0.637388297208  660.0   17.5825847739  -0.298466218493  -0.413348616246
-0.133333333333  1.06666666667  -0.933333333333  0.441610601387  0.318744364644  0.239645033968  0.8  1.2  0.520709932063  0.637488729289  670.0   17.3201581354  -0.298384756027  -0.413272510157
-0.133333333333  1.06666666667  -0.933333333333  0.4413098631    0.318616732208  0.240073404692  0.8  1.2  0.519853190616  0.637233464416  680.0   17.0654499276  -0.299249091078  -0.413145134202
-0.133333333333  1.06666666667  -0.933333333333  0.4415165858    0.318763753616  0.239719660584  0.8  1.2  0.520560678832  0.637527507231  690.0   16.8181245663  -0.298172441337  -0.412987326413
-0.133333333333  1.06666666667  -0.933333333333  0.44138811643   0.318872973504  0.239738910066  0.8  1.2  0.520522179867  0.637745947008  700.0   16.5778656439  -0.297830761303  -0.412876974939
-0.133333333333  1.06666666667  -0.933333333333  0.44133078645   0.318869765257  0.239799448293  0.8  1.2  0.520401103414  0.637739530513  710.0   16.3443745785  -0.297815219814  -0.412756872495
-0.133333333333  1.06666666667  -0.933333333333  0.441003266274  0.318825686732  0.240171046993  0.8  1.2  0.519657906013  0.637651373465  720.0   16.117369376   -0.298374780323  -0.412616086624
-0.133333333333  1.06666666667  -0.933333333333  0.440953329212  0.318819688705  0.240226982083  0.8  1.2  0.519546035834  0.63763937741   730.0   15.8965834942  -0.298354186183  -0.412491601076
-0.133333333333  1.06666666667  -0.933333333333  0.440989596352  0.318920678742  0.240089724905  0.8  1.2  0.519820550189  0.637841357485  740.0   15.6817647983  -0.297736888062  -0.412336290528
-0.133333333333  1.06666666667  -0.933333333333  0.440926407835  0.318858048181  0.240215543985  0.8  1.2  0.51956891203   0.637716096361  750.0   15.472674601   -0.298025683293  -0.412273461884
-0.133333333333  1.06666666667  -0.933333333333  0.440773946356  0.318972568651  0.240253484993  0.8  1.2  0.519493030014  0.637945137302  760.0   15.2690867773  -0.297649339337  -0.412111261444
-0.133333333333  1.06666666667  -0.933333333333  0.440640873848  0.318999629517  0.240359496634  0.8  1.2  0.519281006731  0.637999259034  770.0   15.070786949   -0.297619434353  -0.411976683913
-0.133333333333  1.06666666667  -0.933333333333  0.440396489118  0.318952203257  0.240651307626  0.8  1.2  0.518697384749  0.637904406513  780.0   14.8775717317  -0.297965399939  -0.411741928887
-0.133333333333  1.06666666667  -0.933333333333  0.44029982324   0.319046637311  0.24065353945   0.8  1.2  0.518692921101  0.638093274621  790.0   14.6892480389  -0.2975739741    -0.41157357386
-0.133333333333  1.06666666667  -0.933333333333  0.440550763953  0.318980937991  0.240468298056  0.8  1.2  0.519063403889  0.637961875982  800.0   14.5056324384  -0.297374531724  -0.411512839346
-0.133333333333  1.06666666667  -0.933333333333  0.440435825016  0.318910914512  0.240653260472  0.8  1.2  0.518693479057  0.637821829024  810.0   14.3265505565  -0.297786238101  -0.411460549509
-0.133333333333  1.06666666667  -0.933333333333  0.44034166994   0.319025434983  0.240632895077  0.8  1.2  0.518734209845  0.638050869965  820.0   14.1518365253  -0.297262060396  -0.411243805563
-0.133333333333  1.06666666667  -0.933333333333  0.44006785303   0.319044684465  0.240887462505  0.8  1.2  0.518225074989  0.638089368929  830.0   13.9813324708  -0.297357271274  -0.410977907314
-0.133333333333  1.06666666667  -0.933333333333  0.439827931947  0.319083741385  0.241088326668  0.8  1.2  0.517823346665  0.63816748277   840.0   13.8148880366  -0.297419237706  -0.410812227695
-0.133333333333  1.06666666667  -0.933333333333  0.439947613511  0.319152090996  0.240900295494  0.8  1.2  0.518199409013  0.638304181992  850.0   13.6523599421  -0.296823979516  -0.41068185845
-0.133333333333  1.06666666667  -0.933333333333  0.439634042235  0.318904916485  0.24146104128   0.8  1.2  0.51707791744   0.63780983297   860.0   13.4936115706  -0.29811066374   -0.410478130591
-0.133333333333  1.06666666667  -0.933333333333  0.439747028326  0.31907327971   0.241179691964  0.8  1.2  0.517640616073  0.63814655942   870.0   13.3385125871  -0.297117996342  -0.410339693838
-0.133333333333  1.06666666667  -0.933333333333  0.439617024577  0.319207607619  0.241175367805  0.8  1.2  0.517649264391  0.638415215237  880.0   13.1869385804  -0.296598029336  -0.410149032466
-0.133333333333  1.06666666667  -0.933333333333  0.439550488323  0.319123495751  0.241326015926  0.8  1.2  0.517347968147  0.638246991501  890.0   13.0387707312  -0.296707923953  -0.409816021605
-0.133333333333  1.06666666667  -0.933333333333  0.439399700712  0.319174548725  0.241425750562  0.8  1.2  0.517148498875  0.63834909745   900.0   12.8938955008  -0.296534248345  -0.409605297719
-0.133333333333  1.06666666667  -0.933333333333  0.439306243081  0.319176222593  0.241517534325  0.8  1.2  0.516964931349  0.638352445186  910.0   12.7522043415  -0.296431257485  -0.409359470121
-0.133333333333  1.06666666667  -0.933333333333  0.439369989555  0.319161715737  0.241468294708  0.8  1.2  0.517063410584  0.638323431474  920.0   12.6135934247  -0.296242342791  -0.409214522361
-0.133333333333  1.06666666667  -0.933333333333  0.439123791467  0.319244572204  0.241631636329  0.8  1.2  0.516736727343  0.638489144408  930.0   12.4779633879  -0.2960677053    -0.408977393797
-0.133333333333  1.06666666667  -0.933333333333  0.439080410388  0.319238853155  0.241680736457  0.8  1.2  0.516638527085  0.63847770631   940.0   12.3452190965  -0.296057153095  -0.408874555668
-0.133333333333  1.06666666667  -0.933333333333  0.438958218022  0.319155857199  0.241885924779  0.8  1.2  0.516228150443  0.638311714398  950.0   12.2152694218  -0.296183630225  -0.40847354119
-0.133333333333  1.06666666667  -0.933333333333  0.438868526594  0.319188776603  0.241942696802  0.8  1.2  0.516114606396  0.638377553207  960.0   12.088027032   -0.296069741477  -0.408347823775
-0.133333333333  1.06666666667  -0.933333333333  0.438586479833  0.319077324891  0.242336195276  0.8  1.2  0.515327609449  0.638154649782  970.0   11.9634081967  -0.296462036593  -0.407843037224
-0.133333333333  1.06666666667  -0.933333333333  0.438562487725  0.319121542905  0.24231596937   0.8  1.2  0.515368061259  0.638243085809  980.0   11.8413326028  -0.296086374733  -0.407605860045
-0.133333333333  1.06666666667  -0.933333333333  0.438601823623  0.319225462211  0.242172714166  0.8  1.2  0.515654571668  0.638450924422  990.0   11.7217231826  -0.29557253846   -0.407570638434
-0.133333333333  1.06666666667  -0.933333333333  0.436083768167  0.316143313232  0.247772918601  0.8  1.2  0.504454162798  0.632286626464  1000.0  11.6045059507  -0.315344600102  -0.410985215431
-0.133333333333  1.06666666667  -0.933333333333  0.441123645283  0.313175266257  0.245701088461  0.8  1.2  0.508597823079  0.626350532513  1010.0  11.4896098522  -0.327052259057  -0.41888448987
-0.133333333333  1.06666666667  -0.933333333333  0.441076637489  0.313241941999  0.245681420511  0.8  1.2  0.508637158977  0.626483883999  1020.0  11.3769666184  -0.32673007862   -0.418753799933
-0.133333333333  1.06666666667  -0.933333333333  0.441099653175  0.313270118778  0.245630228048  0.8  1.2  0.508739543904  0.626540237555  1030.0  11.2665106318  -0.326432591443  -0.418605844967
-0.133333333333  1.06666666667  -0.933333333333  0.440973415628  0.313247940026  0.245778644345  0.8  1.2  0.508442711309  0.626495880053  1040.0  11.1581787988  -0.326594397784  -0.418476956228
-0.133333333333  1.06666666667  -0.933333333333  0.441006474521  0.313285462568  0.245708062911  0.8  1.2  0.508583874179  0.626570925136  1050.0  11.0519104293  -0.326200401421  -0.41828594426
-0.133333333333  1.06666666667  -0.933333333333  0.440982342924  0.313293692419  0.245723964657  0.8  1.2  0.508552070686  0.626587384838  1060.0  10.9476471233  -0.326064066031  -0.418143917719
-0.133333333333  1.06666666667  -0.933333333333  0.440945936295  0.313341816124  0.245712247581  0.8  1.2  0.508575504839  0.626683632249  1070.0  10.8453326643  -0.325809784288  -0.418023880191
-0.133333333333  1.06666666667  -0.933333333333  0.440976484386  0.31331866095   0.245704854664  0.8  1.2  0.508590290673  0.6266373219    1080.0  10.7449129174  -0.325695956665  -0.417866308817
-0.133333333333  1.06666666667  -0.933333333333  0.440874378437  0.313391613698  0.245734007865  0.8  1.2  0.50853198427   0.626783227396  1090.0  10.6463357346  -0.325443296584  -0.417742090208
-0.133333333333  1.06666666667  -0.933333333333  0.440898789012  0.313381012534  0.245720198454  0.8  1.2  0.508559603092  0.626762025068  1100.0  10.5495508643  -0.325314636472  -0.417610082361
-0.133333333333  1.06666666667  -0.933333333333  0.440951236877  0.313284765123  0.245763998     0.8  1.2  0.508472003999  0.626569530246  1110.0  10.4545098655  -0.325408630031  -0.417403002859
-0.133333333333  1.06666666667  -0.933333333333  0.440870333256  0.313359670717  0.245769996027  0.8  1.2  0.508460007945  0.626719341433  1120.0  10.3611660275  -0.325057691003  -0.417222240413
-0.133333333333  1.06666666667  -0.933333333333  0.440780502339  0.313298993001  0.24592050466   0.8  1.2  0.50815899068   0.626597986002  1130.0  10.2694742927  -0.325259401673  -0.417037510753
-0.133333333333  1.06666666667  -0.933333333333  0.440810771452  0.313262167905  0.245927060643  0.8  1.2  0.508145878714  0.626524335809  1140.0  10.1793911849  -0.325202878195  -0.416882117471
-0.133333333333  1.06666666667  -0.933333333333  0.440773946356  0.313412955515  0.245813098129  0.8  1.2  0.508373803742  0.626825911031  1150.0  10.0908747398  -0.324486780308  -0.416710249872
-0.133333333333  1.06666666667  -0.933333333333  0.440743398265  0.313339863278  0.245916738457  0.8  1.2  0.508166523086  0.626679726557  1160.0  10.0038844403  -0.324730090739  -0.416612314409
-0.133333333333  1.06666666667  -0.933333333333  0.440687323686  0.313277930162  0.246034746152  0.8  1.2  0.507930507695  0.626555860324  1170.0  9.91838115449  -0.324765905814  -0.416310677692
-0.133333333333  1.06666666667  -0.933333333333  0.440684115439  0.313327448757  0.245988435804  0.8  1.2  0.508023128392  0.626654897515  1180.0  9.83432707691  -0.324438754435  -0.4161764675
-0.133333333333  1.06666666667  -0.933333333333  0.44064477954   0.313394821945  0.245960398514  0.8  1.2  0.508079202971  0.62678964389   1190.0  9.7516856729   -0.324014177267  -0.415958445645
-0.133333333333  1.06666666667  -0.933333333333  0.440594424011  0.31338157049   0.246024005499  0.8  1.2  0.507951989002  0.62676314098   1200.0  9.67042162562  -0.323940559924  -0.415751253635
-0.133333333333  1.06666666667  -0.933333333333  0.440565828766  0.313406260043  0.246027911191  0.8  1.2  0.507944177617  0.626812520086  1210.0  9.59050078574  -0.323706328955  -0.415570028486
-0.133333333333  1.06666666667  -0.933333333333  0.440505011561  0.313329122625  0.246165865814  0.8  1.2  0.507668268372  0.626658245251  1220.0  9.51189012357  -0.323877528844  -0.415335371176
-0.133333333333  1.06666666667  -0.933333333333  0.440631807063  0.313264957685  0.246103235252  0.8  1.2  0.507793529496  0.626529915369  1230.0  9.43455768354  -0.323765314914  -0.415169370287
-0.133333333333  1.06666666667  -0.933333333333  0.440343762275  0.313381431001  0.246274806724  0.8  1.2  0.507450386552  0.626762862002  1240.0  9.35847254093  -0.323531791195  -0.414940868172
-0.133333333333  1.06666666667  -0.933333333333  0.440420062759  0.313441550761  0.246138386481  0.8  1.2  0.507723227039  0.626883101521  1250.0  9.2836047606   -0.322958335195  -0.414729971985
-0.133333333333  1.06666666667  -0.933333333333  0.440456469388  0.313330796493  0.246212734118  0.8  1.2  0.507574531763  0.626661592987  1260.0  9.20992535774  -0.323117888836  -0.414504759165
-0.133333333333  1.06666666667  -0.933333333333  0.440396070651  0.313291600084  0.246312329265  0.8  1.2  0.507375341469  0.626583200168  1270.0  9.13740626043  -0.323102147651  -0.414235594361
-0.133333333333  1.06666666667  -0.933333333333  0.440514217835  0.313277093228  0.246208688937  0.8  1.2  0.507582622125  0.626554186456  1280.0  9.06602027402  -0.322824112632  -0.414088567413
-0.133333333333  1.06666666667  -0.933333333333  0.440385748465  0.313311128544  0.246303122991  0.8  1.2  0.507393754017  0.626622257088  1290.0  8.99574104709  -0.322607719449  -0.413802764502
-0.133333333333  1.06666666667  -0.933333333333  0.440375426278  0.313239849664  0.246384724057  0.8  1.2  0.507230551885  0.626479699329  1300.0  8.92654303904  -0.322681845492  -0.413575259529
-0.133333333333  1.06666666667  -0.933333333333  0.440366638471  0.313343489993  0.246289871536  0.8  1.2  0.507420256928  0.626686979985  1310.0  8.85840148912  -0.322056889432  -0.413350804289
-0.133333333333  1.06666666667  -0.933333333333  0.440251281067  0.313176382169  0.246572336764  0.8  1.2  0.506855326471  0.626352764337  1320.0  8.79129238693  -0.322648160368  -0.413089072083
-0.133333333333  1.06666666667  -0.933333333333  0.440203854806  0.313281696365  0.246514448829  0.8  1.2  0.506971102343  0.62656339273   1330.0  8.72519244417  -0.322026503063  -0.412812789546
-0.133333333333  1.06666666667  -0.933333333333  0.440119742939  0.313288531326  0.246591725736  0.8  1.2  0.506816548529  0.626577062652  1340.0  8.66007906772  -0.321895289143  -0.412574336481
-0.133333333333  1.06666666667  -0.933333333333  0.440134249795  0.313242918422  0.246622831783  0.8  1.2  0.506754336434  0.626485836845  1350.0  8.59593033389  -0.321947443906  -0.412467250601
-0.133333333333  1.06666666667  -0.933333333333  0.440090729226  0.31325435652   0.246654914253  0.8  1.2  0.506690171493  0.626508713041  1360.0  8.53272496379  -0.3215931825    -0.412089108677
-0.133333333333  1.06666666667  -0.933333333333  0.440098261632  0.313228830033  0.246672908335  0.8  1.2  0.506654183331  0.626457660066  1370.0  8.47044229982  -0.32136684026   -0.411772712338
-0.133333333333  1.06666666667  -0.933333333333  0.440006896336  0.313240128642  0.246752975021  0.8  1.2  0.506494049957  0.626480257285  1380.0  8.40906228315  -0.321319797944  -0.411624679985
-0.133333333333  1.06666666667  -0.933333333333  0.439996853128  0.313223250473  0.246779896399  0.8  1.2  0.506440207203  0.626446500946  1390.0  8.34856543219  -0.320970295242  -0.411191595473
-0.133333333333  1.06666666667  -0.933333333333  0.440022798082  0.313071765417  0.2469054365    0.8  1.2  0.506189127     0.626143530835  1400.0  8.28893282196  -0.3213289575    -0.410985829435
-0.133333333333  1.06666666667  -0.933333333333  0.439956819785  0.313088643587  0.246954536629  0.8  1.2  0.506090926743  0.626177287173  1410.0  8.23014606436  -0.320997992696  -0.410616812031
-0.133333333333  1.06666666667  -0.933333333333  0.439878566455  0.313150855681  0.246970577864  0.8  1.2  0.506058844272  0.626301711363  1420.0  8.17218728926  -0.320448570226  -0.410191032612
-0.133333333333  1.06666666667  -0.933333333333  0.439911485859  0.313115983431  0.24697253071   0.8  1.2  0.50605493858   0.626231966862  1430.0  8.1150391264   -0.320436423874  -0.410092068306
-0.133333333333  1.06666666667  -0.933333333333  0.43978008722   0.313064093522  0.247155819258  0.8  1.2  0.505688361484  0.626128187045  1440.0  8.05868468802  -0.320413583614  -0.409651430588
-0.133333333333  1.06666666667  -0.933333333333  0.4398107748    0.312964498375  0.247224726825  0.8  1.2  0.505550546351  0.62592899675   1450.0  8.00310755224  -0.320358710237  -0.409247276751
-0.133333333333  1.06666666667  -0.933333333333  0.43976474343   0.31297914472   0.24725611185   0.8  1.2  0.5054877763    0.625958289441  1460.0  7.94829174709  -0.320243693561  -0.409117195263
-0.133333333333  1.06666666667  -0.933333333333  0.439674912512  0.313017783174  0.247307304314  0.8  1.2  0.505385391373  0.626035566348  1470.0  7.8942217352   -0.319666585738  -0.408550911786
-0.133333333333  1.06666666667  -0.933333333333  0.439770741457  0.312945946338  0.247283312205  0.8  1.2  0.505433375589  0.625891892676  1480.0  7.84088239916  -0.319430368916  -0.408180673932
-0.133333333333  1.06666666667  -0.933333333333  0.439535981467  0.312948596629  0.247515421904  0.8  1.2  0.504969156192  0.625897193258  1490.0  7.78825902735  -0.319657819104  -0.4080431093
-0.133333333333  1.06666666667  -0.933333333333  0.439624835961  0.312917211604  0.247457952435  0.8  1.2  0.505084095129  0.625834423207  1500.0  7.7363373005   -0.319032905208  -0.407434822494
-0.133333333333  1.06666666667  -0.933333333333  0.439411696767  0.312829473022  0.247758830212  0.8  1.2  0.504482339576  0.625658946043  1510.0  7.68510327864  -0.319451997806  -0.407161938052
-0.133333333333  1.06666666667  -0.933333333333  0.439451869599  0.312803249089  0.247744881312  0.8  1.2  0.504510237377  0.625606498179  1520.0  7.63454338865  -0.319132352691  -0.40680167374
-0.133333333333  1.06666666667  -0.933333333333  0.439341952266  0.312822080105  0.24783596763   0.8  1.2  0.504328064741  0.625644160209  1530.0  7.58464441225  -0.318689760225  -0.406258537602
-0.133333333333  1.06666666667  -0.933333333333  0.439266070249  0.312811757919  0.247922171833  0.8  1.2  0.504155656335  0.625623515837  1540.0  7.53539347451  -0.31853722458   -0.405943301986
-0.133333333333  1.06666666667  -0.933333333333  0.439313078042  0.312632235573  0.248054686384  0.8  1.2  0.503890627232  0.625264471147  1550.0  7.48677803274  -0.318750171667  -0.405513372162
-0.133333333333  1.06666666667  -0.933333333333  0.439209158736  0.312640046958  0.248150794306  0.8  1.2  0.503698411388  0.625280093915  1560.0  7.43878586587  -0.31851049827   -0.405138673412
-0.133333333333  1.06666666667  -0.933333333333  0.439210972093  0.312624563678  0.248164464228  0.8  1.2  0.503671071543  0.625249127357  1570.0  7.39140506417  -0.318044848522  -0.404613991918
-0.133333333333  1.06666666667  -0.933333333333  0.439232034933  0.31246233797   0.248305627098  0.8  1.2  0.503388745804  0.624924675939  1580.0  7.34462401946  -0.31833036354   -0.404284304643
-0.133333333333  1.06666666667  -0.933333333333  0.439009549975  0.312530548091  0.248459901934  0.8  1.2  0.503080196133  0.625061096183  1590.0  7.29843141557  -0.317810215818  -0.403681021477
-0.133333333333  1.06666666667  -0.933333333333  0.439077062652  0.312481587452  0.248441349896  0.8  1.2  0.503117300207  0.624963174904  1600.0  7.25281621922  -0.317444645899  -0.403227629282
-0.133333333333  1.06666666667  -0.933333333333  0.438903677823  0.312387432376  0.248708889801  0.8  1.2  0.502582220397  0.624774864751  1610.0  7.20776767127  -0.31762876385   -0.402757711203
-0.133333333333  1.06666666667  -0.933333333333  0.438929622777  0.312323267435  0.248747109788  0.8  1.2  0.502505780424  0.62464653487   1620.0  7.16327527824  -0.317169329144  -0.402083128661
-0.133333333333  1.06666666667  -0.933333333333  0.438886241698  0.312335124     0.248778634302  0.8  1.2  0.502442731396  0.624670248     1630.0  7.11932880414  -0.316763105828  -0.401654921878
-0.133333333333  1.06666666667  -0.933333333333  0.438829748652  0.312247524907  0.248922726441  0.8  1.2  0.502154547118  0.624495049814  1640.0  7.07591826265  -0.316941403368  -0.401392434172
-0.133333333333  1.06666666667  -0.933333333333  0.438714670226  0.312154625232  0.249130704542  0.8  1.2  0.501738590916  0.624309250464  1650.0  7.03303390954  -0.316680092674  -0.400575399296
-0.133333333333  1.06666666667  -0.933333333333  0.438461358199  0.312317687875  0.249220953926  0.8  1.2  0.501558092148  0.62463537575   1660.0  6.99066623539  -0.31566750803   -0.399809765981
-0.133333333333  1.06666666667  -0.933333333333  0.437127982833  0.314012897711  0.248859119456  0.8  1.2  0.502281761088  0.628025795422  1670.0  6.94880595853  -0.31063486741   -0.39942456412
-0.133333333333  1.06666666667  -0.933333333333  0.450162253607  0.31328518359   0.236552562804  0.8  1.2  0.526894874393  0.62657036718   1680.0  6.9074440183   -0.304195073305  -0.410928746768
-0.133333333333  1.06666666667  -0.933333333333  0.480862108984  0.313240128642  0.205897762373  0.8  1.2  0.588204475254  0.626480257285  1690.0  6.86657156849  -0.287241769964  -0.442914992241
-0.133333333333  1.06666666667  -0.933333333333  0.480511294145  0.313438342514  0.206050363341  0.8  1.2  0.587899273318  0.626876685027  1700.0  6.82617997103  -0.286516851434  -0.442421625454
-0.133333333333  1.06666666667  -0.933333333333  0.48036259887   0.313378641221  0.206258759909  0.8  1.2  0.587482480181  0.626757282442  1710.0  6.78626078991  -0.286849586004  -0.442277642412
-0.133333333333  1.06666666667  -0.933333333333  0.480058512846  0.313474470165  0.206467016989  0.8  1.2  0.587065966023  0.62694894033   1720.0  6.74680578532  -0.286305121974  -0.441629956522
-0.133333333333  1.06666666667  -0.933333333333  0.479985002143  0.313404586175  0.206610411682  0.8  1.2  0.586779176635  0.62680917235   1730.0  6.70780690795  -0.286468389801  -0.441396071263
-0.133333333333  1.06666666667  -0.933333333333  0.479648275693  0.313338747366  0.207012976941  0.8  1.2  0.585974046118  0.626677494733  1740.0  6.66925629353  -0.286731806838  -0.440857370746
-0.133333333333  1.06666666667  -0.933333333333  0.479510600048  0.31338157049   0.207107829462  0.8  1.2  0.585784341076  0.62676314098   1750.0  6.63114625757  -0.286430909077  -0.440507484447
-0.133333333333  1.06666666667  -0.933333333333  0.47937906192   0.313292437018  0.207328501062  0.8  1.2  0.585342997875  0.626584874036  1760.0  6.5934692902   -0.286559405223  -0.4400689857
-0.133333333333  1.06666666667  -0.933333333333  0.47895292302   0.313423835657  0.207623241323  0.8  1.2  0.584753517355  0.626847671315  1770.0  6.55621805127  -0.286254325601  -0.439607678396
-0.133333333333  1.06666666667  -0.933333333333  0.478757917396  0.313356322981  0.207885759624  0.8  1.2  0.584228480753  0.626712645961  1780.0  6.51938536559  -0.286391404908  -0.439162697997
-0.133333333333  1.06666666667  -0.933333333333  0.478666133633  0.313356601959  0.207977264409  0.8  1.2  0.584045471183  0.626713203917  1790.0  6.4829642183   -0.286152521452  -0.438778076432
-0.133333333333  1.06666666667  -0.933333333333  0.478307228432  0.313388963407  0.208303808161  0.8  1.2  0.583392383677  0.626777926814  1800.0  6.44694775042  -0.286025444024  -0.438206196475
-0.133333333333  1.06666666667  -0.933333333333  0.478162717826  0.313297877089  0.208539405085  0.8  1.2  0.58292118983   0.626595754178  1810.0  6.41132925456  -0.286255050137  -0.437840240348
-0.133333333333  1.06666666667  -0.933333333333  0.478063959613  0.313260633526  0.208675406862  0.8  1.2  0.582649186277  0.626521267051  1820.0  6.37610217074  -0.286299118441  -0.437577321257
-0.133333333333  1.06666666667  -0.933333333333  0.477760292056  0.313266213086  0.208973494858  0.8  1.2  0.582053010284  0.626532426171  1830.0  6.34126008238  -0.286079845425  -0.436894498391
-0.133333333333  1.06666666667  -0.933333333333  0.477472805224  0.31330052738   0.209226667396  0.8  1.2  0.581546665209  0.62660105476   1840.0  6.30679671236  -0.285905503407  -0.436397434619
-0.133333333333  1.06666666667  -0.933333333333  0.477277660111  0.313224366385  0.209497973504  0.8  1.2  0.581004052992  0.62644873277   1850.0  6.27270591932  -0.28610058449   -0.435975639541
-0.133333333333  1.06666666667  -0.933333333333  0.477217819329  0.313323124598  0.209459056072  0.8  1.2  0.581081887855  0.626646249197  1860.0  6.23898169395  -0.285563496508  -0.435737839162
-0.133333333333  1.06666666667  -0.933333333333  0.47682236801   0.313178613993  0.209999017997  0.8  1.2  0.580001964005  0.626357227985  1870.0  6.20561815548  -0.285979421039  -0.434942999159
-0.133333333333  1.06666666667  -0.933333333333  0.47662959421   0.313298295556  0.210072110234  0.8  1.2  0.579855779531  0.626596591112  1880.0  6.17260954827  -0.2854905043    -0.434624370593
-0.133333333333  1.06666666667  -0.933333333333  0.476301655567  0.313259657103  0.21043868733   0.8  1.2  0.579122625339  0.626519314205  1890.0  6.13995023849  -0.285515768408  -0.433970379058
-0.133333333333  1.06666666667  -0.933333333333  0.475996872099  0.31329215804   0.210710969861  0.8  1.2  0.578578060277  0.62658431608   1900.0  6.10763471092  -0.285291158574  -0.433388119425
-0.133333333333  1.06666666667  -0.933333333333  0.475941913432  0.313200374277  0.210857712291  0.8  1.2  0.578284575418  0.626400748554  1910.0  6.07565756584  -0.285483282264  -0.433125174196
-0.133333333333  1.06666666667  -0.933333333333  0.475626947266  0.313266492064  0.21110656067   0.8  1.2  0.57778687866   0.626532984127  1920.0  6.04401351602  -0.285272850559  -0.432675267773
-0.133333333333  1.06666666667  -0.933333333333  0.47545035419   0.313198142453  0.211351503357  0.8  1.2  0.577296993287  0.626396284906  1930.0  6.01269738381  -0.285307020921  -0.432153490771
-0.133333333333  1.06666666667  -0.933333333333  0.475243073534  0.313179869394  0.211577057072  0.8  1.2  0.576845885856  0.626359738787  1940.0  5.98170409833  -0.28508328819   -0.431525016753
-0.133333333333  1.06666666667  -0.933333333333  0.474979718299  0.313253240608  0.211767041092  0.8  1.2  0.576465917815  0.626506481217  1950.0  5.95102869269  -0.284684623438  -0.430998468484
-0.133333333333  1.06666666667  -0.933333333333  0.4747057619    0.31322645872   0.21206777938   0.8  1.2  0.575864441241  0.62645291744   1960.0  5.9206663014   -0.284897416498  -0.430665803752
-0.133333333333  1.06666666667  -0.933333333333  0.474682606726  0.313207627705  0.212109765569  0.8  1.2  0.575780468862  0.62641525541   1970.0  5.89061215774  -0.284355282209  -0.430011297123
-0.133333333333  1.06666666667  -0.933333333333  0.474457192499  0.313242220977  0.212300586523  0.8  1.2  0.575398826953  0.626484441955  1980.0  5.86086159129  -0.284321809595  -0.429755534836
-0.133333333333  1.06666666667  -0.933333333333  0.473971770774  0.313212649309  0.212815579917  0.8  1.2  0.574368840166  0.626425298618  1990.0  5.8314100255   -0.284275623901  -0.428814387708
-0.133333333333  1.06666666667  -0.933333333333  0.473738405674  0.313308478253  0.212953116073  0.8  1.2  0.574093767855  0.626616956506  2000.0  5.80225297537  -0.283748321178  -0.428297016602
-0.133333333333  1.06666666667  -0.933333333333  0.473349510338  0.313316289637  0.213334200025  0.8  1.2  0.57333159995   0.626632579274  2010.0  5.77338604515  -0.283596549312  -0.427554257734
-0.133333333333  1.06666666667  -0.933333333333  0.473203465353  0.313236780906  0.213559753741  0.8  1.2  0.572880492519  0.626473561813  2020.0  5.74480492611  -0.283688412124  -0.427094413648
-0.133333333333  1.06666666667  -0.933333333333  0.473086713059  0.313236780906  0.213676506035  0.8  1.2  0.57264698793   0.626473561813  2030.0  5.71650539446  -0.283551422686  -0.426770620538
-0.133333333333  1.06666666667  -0.933333333333  0.472793786156  0.313254077542  0.213952136302  0.8  1.2  0.572095727396  0.626508155085  2040.0  5.68848330919  -0.283264025664  -0.426083727016
-0.133333333333  1.06666666667  -0.933333333333  0.472465010579  0.313271792646  0.214263196775  0.8  1.2  0.571473606449  0.626543585291  2050.0  5.66073461012  -0.282999880253  -0.425364401095
-0.133333333333  1.06666666667  -0.933333333333  0.472135677046  0.31321250982   0.214651813134  0.8  1.2  0.570696373732  0.62642501964   2060.0  5.6332553159   -0.282931114793  -0.42453157068
-0.133333333333  1.06666666667  -0.933333333333  0.471969964112  0.313277372206  0.214752663682  0.8  1.2  0.570494672636  0.626554744412  2070.0  5.6060415221   -0.282444620041  -0.424039384776
-0.133333333333  1.06666666667  -0.933333333333  0.471850701016  0.313163828158  0.214985470826  0.8  1.2  0.570029058349  0.626327656317  2080.0  5.5790893994   -0.28284135126   -0.423791118853
-0.133333333333  1.06666666667  -0.933333333333  0.471515369456  0.313075810598  0.215408819945  0.8  1.2  0.569182360109  0.626151621197  2090.0  5.55239519175  -0.282825186745  -0.422886353602
-0.133333333333  1.06666666667  -0.933333333333  0.471037201159  0.313214044199  0.215748754642  0.8  1.2  0.568502490716  0.626428088398  2100.0  5.52595521464  -0.282422702778  -0.422271734762
-0.133333333333  1.06666666667  -0.933333333333  0.471100529165  0.313136767292  0.215762703542  0.8  1.2  0.568474592915  0.626273534584  2110.0  5.49976585344  -0.282197563974  -0.42183881314
-0.133333333333  1.06666666667  -0.933333333333  0.47072404835   0.313076787021  0.216199164628  0.8  1.2  0.567601670743  0.626153574043  2120.0  5.47382356168  -0.282055889914  -0.420854848694
-0.133333333333  1.06666666667  -0.933333333333  0.470421915173  0.313171081587  0.216407003241  0.8  1.2  0.567185993519  0.626342163173  2130.0  5.44812485951  -0.281566771941  -0.420259495897
-0.133333333333  1.06666666667  -0.933333333333  0.47029511967   0.313073718263  0.216631162066  0.8  1.2  0.566737675868  0.626147436527  2140.0  5.42266633213  -0.281584704851  -0.419685102711
-0.133333333333  1.06666666667  -0.933333333333  0.469945281254  0.313077066     0.216977652746  0.8  1.2  0.566044694508  0.626154131999  2150.0  5.39744462826  -0.281502430544  -0.419056477883
-0.133333333333  1.06666666667  -0.933333333333  0.469522490091  0.313084458917  0.217393050993  0.8  1.2  0.565213898015  0.626168917833  2160.0  5.37245645868  -0.281239731244  -0.418146884389
-0.133333333333  1.06666666667  -0.933333333333  0.469217846111  0.313210138507  0.217572015382  0.8  1.2  0.564855969237  0.626420277014  2170.0  5.34769859482  -0.280743232935  -0.417665674074
-0.133333333333  1.06666666667  -0.933333333333  0.469020050707  0.313076647532  0.21790330176   0.8  1.2  0.564193396479  0.626153295065  2180.0  5.32316786732  -0.280891583588  -0.416963588183
-0.133333333333  1.06666666667  -0.933333333333  0.468603815526  0.313083482494  0.21831270198   0.8  1.2  0.56337459604   0.626166964987  2190.0  5.29886116473  -0.280537115193  -0.415970483342
-0.133333333333  1.06666666667  -0.933333333333  0.468453585872  0.313057677028  0.2184887371    0.8  1.2  0.5630225258    0.626115354057  2200.0  5.27477543216  -0.280125906956  -0.415215685797
-0.133333333333  1.06666666667  -0.933333333333  0.468052276014  0.313194097272  0.218753626714  0.8  1.2  0.562492746572  0.626388194544  2210.0  5.25090767002  -0.279456792219  -0.414450156263
-0.133333333333  1.06666666667  -0.933333333333  0.467860339148  0.313081669137  0.219057991715  0.8  1.2  0.561884016569  0.626163338273  2220.0  5.22725493277  -0.279409031168  -0.413645583684
-0.133333333333  1.06666666667  -0.933333333333  0.467448149148  0.313059908852  0.219491941999  0.8  1.2  0.561016116001  0.626119817705  2230.0  5.20381432769  -0.279517936759  -0.413007944139
-0.133333333333  1.06666666667  -0.933333333333  0.46723277813   0.313031732074  0.219735489796  0.8  1.2  0.560529020408  0.626063464148  2240.0  5.18058301373  -0.278928054937  -0.411960761574
-0.133333333333  1.06666666667  -0.933333333333  0.466702719924  0.313081529648  0.220215750429  0.8  1.2  0.559568499143  0.626163059295  2250.0  5.15755820033  -0.278862329436  -0.411246133238
-0.133333333333  1.06666666667  -0.933333333333  0.466424299877  0.313098965773  0.22047673435   0.8  1.2  0.559046531299  0.626197931545  2260.0  5.13473714635  -0.278127120494  -0.410135196721
-0.133333333333  1.06666666667  -0.933333333333  0.466171266828  0.313055863671  0.220772869501  0.8  1.2  0.558454260998  0.626111727343  2270.0  5.11211715892  -0.278174003795  -0.409604818738
-0.133333333333  1.06666666667  -0.933333333333  0.465849186723  0.312901867814  0.221248945463  0.8  1.2  0.557502109074  0.625803735627  2280.0  5.08969559243  -0.278160238184  -0.408459741529
-0.133333333333  1.06666666667  -0.933333333333  0.465687379482  0.312940645756  0.221371974763  0.8  1.2  0.557256050475  0.625881291512  2290.0  5.06746984749  -0.277625937939  -0.407821661466
-0.133333333333  1.06666666667  -0.933333333333  0.465127749607  0.312797669529  0.222074580863  0.8  1.2  0.555850838273  0.625595339059  2300.0  5.04543736989  -0.27785667876   -0.406585089582
-0.133333333333  1.06666666667  -0.933333333333  0.460191233842  0.308503361127  0.231305405031  0.8  1.2  0.537389189937  0.617006722254  2310.0  5.02359564968  -0.288223669177  -0.391876421165
-0.133333333333  1.06666666667  -0.933333333333  0.426796590442  0.274748557126  0.298454852432  0.8  1.2  0.403090295136  0.549497114252  2320.0  5.00194222015  -0.375399850854  -0.290601957398
-0.133333333333  1.06666666667  -0.933333333333  0.42696314031   0.274366078283  0.298670781406  0.8  1.2  0.402658437188  0.548732156567  2330.0  4.98047465697  -0.376198025923  -0.290136696887
-0.133333333333  1.06666666667  -0.933333333333  0.426763252571  0.274302471299  0.29893427613   0.8  1.2  0.40213144774   0.548604942597  2340.0  4.95919057724  -0.376435825335  -0.289800247977
-0.133333333333  1.06666666667  -0.933333333333  0.426906647265  0.273885817651  0.299207535084  0.8  1.2  0.401584929831  0.547771635302  2350.0  4.93808763862  -0.377243885122  -0.289171124683
-0.133333333333  1.06666666667  -0.933333333333  0.426946262141  0.273942729164  0.299111008695  0.8  1.2  0.40177798261   0.547885458327  2360.0  4.91716353845  -0.376602879389  -0.288821148803
-0.133333333333  1.06666666667  -0.933333333333  0.427042649041  0.273550207113  0.299407143846  0.8  1.2  0.401185712309  0.547100414227  2370.0  4.89641601298  -0.377098808571  -0.287901208823
-0.133333333333  1.06666666667  -0.933333333333  0.427147126303  0.273399558992  0.299453314705  0.8  1.2  0.40109337059   0.546799117983  2380.0  4.87584283645  -0.377392504194  -0.287759475579
-0.133333333333  1.06666666667  -0.933333333333  0.427114206899  0.273209993438  0.299675799663  0.8  1.2  0.400648400675  0.546419986877  2390.0  4.8554418204   -0.377543365696  -0.287099403822
-0.133333333333  1.06666666667  -0.933333333333  0.427230401237  0.273028518247  0.299741080515  0.8  1.2  0.400517838969  0.546057036495  2400.0  4.83521081281  -0.377902056063  -0.286918104365
