#mu0            mu1             mu2              x0              x1                 x2              mua  mub   xa              xb                 T       b              u               phi
0.366666666667  0.266666666667  -0.633333333333  0.609478779817  0.0                0.390521220183  1.0  -0.1  0.218957559634  0.0                30.0    386.816865025  -1.10511599328  -1.05740688625
0.366666666667  0.266666666667  -0.633333333333  0.613200485868  0.0                0.386799514132  1.0  -0.1  0.226400971736  0.0                40.0    290.112648769  -1.09801914073  -1.0577534458
0.366666666667  0.266666666667  -0.633333333333  0.61546216054   0.0                0.38453783946   1.0  -0.1  0.230924321079  0.0                50.0    232.090119015  -1.09383405344  -1.05809170786
0.366666666667  0.266666666667  -0.633333333333  0.615954835693  0.0                0.384045164307  1.0  -0.1  0.231909671386  0.0                60.0    193.408432513  -1.09305061565  -1.05829362037
0.366666666667  0.266666666667  -0.633333333333  0.617991375116  0.0                0.382008624884  1.0  -0.1  0.235982750232  0.0                70.0    165.778656439  -1.08946543306  -1.05878151663
0.366666666667  0.266666666667  -0.633333333333  0.624687265658  0.0                0.375312734342  1.0  -0.1  0.249374531317  0.0                80.0    145.056324384  -1.07692583783  -1.05963370248
0.366666666667  0.266666666667  -0.633333333333  0.624359466505  0.0                0.375640533495  1.0  -0.1  0.24871893301   0.0                90.0    128.938955008  -1.07754299409  -1.05959526044
0.366666666667  0.266666666667  -0.633333333333  0.623915194035  0.0                0.376084805965  1.0  -0.1  0.24783038807   0.0                100.0   116.045059507  -1.07838053192  -1.05954425332
0.366666666667  0.266666666667  -0.633333333333  0.623189572249  0.0                0.376810427751  1.0  -0.1  0.246379144497  0.0                110.0   105.495508643  -1.07973774379  -1.05945022162
0.366666666667  0.266666666667  -0.633333333333  0.622338131383  0.0                0.377661868617  1.0  -0.1  0.244676262766  0.0                120.0   96.7042162563  -1.0813407627   -1.0593503588
0.366666666667  0.266666666667  -0.633333333333  0.621462419431  0.0                0.378537580569  1.0  -0.1  0.242924838862  0.0                130.0   89.2654303904  -1.08297579486  -1.05923396705
0.366666666667  0.266666666667  -0.633333333333  0.620278994742  0.0                0.379721005258  1.0  -0.1  0.240557989484  0.0                140.0   82.8893282196  -1.08520142092  -1.05909274374
0.366666666667  0.266666666667  -0.633333333333  0.619351950837  0.0                0.380648049163  1.0  -0.1  0.238703901675  0.0                150.0   77.363373005   -1.086937956    -1.058975191
0.366666666667  0.266666666667  -0.633333333333  0.618314571133  0.0                0.381685428867  1.0  -0.1  0.236629142265  0.0                160.0   72.5281621922  -1.08886135892  -1.05882383452
0.366666666667  0.266666666667  -0.633333333333  0.617283468433  0.0                0.382716531567  1.0  -0.1  0.234566936866  0.0                170.0   68.2617997103  -1.0907476754   -1.05864794559
0.366666666667  0.266666666667  -0.633333333333  0.616125291253  0.0                0.383874708747  1.0  -0.1  0.232250582506  0.0                180.0   64.4694775042  -1.09285800056  -1.0584419164
0.366666666667  0.266666666667  -0.633333333333  0.615257251196  0.0                0.384742748804  1.0  -0.1  0.230514502393  0.0                190.0   61.0763471092  -1.09444743901  -1.05829527473
0.366666666667  0.266666666667  -0.633333333333  0.611777558563  0.0                0.388222441437  1.0  -0.1  0.223555117126  0.0                200.0   58.0225297537  -1.1007417113   -1.05763016176
0.366666666667  0.266666666667  -0.633333333333  0.609948578774  0.0                0.390051421226  1.0  -0.1  0.219897157549  0.0                210.0   55.2595521464  -1.10385784615  -1.05708833703
0.366666666667  0.266666666667  -0.633333333333  0.609165348031  0.0                0.390834651969  1.0  -0.1  0.218330696061  0.0                220.0   52.7477543216  -1.10522717869  -1.05689120808
0.366666666667  0.266666666667  -0.633333333333  0.60784661901   0.0                0.39215338099   1.0  -0.1  0.21569323802   0.0                230.0   50.4543736989  -1.10753219284  -1.05655876419
0.366666666667  0.266666666667  -0.633333333333  0.60723328587   0.0                0.39276671413   1.0  -0.1  0.21446657174   0.0                240.0   48.3521081281  -1.10862671208  -1.05642661715
0.366666666667  0.266666666667  -0.633333333333  0.606216690026  0.0                0.393783309974  1.0  -0.1  0.212433380053  0.0                250.0   46.418023803   -1.1105047204   -1.05627143378
0.366666666667  0.266666666667  -0.633333333333  0.605361064491  0.0                0.394638935509  1.0  -0.1  0.210722128982  0.0                260.0   44.6327151952  -1.11202889444  -1.05608435676
0.366666666667  0.266666666667  -0.633333333333  0.604552865216  0.0                0.395447134784  1.0  -0.1  0.209105730431  0.0                270.0   42.9796516694  -1.11349193663  -1.05593100039
0.366666666667  0.266666666667  -0.633333333333  0.603790139355  0.0                0.396209860645  1.0  -0.1  0.20758027871   0.0                280.0   41.4446641098  -1.11490439023  -1.05581800228
0.366666666667  0.266666666667  -0.633333333333  0.602896433322  0.0                0.397103566678  1.0  -0.1  0.205792866644  0.0                290.0   40.0155377612  -1.11651421781  -1.05564041778
0.366666666667  0.266666666667  -0.633333333333  0.602285332006  0.0                0.397714667994  1.0  -0.1  0.204570664012  0.0                300.0   38.6816865025  -1.1175882992   -1.05549229655
0.366666666667  0.266666666667  -0.633333333333  0.601687621634  0.0                0.398312378366  1.0  -0.1  0.203375243269  0.0                310.0   37.4338901637  -1.11866571618  -1.05537429278
0.366666666667  0.266666666667  -0.633333333333  0.601160353208  0.0                0.398839646792  1.0  -0.1  0.202320706417  0.0                320.0   36.2640810961  -1.11959895562  -1.05525299537
0.366666666667  0.266666666667  -0.633333333333  0.600385073338  0.0                0.399614926662  1.0  -0.1  0.200770146675  0.0                330.0   35.1651695477  -1.12100442003  -1.05510790003
0.366666666667  0.266666666667  -0.633333333333  0.599920017006  0.0                0.400079982994  1.0  -0.1  0.199840034013  0.0                340.0   34.1308998551  -1.12182710153  -1.05500046888
0.366666666667  0.266666666667  -0.633333333333  0.599645921118  0.0                0.400354078882  1.0  -0.1  0.199291842237  0.0                350.0   33.1557312879  -1.12228669276  -1.05491186833
0.366666666667  0.266666666667  -0.633333333333  0.599201927626  0.0                0.400798072374  1.0  -0.1  0.198403855253  0.0                360.0   32.2347387521  -1.12307710067  -1.05481428925
0.366666666667  0.266666666667  -0.633333333333  0.598796154121  0.0                0.401203845879  1.0  -0.1  0.197592308242  0.0                370.0   31.3635295966  -1.12377073696  -1.05469637853
0.366666666667  0.266666666667  -0.633333333333  0.598352300118  0.0                0.401647699882  1.0  -0.1  0.196704600236  0.0                380.0   30.5381735546  -1.12454280178  -1.05458073535
0.366666666667  0.266666666667  -0.633333333333  0.597880269337  0.0                0.402119730663  1.0  -0.1  0.195760538673  0.0                390.0   29.7551434635  -1.12539757627  -1.05449144827
0.366666666667  0.266666666667  -0.633333333333  0.597662387516  0.0                0.402337612484  1.0  -0.1  0.195324775032  0.0                400.0   29.0112648769  -1.1257237472   -1.05438185557
0.366666666667  0.266666666667  -0.633333333333  0.597409912423  0.0                0.402590087577  1.0  -0.1  0.194819824846  0.0                410.0   28.3036730506  -1.12611629002  -1.0542694482
0.366666666667  0.266666666667  -0.633333333333  0.597127028728  0.0                0.402872971272  1.0  -0.1  0.194254057456  0.0                420.0   27.6297760732  -1.12659744561  -1.0541848364
0.366666666667  0.266666666667  -0.633333333333  0.596901335523  0.0                0.403098664477  1.0  -0.1  0.193802671047  0.0                430.0   26.9872231413  -1.12696171443  -1.05409771881
0.366666666667  0.266666666667  -0.633333333333  0.596656113859  0.0                0.403343886141  1.0  -0.1  0.193312227717  0.0                440.0   26.3738771608  -1.12735380421  -1.05399936526
0.366666666667  0.266666666667  -0.633333333333  0.596335428644  0.0                0.403664571356  1.0  -0.1  0.192670857288  0.0                450.0   25.7877910017  -1.12788379291  -1.05388798353
0.366666666667  0.266666666667  -0.633333333333  0.596284794137  0.0                0.403715205863  1.0  -0.1  0.192569588273  0.0                460.0   25.2271868495  -1.12790027692  -1.05380319853
0.366666666667  0.266666666667  -0.633333333333  0.596107922083  0.0                0.403892077917  1.0  -0.1  0.192215844165  0.0                470.0   24.6904381931  -1.12816557332  -1.05371475082
0.366666666667  0.266666666667  -0.633333333333  0.595987403585  0.0                0.404012596415  1.0  -0.1  0.19197480717   0.0                480.0   24.1760540641  -1.12831870544  -1.05362684594
0.366666666667  0.266666666667  -0.633333333333  0.595826712255  0.0                0.404173287745  1.0  -0.1  0.191653424511  0.0                490.0   23.6826652056  -1.12855376802  -1.05354052586
0.366666666667  0.266666666667  -0.633333333333  0.595591254821  0.0                0.404408745179  1.0  -0.1  0.191182509641  0.0                500.0   23.2090119015  -1.12893609937  -1.05345194235
0.366666666667  0.266666666667  -0.633333333333  0.595475478949  0.0                0.404524521051  1.0  -0.1  0.190950957899  0.0                510.0   22.7539332368  -1.12908613902  -1.05337043025
0.366666666667  0.266666666667  -0.633333333333  0.595387461389  0.0                0.404612538611  1.0  -0.1  0.190774922779  0.0                520.0   22.3163575976  -1.1291709052   -1.05327916132
0.366666666667  0.266666666667  -0.633333333333  0.595314090175  0.0                0.404685909825  1.0  -0.1  0.190628180349  0.0                530.0   21.8952942467  -1.12922733803  -1.05318885171
0.366666666667  0.266666666667  -0.633333333333  0.595339616662  0.0                0.404660383338  1.0  -0.1  0.190679233324  0.0                540.0   21.4898258347  -1.12909841132  -1.05311097798
0.366666666667  0.266666666667  -0.633333333333  0.595230396774  0.0                0.404769603226  1.0  -0.1  0.190460793547  0.0                550.0   21.0991017286  -1.12920575868  -1.05299988557
0.366666666667  0.266666666667  -0.633333333333  0.595120200462  0.0                0.404879799538  1.0  -0.1  0.190240400925  0.0                560.0   20.7223320549  -1.12933951966  -1.05291325392
0.366666666667  0.266666666667  -0.633333333333  0.594995776273  0.0                0.405004223727  1.0  -0.1  0.189991552546  0.0                570.0   20.3587823697  -1.12950287942  -1.0528277653
0.366666666667  0.266666666667  -0.633333333333  0.595117410682  0.0                0.404882589318  1.0  -0.1  0.190234821365  0.0                580.0   20.0077688806  -1.12917660769  -1.05274476238
0.366666666667  0.266666666667  -0.633333333333  0.595047108226  0.0                0.404952891774  1.0  -0.1  0.190094216451  0.0                590.0   19.6686541538  -1.1292264258   -1.05265397559
0.366666666667  0.266666666667  -0.633333333333  0.595184086425  0.0                0.404815913575  1.0  -0.1  0.19036817285   0.0                600.0   19.3408432512  -1.128847541    -1.05254904718
0.366666666667  0.266666666667  -0.633333333333  0.595081562009  0.0                0.404918437991  1.0  -0.1  0.190163124018  0.0                610.0   19.0237802471  -1.1289876285   -1.05248408585
0.366666666667  0.266666666667  -0.633333333333  0.59511489988   0.0                0.40488510012   1.0  -0.1  0.190229799761  0.0                620.0   18.7169450819  -1.12881793814  -1.05238107123
0.366666666667  0.266666666667  -0.633333333333  0.59507305318   0.0                0.40492694682   1.0  -0.1  0.19014610636   0.0                630.0   18.4198507155  -1.12882534584  -1.05230478553
0.366666666667  0.266666666667  -0.633333333333  0.595075285004  0.0                0.404924714996  1.0  -0.1  0.190150570008  0.0                640.0   18.132040548   -1.12872453752  -1.05220844086
0.366666666667  0.266666666667  -0.633333333333  0.595128011847  0.0                0.404871988153  1.0  -0.1  0.190256023693  0.0                650.0   17.8530860781  -1.12853034858  -1.05211970561
0.366666666667  0.266666666667  -0.633333333333  0.59509397653   0.0                0.40490602347   1.0  -0.1  0.19018795306   0.0                660.0   17.5825847739  -1.12849353086  -1.05201481726
0.366666666667  0.266666666667  -0.633333333333  0.595309068571  0.0                0.404690931429  1.0  -0.1  0.190618137141  0.0                670.0   17.3201581354  -1.12796235159  -1.05191382207
0.366666666667  0.266666666667  -0.633333333333  0.595344638266  0.0                0.404655361734  1.0  -0.1  0.190689276532  0.0                680.0   17.0654499276  -1.1277950037   -1.05181761356
0.366666666667  0.266666666667  -0.633333333333  0.595403642114  0.0                0.404596357886  1.0  -0.1  0.190807284227  0.0                690.0   16.8181245663  -1.12762421063  -1.05176482819
0.366666666667  0.266666666667  -0.633333333333  0.595370164753  0.0                0.404629835247  1.0  -0.1  0.190740329507  0.0                700.0   16.5778656439  -1.12759590656  -1.0516695694
0.366666666667  0.266666666667  -0.633333333333  0.595536156665  0.0                0.404463843335  1.0  -0.1  0.19107231333   0.0                710.0   16.3443745785  -1.1271278791   -1.05153352576
0.366666666667  0.266666666667  -0.633333333333  0.59549361252   0.0                0.40450638748   1.0  -0.1  0.190987225039  0.0                720.0   16.117369376   -1.12715021659  -1.05147077497
0.366666666667  0.266666666667  -0.633333333333  0.595655419761  0.0                0.404344580239  1.0  -0.1  0.191310839523  0.0                730.0   15.8965834942  -1.12669435304  -1.0513385259
0.366666666667  0.266666666667  -0.633333333333  0.595737578783  0.0                0.404262421217  1.0  -0.1  0.191475157567  0.0                740.0   15.6817647983  -1.12645543039  -1.05126392129
0.366666666667  0.266666666667  -0.633333333333  0.595761012936  2.7897800293e-07   0.404238708086  1.0  -0.1  0.191522583827  5.57956005859e-07  750.0   15.472674601   -1.12631722687  -1.05117308823
0.366666666667  0.266666666667  -0.633333333333  0.595995912414  0.0                0.404004087586  1.0  -0.1  0.191991824829  0.0                760.0   15.2690867773  -1.12573079229  -1.05105595045
0.366666666667  0.266666666667  -0.633333333333  0.596054776773  0.0                0.403945223227  1.0  -0.1  0.192109553546  0.0                770.0   15.070786949   -1.12557273978  -1.05101562666
0.366666666667  0.266666666667  -0.633333333333  0.596030226709  0.0                0.403969773291  1.0  -0.1  0.192060453417  0.0                780.0   14.8775717317  -1.12548125047  -1.05087503722
0.366666666667  0.266666666667  -0.633333333333  0.596214352191  1.39489001953e-07  0.40378550832   1.0  -0.1  0.19242898336   2.78978003906e-07  790.0   14.6892480389  -1.12507072673  -1.05083301553
0.366666666667  0.266666666667  -0.633333333333  0.596375043521  0.0                0.403624956479  1.0  -0.1  0.192750087041  0.0                800.0   14.5056324384  -1.12462857453  -1.0507119949
0.366666666667  0.266666666667  -0.633333333333  0.596399314607  0.0                0.403600685393  1.0  -0.1  0.192798629214  0.0                810.0   14.3265505565  -1.12450654736  -1.05063850991
0.366666666667  0.266666666667  -0.633333333333  0.596468640641  0.0                0.403531359359  1.0  -0.1  0.192937281281  0.0                820.0   14.1518365253  -1.12426098464  -1.05053159925
0.366666666667  0.266666666667  -0.633333333333  0.596814991832  1.39489001953e-07  0.403184868679  1.0  -0.1  0.193630262641  2.78978003906e-07  830.0   13.9813324708  -1.12341347956  -1.05037704764
0.366666666667  0.266666666667  -0.633333333333  0.596718465442  2.7897800293e-07   0.40328125558   1.0  -0.1  0.193437488841  5.57956005859e-07  840.0   13.8148880366  -1.1235467728   -1.05031753918
0.366666666667  0.266666666667  -0.633333333333  0.597012508258  5.57956005859e-07  0.402986933786  1.0  -0.1  0.194026132428  1.11591201172e-06  850.0   13.6523599421  -1.12285984654  -1.05021920071
0.366666666667  0.266666666667  -0.633333333333  0.597020738109  0.0                0.402979261891  1.0  -0.1  0.194041476218  0.0                860.0   13.4936115706  -1.12272493062  -1.05009974017
0.366666666667  0.266666666667  -0.633333333333  0.597039011168  1.25540101367e-06  0.402959733431  1.0  -0.1  0.194080533138  2.51080202734e-06  870.0   13.3385125871  -1.12261129841  -1.0500249138
0.366666666667  0.266666666667  -0.633333333333  0.597402658995  2.7897800293e-07   0.402597062027  1.0  -0.1  0.194805875946  5.57956005859e-07  880.0   13.1869385804  -1.12176873317  -1.04990788665
0.366666666667  0.266666666667  -0.633333333333  0.597476169699  4.18467004883e-07  0.402523411834  1.0  -0.1  0.194953176332  8.36934009766e-07  890.0   13.0387707312  -1.12154282801  -1.04982925399
0.366666666667  0.266666666667  -0.633333333333  0.597706745019  0.0                0.402293254981  1.0  -0.1  0.195413490037  0.0                900.0   12.8938955008  -1.12092736233  -1.0496741857
0.366666666667  0.266666666667  -0.633333333333  0.597766864778  1.39489001953e-07  0.402232995733  1.0  -0.1  0.195534008534  2.78978003906e-07  910.0   12.7522043415  -1.12072172382  -1.04958903779
0.366666666667  0.266666666667  -0.633333333333  0.597979724995  6.97445007813e-07  0.40201957756   1.0  -0.1  0.195960844879  1.39489001563e-06  920.0   12.6135934247  -1.12018975107  -1.0494837898
0.366666666667  0.266666666667  -0.633333333333  0.598146972308  1.39489001953e-07  0.401852888203  1.0  -0.1  0.196294223593  2.78978003906e-07  930.0   12.4779633879  -1.11979233942  -1.04941986845
0.366666666667  0.266666666667  -0.633333333333  0.598207510534  6.97445007813e-07  0.401791792021  1.0  -0.1  0.196416415958  1.39489001563e-06  940.0   12.3452190965  -1.11954930555  -1.04929891535
0.366666666667  0.266666666667  -0.633333333333  0.598182263025  1.67386801855e-06  0.401816063107  1.0  -0.1  0.196367873786  3.34773603711e-06  950.0   12.2152694218  -1.11950656967  -1.04920744201
0.366666666667  0.266666666667  -0.633333333333  0.598490673207  8.36934009766e-07  0.401508489859  1.0  -0.1  0.196983020283  1.67386801953e-06  960.0   12.088027032   -1.11876315214  -1.04907933837
0.366666666667  0.266666666667  -0.633333333333  0.598613981485  1.81335702051e-06  0.401384205158  1.0  -0.1  0.197231589684  3.62671404102e-06  970.0   11.9634081967  -1.11844452021  -1.04900908056
0.366666666667  0.266666666667  -0.633333333333  0.598788761204  8.36934009766e-07  0.401210401862  1.0  -0.1  0.197579196276  1.67386801953e-06  980.0   11.8413326028  -1.11796952545  -1.04888188767
0.366666666667  0.266666666667  -0.633333333333  0.598922531156  1.67386801855e-06  0.401075794976  1.0  -0.1  0.197848410049  3.34773603711e-06  990.0   11.7217231826  -1.1175962497   -1.04877765831
0.366666666667  0.266666666667  -0.633333333333  0.599123395319  2.23182402539e-06  0.400874372857  1.0  -0.1  0.198251254285  4.46364805078e-06  1000.0  11.6045059507  -1.11707550299  -1.04865964425
0.366666666667  0.266666666667  -0.633333333333  0.599317006053  2.78978003125e-06  0.400680204167  1.0  -0.1  0.198639591665  5.5795600625e-06   1010.0  11.4896098522  -1.11657599884  -1.04854836588
0.366666666667  0.266666666667  -0.633333333333  0.59935787633   2.09233502344e-06  0.400640031335  1.0  -0.1  0.19871993733   4.18467004688e-06  1020.0  11.3769666184  -1.11644935302  -1.04850220522
0.366666666667  0.266666666667  -0.633333333333  0.599530424225  1.81335702051e-06  0.400467762418  1.0  -0.1  0.199064475164  3.62671404102e-06  1030.0  11.2665106318  -1.11599889715  -1.04839634298
0.366666666667  0.266666666667  -0.633333333333  0.599841205721  1.53437901758e-06  0.4001572599    1.0  -0.1  0.199685480199  3.06875803516e-06  1040.0  11.1581787988  -1.11523540838  -1.04825391503
0.366666666667  0.266666666667  -0.633333333333  0.599824327551  3.34773603809e-06  0.400172324713  1.0  -0.1  0.199655350575  6.69547207617e-06  1050.0  11.0519104293  -1.11517375972  -1.04816177409
0.366666666667  0.266666666667  -0.633333333333  0.599907881463  4.4636480498e-06   0.400087654889  1.0  -0.1  0.199824690223  8.92729609961e-06  1060.0  10.9476471233  -1.11491544898  -1.04807257981
0.366666666667  0.266666666667  -0.633333333333  0.600240702221  3.62671404102e-06  0.399755671065  1.0  -0.1  0.20048865787   7.25342808203e-06  1070.0  10.8453326643  -1.11410674261  -1.04792800847
0.366666666667  0.266666666667  -0.633333333333  0.600420782522  3.48722503906e-06  0.399575730253  1.0  -0.1  0.200848539494  6.97445007813e-06  1080.0  10.7449129174  -1.11366411546  -1.04784529084
0.366666666667  0.266666666667  -0.633333333333  0.600691530674  2.9292690332e-06   0.399305540057  1.0  -0.1  0.201388919886  5.85853806641e-06  1090.0  10.6463357346  -1.11300729361  -1.04772896097
0.366666666667  0.266666666667  -0.633333333333  0.600578405094  4.88211505469e-06  0.399416712791  1.0  -0.1  0.201166574418  9.76423010938e-06  1100.0  10.5495508643  -1.11312805031  -1.04762698164
0.366666666667  0.266666666667  -0.633333333333  0.600877748491  7.53240608496e-06  0.399114719103  1.0  -0.1  0.201770561795  1.50648121699e-05  1110.0  10.4545098655  -1.11239554555  -1.0474979342
0.366666666667  0.266666666667  -0.633333333333  0.601082099879  5.99802706738e-06  0.398911902094  1.0  -0.1  0.202176195811  1.19960541348e-05  1120.0  10.3611660275  -1.11190787493  -1.04741620447
0.366666666667  0.266666666667  -0.633333333333  0.601234421868  4.0451810459e-06   0.398761532951  1.0  -0.1  0.202476934099  8.0903620918e-06   1130.0  10.2694742927  -1.11148854412  -1.04729800252
0.366666666667  0.266666666667  -0.633333333333  0.601383256633  5.02160405664e-06  0.398611721763  1.0  -0.1  0.202776556474  1.00432081133e-05  1140.0  10.1793911849  -1.11110381352  -1.04721269901
0.366666666667  0.266666666667  -0.633333333333  0.601495824257  9.76423011035e-06  0.398494411513  1.0  -0.1  0.203011176975  1.95284602207e-05  1150.0  10.0908747398  -1.11072370788  -1.04706626534
0.366666666667  0.266666666667  -0.633333333333  0.601761969272  1.04616751182e-05  0.398227569053  1.0  -0.1  0.203544861895  2.09233502363e-05  1160.0  10.0038844403  -1.11007721584  -1.04695331873
0.366666666667  0.266666666667  -0.633333333333  0.601926287316  1.1298609127e-05   0.398062414075  1.0  -0.1  0.20387517185   2.25972182539e-05  1170.0  9.91838115449  -1.1096397229   -1.04684596836
0.366666666667  0.266666666667  -0.633333333333  0.602065776318  1.18565651338e-05  0.397922367117  1.0  -0.1  0.204155265766  2.37131302676e-05  1180.0  9.83432707691  -1.10924602255  -1.04673225034
0.366666666667  0.266666666667  -0.633333333333  0.602296351637  1.26934991426e-05  0.397690954864  1.0  -0.1  0.204618090273  2.53869982852e-05  1190.0  9.7516856729   -1.10868539507  -1.04663427998
0.366666666667  0.266666666667  -0.633333333333  0.602590115475  1.21355431367e-05  0.397397748982  1.0  -0.1  0.205204502035  2.42710862734e-05  1200.0  9.67042162562  -1.10796950863  -1.04650491689
0.366666666667  0.266666666667  -0.633333333333  0.602713563241  1.38094111553e-05  0.397272627348  1.0  -0.1  0.205454745304  2.76188223105e-05  1210.0  9.59050078574  -1.1076074689   -1.04639278566
0.366666666667  0.266666666667  -0.633333333333  0.602914148425  1.57622571777e-05  0.397070089318  1.0  -0.1  0.205859821365  3.15245143555e-05  1220.0  9.51189012357  -1.10709243543  -1.04628243767
0.366666666667  0.266666666667  -0.633333333333  0.603147792503  1.75756141982e-05  0.396834631883  1.0  -0.1  0.206330736234  3.51512283965e-05  1230.0  9.43455768354  -1.10649470284  -1.04615525728
0.366666666667  0.266666666667  -0.633333333333  0.603195358252  2.06443722324e-05  0.396783997375  1.0  -0.1  0.206432005249  4.12887444648e-05  1240.0  9.35847254093  -1.10630720457  -1.04606841428
0.366666666667  0.266666666667  -0.633333333333  0.60327807523   1.8412548207e-05   0.396703512221  1.0  -0.1  0.206592975557  3.68250964141e-05  1250.0  9.2836047606   -1.10605072292  -1.0459733493
0.366666666667  0.266666666667  -0.633333333333  0.603495957051  2.38526192686e-05  0.39648019033   1.0  -0.1  0.20703961934   4.77052385371e-05  1260.0  9.20992535774  -1.10546645803  -1.04583464018
0.366666666667  0.266666666667  -0.633333333333  0.603868811152  2.87347343232e-05  0.396102454114  1.0  -0.1  0.207795091773  5.74694686465e-05  1270.0  9.13740626043  -1.10457702891  -1.04569970707
0.366666666667  0.266666666667  -0.633333333333  0.603900056688  2.46895532783e-05  0.396075253758  1.0  -0.1  0.207849492483  4.93791065566e-05  1280.0  9.06602027402  -1.10440196587  -1.04557985378
0.366666666667  0.266666666667  -0.633333333333  0.604106500411  2.74793333096e-05  0.395866020256  1.0  -0.1  0.208267959488  5.49586666191e-05  1290.0  8.99574104709  -1.10391566492  -1.04551146187
0.366666666667  0.266666666667  -0.633333333333  0.604155182072  2.88742233252e-05  0.395815943704  1.0  -0.1  0.208368112591  5.77484466504e-05  1300.0  8.92654303904  -1.10370868183  -1.04540435291
0.366666666667  0.266666666667  -0.633333333333  0.604354093388  2.72003553066e-05  0.395618706256  1.0  -0.1  0.208762587488  5.44007106133e-05  1310.0  8.85840148912  -1.10320442158  -1.04529490233
0.366666666667  0.266666666667  -0.633333333333  0.604611032129  3.54302063994e-05  0.395353537664  1.0  -0.1  0.209292924671  7.08604127988e-05  1320.0  8.79129238693  -1.10252844586  -1.04514761782
0.366666666667  0.266666666667  -0.633333333333  0.604713696034  3.83594754316e-05  0.39524794449   1.0  -0.1  0.20950411102   7.67189508633e-05  1330.0  8.72519244417  -1.10226836478  -1.04509813724
0.366666666667  0.266666666667  -0.633333333333  0.604930740921  3.86384534355e-05  0.395030620626  1.0  -0.1  0.209938758749  7.72769068711e-05  1340.0  8.66007906772  -1.10164128205  -1.04490564644
0.366666666667  0.266666666667  -0.633333333333  0.605166058867  3.94753874443e-05  0.394794465746  1.0  -0.1  0.210411068508  7.89507748887e-05  1350.0  8.59593033389  -1.10102947676  -1.04476598353
0.366666666667  0.266666666667  -0.633333333333  0.605344186322  3.78015194258e-05  0.394618012159  1.0  -0.1  0.210763975682  7.56030388516e-05  1360.0  8.53272496379  -1.10057865702  -1.04466840574
0.366666666667  0.266666666667  -0.633333333333  0.605471121313  4.37995464932e-05  0.39448507914   1.0  -0.1  0.211029841719  8.75990929863e-05  1370.0  8.47044229982  -1.10022469279  -1.04457910793
0.366666666667  0.266666666667  -0.633333333333  0.605699743787  4.91001285527e-05  0.394251156085  1.0  -0.1  0.21149768783   9.82002571055e-05  1380.0  8.40906228315  -1.09963487963  -1.04445608077
0.366666666667  0.266666666667  -0.633333333333  0.605787063902  6.01197596768e-05  0.394152816339  1.0  -0.1  0.211694367323  0.000120239519354  1390.0  8.34856543219  -1.09928512082  -1.04430079753
0.366666666667  0.266666666667  -0.633333333333  0.60606115979   5.74694686475e-05  0.393881370742  1.0  -0.1  0.212237258517  0.000114938937295  1400.0  8.28893282196  -1.09863235741  -1.04419145537
0.366666666667  0.266666666667  -0.633333333333  0.606189489671  6.76521657617e-05  0.393742858163  1.0  -0.1  0.212514283674  0.000135304331523  1410.0  8.23014606436  -1.0982383049   -1.04407239148
0.366666666667  0.266666666667  -0.633333333333  0.60627206716   6.73731877588e-05  0.393660559652  1.0  -0.1  0.212678880696  0.000134746375518  1420.0  8.17218728926  -1.09799761501  -1.04399635441
0.366666666667  0.266666666667  -0.633333333333  0.60658787026   6.96050117842e-05  0.393342524729  1.0  -0.1  0.213314950543  0.000139210023568  1430.0  8.1150391264   -1.09721945915  -1.04385382203
0.366666666667  0.266666666667  -0.633333333333  0.606747724655  7.46266158408e-05  0.393177648729  1.0  -0.1  0.213644702542  0.000149253231682  1440.0  8.05868468802  -1.09673655805  -1.04369966861
0.366666666667  0.266666666667  -0.633333333333  0.606997828435  7.82533298818e-05  0.392923918235  1.0  -0.1  0.21415216353   0.000156506659764  1450.0  8.00310755224  -1.09610598499  -1.04357583119
0.366666666667  0.266666666667  -0.633333333333  0.607031724263  8.66226699756e-05  0.392881653067  1.0  -0.1  0.214236693865  0.000173245339951  1460.0  7.94829174709  -1.09592429184  -1.0434769945
0.366666666667  0.266666666667  -0.633333333333  0.607226590398  8.94124500068e-05  0.392683997152  1.0  -0.1  0.214632005696  0.000178824900014  1470.0  7.8942217352   -1.09542030612  -1.04336776266
0.366666666667  0.266666666667  -0.633333333333  0.607392861288  8.32749339385e-05  0.392523863778  1.0  -0.1  0.214952272443  0.000166549867877  1480.0  7.84088239916  -1.0950190665   -1.04328801729
0.366666666667  0.266666666667  -0.633333333333  0.607690391328  0.000108522443223  0.392201086229  1.0  -0.1  0.215597827542  0.000217044886445  1490.0  7.78825902735  -1.094153593    -1.04306304939
0.366666666667  0.266666666667  -0.633333333333  0.607864334113  0.000100432081131  0.392035233806  1.0  -0.1  0.215929532388  0.000200864162262  1500.0  7.7363373005   -1.09370971849  -1.0429524978
0.366666666667  0.266666666667  -0.633333333333  0.607979691517  0.000109917333238  0.391910391149  1.0  -0.1  0.216179217701  0.000219834666477  1510.0  7.68510327864  -1.09340245048  -1.04289301805
0.366666666667  0.266666666667  -0.633333333333  0.608119180519  0.000123029299386  0.391757790182  1.0  -0.1  0.216484419636  0.000246058598771  1520.0  7.63454338865  -1.09293746501  -1.04273061212
0.366666666667  0.266666666667  -0.633333333333  0.608340828542  0.000117310250321  0.391541861207  1.0  -0.1  0.216916277585  0.000234620500643  1530.0  7.58464441225  -1.0923652442   -1.04259139307
0.366666666667  0.266666666667  -0.633333333333  0.608513934393  0.000136978199543  0.391349087407  1.0  -0.1  0.217301825186  0.000273956399086  1540.0  7.53539347451  -1.09184785841  -1.04245562129
0.366666666667  0.266666666667  -0.633333333333  0.608714938045  0.000141302358592  0.391143759597  1.0  -0.1  0.217712480806  0.000282604717184  1550.0  7.48677803274  -1.09130485196  -1.04232240563
0.366666666667  0.266666666667  -0.633333333333  0.60904245822   0.000136141265533  0.390821400514  1.0  -0.1  0.218357198972  0.000272282531066  1560.0  7.43878586587  -1.09051353877  -1.04217684282
0.366666666667  0.266666666667  -0.633333333333  0.609163534674  0.000169060669904  0.390667404656  1.0  -0.1  0.218665190687  0.000338121339809  1570.0  7.39140506417  -1.09001796328  -1.04198267517
0.366666666667  0.266666666667  -0.633333333333  0.609200499259  0.000164039065848  0.390635461675  1.0  -0.1  0.21872907665   0.000328078131695  1580.0  7.34462401946  -1.08990267261  -1.04193227478
0.366666666667  0.266666666667  -0.633333333333  0.609400386998  0.000171850449936  0.390427762552  1.0  -0.1  0.219144474896  0.000343700899871  1590.0  7.29843141557  -1.08935864515  -1.04180208329
0.366666666667  0.266666666667  -0.633333333333  0.609682712737  0.000176314097986  0.390140973165  1.0  -0.1  0.219718053671  0.000352628195973  1600.0  7.25281621922  -1.08859189505  -1.04160801923
0.366666666667  0.266666666667  -0.633333333333  0.609801696856  0.000189426064134  0.39000887708   1.0  -0.1  0.21998224584   0.000378852128268  1610.0  7.20776767127  -1.08826543718  -1.04154313114
0.366666666667  0.266666666667  -0.633333333333  0.609928073891  0.000192494822168  0.389879431287  1.0  -0.1  0.220241137427  0.000384989644336  1620.0  7.16327527824  -1.08791704239  -1.04145301419
0.366666666667  0.266666666667  -0.633333333333  0.610206772916  0.000190402487145  0.389602824596  1.0  -0.1  0.220794350807  0.000380804974289  1630.0  7.11932880414  -1.08717912315  -1.04126872679
0.366666666667  0.266666666667  -0.633333333333  0.610334265864  0.000215649996429  0.38945008414   1.0  -0.1  0.22109983172   0.000431299992857  1640.0  7.07591826265  -1.08670497764  -1.0410950127
0.366666666667  0.266666666667  -0.633333333333  0.61046608297   0.000231691231609  0.389302225798  1.0  -0.1  0.221395548404  0.000463382463219  1650.0  7.03303390954  -1.08629539197  -1.04097793546
0.366666666667  0.266666666667  -0.633333333333  0.610643791958  0.000245082175761  0.389111125866  1.0  -0.1  0.221777748268  0.000490164351521  1660.0  6.99066623539  -1.08577162145  -1.04083368662
0.366666666667  0.266666666667  -0.633333333333  0.610815502919  0.000240339549707  0.388944157531  1.0  -0.1  0.222111684938  0.000480679099414  1670.0  6.94880595853  -1.08529200925  -1.04068895961
0.366666666667  0.266666666667  -0.633333333333  0.611098665592  0.000264889613983  0.388636444794  1.0  -0.1  0.222727110413  0.000529779227967  1680.0  6.9074440183   -1.08450158612  -1.04050905195
0.366666666667  0.266666666667  -0.633333333333  0.611221136936  0.000302970111413  0.388475892953  1.0  -0.1  0.223048214094  0.000605940222826  1690.0  6.86657156849  -1.08401518197  -1.04033613538
0.366666666667  0.266666666667  -0.633333333333  0.611286696767  0.00028497603021   0.388428327203  1.0  -0.1  0.223143345593  0.00056995206042   1700.0  6.82617997103  -1.083884967    -1.04030465072
0.366666666667  0.266666666667  -0.633333333333  0.61149579078   0.000300598798386  0.388203610422  1.0  -0.1  0.223592779157  0.000601197596771  1710.0  6.78626078991  -1.08328659344  -1.04015258617
0.366666666667  0.266666666667  -0.633333333333  0.611635977226  0.000318034923582  0.38804598785   1.0  -0.1  0.2239080243    0.000636069847164  1720.0  6.74680578532  -1.08279512482  -1.03997287547
0.366666666667  0.266666666667  -0.633333333333  0.611993766515  0.000322638060634  0.387683595424  1.0  -0.1  0.224632809152  0.000645276121268  1730.0  6.70780690795  -1.0819122733   -1.03981388818
0.366666666667  0.266666666667  -0.633333333333  0.612080249696  0.000335192070775  0.387584558233  1.0  -0.1  0.224830883534  0.000670384141551  1740.0  6.66925629353  -1.08159948297  -1.03969666143
0.366666666667  0.266666666667  -0.633333333333  0.612223923368  0.000357091844022  0.387418984788  1.0  -0.1  0.225162030424  0.000714183688045  1750.0  6.63114625757  -1.08113963758  -1.03956358297
0.366666666667  0.266666666667  -0.633333333333  0.612386846522  0.000368808920154  0.387244344558  1.0  -0.1  0.225511310884  0.000737617840309  1760.0  6.5934692902   -1.08062563325  -1.03939651568
0.366666666667  0.266666666667  -0.633333333333  0.612515734359  0.000360300091059  0.38712396555   1.0  -0.1  0.225752068901  0.000720600182117  1770.0  6.55621805127  -1.08028511817  -1.03929846039
0.366666666667  0.266666666667  -0.633333333333  0.612655781317  0.000384989644337  0.386959229039  1.0  -0.1  0.226081541923  0.000769979288674  1780.0  6.51938536559  -1.07976049185  -1.03909836918
0.366666666667  0.266666666667  -0.633333333333  0.612852460809  0.00041637466969   0.386731164521  1.0  -0.1  0.226537670958  0.000832749339381  1790.0  6.4829642183   -1.07918075164  -1.038968481
0.366666666667  0.266666666667  -0.633333333333  0.613032680599  0.000432276415869  0.386535042985  1.0  -0.1  0.22692991403   0.000864552831738  1800.0  6.44694775042  -1.0786098282   -1.03878662028
0.366666666667  0.266666666667  -0.633333333333  0.613263953364  0.000428649701828  0.386307396934  1.0  -0.1  0.227385206131  0.000857299403656  1810.0  6.41132925456  -1.07804093944  -1.03867374897
0.366666666667  0.266666666667  -0.633333333333  0.613356155594  0.000463242974218  0.386180601432  1.0  -0.1  0.227638797136  0.000926485948436  1820.0  6.37610217074  -1.07760270579  -1.03848218767
0.366666666667  0.266666666667  -0.633333333333  0.613546418592  0.000507460987716  0.38594612042   1.0  -0.1  0.228107759159  0.00101492197543   1830.0  6.34126008238  -1.0769592476   -1.03829884789
0.366666666667  0.266666666667  -0.633333333333  0.613767090192  0.000517364706827  0.385715545101  1.0  -0.1  0.228568909799  0.00103472941365   1840.0  6.30679671236  -1.0763644595   -1.03816322969
0.366666666667  0.266666666667  -0.633333333333  0.613784944785  0.00052908178296   0.385685973432  1.0  -0.1  0.228628053135  0.00105816356592   1850.0  6.27270591932  -1.07619461183  -1.03805018194
0.366666666667  0.266666666667  -0.633333333333  0.613954563411  0.000545541485145  0.385499895104  1.0  -0.1  0.229000209791  0.00109108297029   1860.0  6.23898169395  -1.07562714812  -1.03785158295
0.366666666667  0.266666666667  -0.633333333333  0.614213594487  0.00056018783031   0.385226217683  1.0  -0.1  0.229547564634  0.00112037566062   1870.0  6.20561815548  -1.07493409285  -1.03770295325
0.366666666667  0.266666666667  -0.633333333333  0.614436079444  0.000570928483431  0.384992992073  1.0  -0.1  0.230014015855  0.00114185696686   1880.0  6.17260954827  -1.07429893531  -1.0375320988
0.366666666667  0.266666666667  -0.633333333333  0.614508055769  0.000612217227896  0.384879727003  1.0  -0.1  0.230240545993  0.00122443445579   1890.0  6.13995023849  -1.07389920376  -1.03735063965
0.366666666667  0.266666666667  -0.633333333333  0.614712965112  0.000620028611984  0.384667006276  1.0  -0.1  0.230665987448  0.00124005722397   1900.0  6.10763471092  -1.0733684482   -1.03724376326
0.366666666667  0.266666666667  -0.633333333333  0.614741560357  0.000667175894515  0.384591263748  1.0  -0.1  0.230817472504  0.00133435178903   1910.0  6.07565756584  -1.07301211484  -1.0370294855
0.366666666667  0.266666666667  -0.633333333333  0.614994314428  0.00067917194865   0.384326513623  1.0  -0.1  0.231346972754  0.0013583438973    1920.0  6.04401351602  -1.07231180684  -1.03685627854
0.366666666667  0.266666666667  -0.633333333333  0.615051923386  0.000690610046779  0.384257466567  1.0  -0.1  0.231485066865  0.00138122009356   1930.0  6.01269738381  -1.0720533797   -1.03673365789
0.366666666667  0.266666666667  -0.633333333333  0.615121807376  0.000707209237966  0.384170983386  1.0  -0.1  0.231658033227  0.00141441847593   1940.0  5.98170409833  -1.07181621069  -1.0366661354
0.366666666667  0.266666666667  -0.633333333333  0.615552688902  0.000742639444365  0.383704671654  1.0  -0.1  0.232590656692  0.00148527888873   1950.0  5.95102869269  -1.07058881569  -1.03636427783
0.366666666667  0.266666666667  -0.633333333333  0.615657863609  0.000763841772604  0.383578294619  1.0  -0.1  0.232843410763  0.00152768354521   1960.0  5.9206663014   -1.07017076155  -1.03619473729
0.366666666667  0.266666666667  -0.633333333333  0.615812138445  0.000749892872447  0.383437968683  1.0  -0.1  0.233124062634  0.00149978574489   1970.0  5.89061215774  -1.06978312891  -1.03609054631
0.366666666667  0.266666666667  -0.633333333333  0.615707382204  0.000814755258178  0.383477862537  1.0  -0.1  0.233044274925  0.00162951051636   1980.0  5.86086159129  -1.06974086776  -1.03595552497
0.366666666667  0.266666666667  -0.633333333333  0.61617606525   0.00085409115662   0.382969843594  1.0  -0.1  0.234060312812  0.00170818231324   1990.0  5.8314100255   -1.06838976286  -1.03561259077
0.366666666667  0.266666666667  -0.633333333333  0.616127941544  0.000870969325811  0.38300108913   1.0  -0.1  0.23399782174   0.00174193865162   2000.0  5.80225297537  -1.06840335397  -1.03556031517
0.366666666667  0.266666666667  -0.633333333333  0.616232000339  0.000909886757249  0.382858112904  1.0  -0.1  0.234283774193  0.0018197735145    2010.0  5.77338604515  -1.06791983687  -1.03535496704
0.366666666667  0.266666666667  -0.633333333333  0.616426308518  0.000927601860448  0.382646089621  1.0  -0.1  0.234707820758  0.0018552037209    2020.0  5.74480492611  -1.0673199482   -1.03517558192
0.366666666667  0.266666666667  -0.633333333333  0.616609876044  0.000957452506785  0.382432671449  1.0  -0.1  0.235134657103  0.00191490501357   2030.0  5.71650539446  -1.06668123713  -1.03495773706
0.366666666667  0.266666666667  -0.633333333333  0.616746575266  0.000962753088845  0.382290671645  1.0  -0.1  0.23541865671   0.00192550617769   2040.0  5.68848330919  -1.06631712807  -1.0348765675
0.366666666667  0.266666666667  -0.633333333333  0.616666508579  0.00104965473682   0.382283836684  1.0  -0.1  0.235432326632  0.00209930947365   2050.0  5.66073461012  -1.06611895542  -1.03467468443
0.366666666667  0.266666666667  -0.633333333333  0.617073816464  0.00104993371483   0.381876249821  1.0  -0.1  0.236247500357  0.00209986742965   2060.0  5.6332553159   -1.06502520025  -1.0343960472
0.366666666667  0.266666666667  -0.633333333333  0.617090973611  0.00108550341023   0.381823522979  1.0  -0.1  0.236352954042  0.00217100682046   2070.0  5.6060415221   -1.06483218746  -1.03430137415
0.366666666667  0.266666666667  -0.633333333333  0.617287513614  0.00109582559634   0.38161666079   1.0  -0.1  0.236766678421  0.00219165119269   2080.0  5.5790893994   -1.0642610802   -1.03414192683
0.366666666667  0.266666666667  -0.633333333333  0.617501350254  0.00115482944401   0.381343820302  1.0  -0.1  0.237312359395  0.00230965888802   2090.0  5.55239519175  -1.06341384828  -1.03382857512
0.366666666667  0.266666666667  -0.633333333333  0.617616847147  0.00118663293637   0.381196519917  1.0  -0.1  0.237606960166  0.00237326587273   2100.0  5.52595521464  -1.06301517658  -1.03371814349
0.366666666667  0.266666666667  -0.633333333333  0.617749361698  0.0011894227164    0.381061215585  1.0  -0.1  0.237877568829  0.00237884543279   2110.0  5.49976585344  -1.06258191484  -1.03355493246
0.366666666667  0.266666666667  -0.633333333333  0.617984540155  0.00125051889909   0.380764940946  1.0  -0.1  0.238470118108  0.00250103779817   2120.0  5.47382356168  -1.06172916658  -1.03328251424
0.366666666667  0.266666666667  -0.633333333333  0.618097107779  0.00131621821883   0.380586674002  1.0  -0.1  0.238826651996  0.00263243643765   2130.0  5.44812485951  -1.06113238006  -1.03302912175
0.366666666667  0.266666666667  -0.633333333333  0.618123192223  0.00134188419512   0.380534923582  1.0  -0.1  0.238930152835  0.00268376839023   2140.0  5.42266633213  -1.06086785303  -1.03286296236
0.366666666667  0.266666666667  -0.633333333333  0.618360463014  0.00131440486181   0.380325132124  1.0  -0.1  0.239349735752  0.00262880972361   2150.0  5.39744462826  -1.06041052723  -1.03283071534
0.366666666667  0.266666666667  -0.633333333333  0.618534545288  0.00139558746072   0.380069867251  1.0  -0.1  0.239860265498  0.00279117492144   2160.0  5.37245645868  -1.05958636794  -1.03250084928
0.366666666667  0.266666666667  -0.633333333333  0.61861670431   0.00139530848272   0.379987987207  1.0  -0.1  0.240024025586  0.00279061696543   2170.0  5.34769859482  -1.05934146412  -1.03241976135
0.366666666667  0.266666666667  -0.633333333333  0.618606800591  0.00146812174154   0.379925077667  1.0  -0.1  0.240149844665  0.00293624348307   2180.0  5.32316786732  -1.05899361333  -1.03218316698
0.366666666667  0.266666666667  -0.633333333333  0.619011458185  0.00148569735574   0.37950284446   1.0  -0.1  0.240994311081  0.00297139471147   2190.0  5.29886116473  -1.05794181089  -1.03197231583
0.366666666667  0.266666666667  -0.633333333333  0.619035729271  0.00154386426939   0.37942040646   1.0  -0.1  0.24115918708   0.00308772853878   2200.0  5.27477543216  -1.05752194705  -1.03170569461
0.366666666667  0.266666666667  -0.633333333333  0.619211345924  0.00156018448257   0.379228469594  1.0  -0.1  0.241543060813  0.00312036896515   2210.0  5.25090767002  -1.05699348518  -1.03155784243
0.366666666667  0.266666666667  -0.633333333333  0.619177589585  0.0015890587059    0.379233351709  1.0  -0.1  0.241533296583  0.0031781174118    2220.0  5.22725493277  -1.05687256653  -1.03142138471
0.366666666667  0.266666666667  -0.633333333333  0.619374966523  0.00166647510177   0.378958558376  1.0  -0.1  0.242082883249  0.00333295020354   2230.0  5.20381432769  -1.05603527272  -1.03111819428
0.366666666667  0.266666666667  -0.633333333333  0.619610842424  0.00168307429296   0.378706083283  1.0  -0.1  0.242587833435  0.00336614858592   2240.0  5.18058301373  -1.05531232565  -1.03089687756
0.366666666667  0.266666666667  -0.633333333333  0.619739032817  0.00175881682081   0.378502150362  1.0  -0.1  0.242995699275  0.00351763364162   2250.0  5.15755820033  -1.05467182894  -1.03064909819
0.366666666667  0.266666666667  -0.633333333333  0.619887588603  0.00182270278353   0.378289708613  1.0  -0.1  0.243420582774  0.00364540556706   2260.0  5.13473714635  -1.05396424812  -1.03035362367
0.366666666667  0.266666666667  -0.633333333333  0.619840162343  0.00179940812027   0.378360429537  1.0  -0.1  0.243279140926  0.00359881624054   2270.0  5.11211715892  -1.05420487618  -1.03045746881
0.366666666667  0.266666666667  -0.633333333333  0.619986765284  0.00187975378517   0.378133480931  1.0  -0.1  0.243733038137  0.00375950757035   2280.0  5.08969559243  -1.05335168856  -1.03004210928
0.366666666667  0.266666666667  -0.633333333333  0.620124998884  0.00192843544672   0.377946565669  1.0  -0.1  0.244106868662  0.00385687089344   2290.0  5.06746984749  -1.05284290066  -1.02989741557
0.366666666667  0.266666666667  -0.633333333333  0.620400629151  0.00196484207613   0.377634528773  1.0  -0.1  0.244730942455  0.00392968415226   2300.0  5.04543736989  -1.05191042703  -1.0295817344
0.366666666667  0.266666666667  -0.633333333333  0.620292246197  0.00204923292208   0.377658520881  1.0  -0.1  0.244682958238  0.00409846584417   2310.0  5.02359564968  -1.05184338048  -1.02944982547
0.366666666667  0.266666666667  -0.633333333333  0.620636365564  0.00205174372411   0.377311890712  1.0  -0.1  0.245376218576  0.00410348744822   2320.0  5.00194222015  -1.05092464487  -1.02922384804
0.366666666667  0.266666666667  -0.633333333333  0.620678351753  0.00210656290173   0.377215085345  1.0  -0.1  0.24556982931   0.00421312580346   2330.0  4.98047465697  -1.05059514397  -1.02907699403
0.366666666667  0.266666666667  -0.633333333333  0.620751862457  0.00218914039066   0.377058997152  1.0  -0.1  0.245882005696  0.00437828078132   2340.0  4.95919057724  -1.04996320176  -1.02874071271
0.366666666667  0.266666666667  -0.633333333333  0.62069411401   0.00224144876625   0.377064437223  1.0  -0.1  0.245871125553  0.0044828975325    2350.0  4.93808763862  -1.04983530698  -1.02859147611
0.366666666667  0.266666666667  -0.633333333333  0.621016752071  0.00223266095915   0.37675058697   1.0  -0.1  0.246498826061  0.0044653219183    2360.0  4.91716353845  -1.04903490464  -1.02842053185
0.366666666667  0.266666666667  -0.633333333333  0.620981879821  0.00233365099629   0.376684469183  1.0  -0.1  0.246631061634  0.00466730199257   2370.0  4.89641601298  -1.04860245624  -1.02810012101
0.366666666667  0.266666666667  -0.633333333333  0.62104478936   0.00241343870518   0.376541771934  1.0  -0.1  0.246916456131  0.00482687741037   2380.0  4.87584283645  -1.04812279988  -1.0278899016
0.366666666667  0.266666666667  -0.633333333333  0.621397836023  0.00247216357485   0.376130000402  1.0  -0.1  0.247739999197  0.00494432714969   2390.0  4.8554418204   -1.04696844176  -1.02754734157
0.366666666667  0.266666666667  -0.633333333333  0.621322790941  0.00253618902657   0.376141020033  1.0  -0.1  0.247717959934  0.00507237805313   2400.0  4.83521081281  -1.04679222721  -1.02733628267
