#mu0             mu1              mu2             x0              x1                 x2              mua   mub   xa                 xb                 T       b              u               phi
-0.033333333333  -0.733333333333  0.766666666667  0.5             0.0                0.5             -0.8  -0.7  0.0                0.0                30.0    386.816865025  -1.31774118     -2.05107451333
-0.033333333333  -0.733333333333  0.766666666667  0.5             0.0                0.5             -0.8  -0.7  0.0                0.0                40.0    290.112648769  -1.31774118     -2.05107451333
-0.033333333333  -0.733333333333  0.766666666667  0.5             0.0                0.5             -0.8  -0.7  0.0                0.0                50.0    232.090119015  -1.31774118     -2.05107451333
-0.033333333333  -0.733333333333  0.766666666667  0.5             0.0                0.5             -0.8  -0.7  0.0                0.0                60.0    193.408432513  -1.31774118     -2.05107451333
-0.033333333333  -0.733333333333  0.766666666667  0.5             0.0                0.5             -0.8  -0.7  0.0                0.0                70.0    165.778656439  -1.31774118     -2.05107451333
-0.033333333333  -0.733333333333  0.766666666667  0.5             0.0                0.5             -0.8  -0.7  0.0                0.0                80.0    145.056324384  -1.31774118     -2.05107451333
-0.033333333333  -0.733333333333  0.766666666667  0.5             0.0                0.5             -0.8  -0.7  0.0                0.0                90.0    128.938955008  -1.31774118     -2.05107451333
-0.033333333333  -0.733333333333  0.766666666667  0.5             0.0                0.5             -0.8  -0.7  0.0                0.0                100.0   116.045059507  -1.31774118     -2.05107451333
-0.033333333333  -0.733333333333  0.766666666667  0.5             0.0                0.5             -0.8  -0.7  0.0                0.0                110.0   105.495508643  -1.31774118     -2.05107451333
-0.033333333333  -0.733333333333  0.766666666667  0.5             0.0                0.5             -0.8  -0.7  0.0                0.0                120.0   96.7042162563  -1.31774118     -2.05107451333
-0.033333333333  -0.733333333333  0.766666666667  0.5             0.0                0.5             -0.8  -0.7  0.0                0.0                130.0   89.2654303904  -1.31774118     -2.05107451333
-0.033333333333  -0.733333333333  0.766666666667  0.5             0.0                0.5             -0.8  -0.7  0.0                0.0                140.0   82.8893282196  -1.31774118     -2.05107451333
-0.033333333333  -0.733333333333  0.766666666667  0.5             0.0                0.5             -0.8  -0.7  0.0                0.0                150.0   77.363373005   -1.31774118     -2.05107451333
-0.033333333333  -0.733333333333  0.766666666667  0.5             0.0                0.5             -0.8  -0.7  0.0                0.0                160.0   72.5281621922  -1.31774118     -2.05107451333
-0.033333333333  -0.733333333333  0.766666666667  0.5             0.0                0.5             -0.8  -0.7  0.0                0.0                170.0   68.2617997103  -1.31774118     -2.05107451333
-0.033333333333  -0.733333333333  0.766666666667  0.5             0.0                0.5             -0.8  -0.7  0.0                0.0                180.0   64.4694775042  -1.31774118     -2.05107451333
-0.033333333333  -0.733333333333  0.766666666667  0.5             0.0                0.5             -0.8  -0.7  0.0                0.0                190.0   61.0763471092  -1.31774118     -2.05107451333
-0.033333333333  -0.733333333333  0.766666666667  0.5             0.0                0.5             -0.8  -0.7  0.0                0.0                200.0   58.0225297537  -1.31774118     -2.05107451333
-0.033333333333  -0.733333333333  0.766666666667  0.5             0.0                0.5             -0.8  -0.7  0.0                0.0                210.0   55.2595521464  -1.31774118     -2.05107451333
-0.033333333333  -0.733333333333  0.766666666667  0.5             0.0                0.5             -0.8  -0.7  0.0                0.0                220.0   52.7477543216  -1.31774118     -2.05107451333
-0.033333333333  -0.733333333333  0.766666666667  0.5             0.0                0.5             -0.8  -0.7  0.0                0.0                230.0   50.4543736989  -1.31774118     -2.05107451333
-0.033333333333  -0.733333333333  0.766666666667  0.5             0.0                0.5             -0.8  -0.7  0.0                0.0                240.0   48.3521081281  -1.31774118     -2.05107451333
-0.033333333333  -0.733333333333  0.766666666667  0.5             0.0                0.5             -0.8  -0.7  0.0                0.0                250.0   46.418023803   -1.31774118     -2.05107451333
-0.033333333333  -0.733333333333  0.766666666667  0.5             0.0                0.5             -0.8  -0.7  0.0                0.0                260.0   44.6327151952  -1.31774118     -2.05107451333
-0.033333333333  -0.733333333333  0.766666666667  0.5             0.0                0.5             -0.8  -0.7  0.0                0.0                270.0   42.9796516694  -1.31774118     -2.05107451333
-0.033333333333  -0.733333333333  0.766666666667  0.5             0.0                0.5             -0.8  -0.7  0.0                0.0                280.0   41.4446641098  -1.31774118     -2.05107451333
-0.033333333333  -0.733333333333  0.766666666667  0.5             0.0                0.5             -0.8  -0.7  0.0                0.0                290.0   40.0155377612  -1.31774118     -2.05107451333
-0.033333333333  -0.733333333333  0.766666666667  0.5             0.0                0.5             -0.8  -0.7  0.0                0.0                300.0   38.6816865025  -1.31774118     -2.05107451333
-0.033333333333  -0.733333333333  0.766666666667  0.5             0.0                0.5             -0.8  -0.7  0.0                0.0                310.0   37.4338901637  -1.31774118     -2.05107451333
-0.033333333333  -0.733333333333  0.766666666667  0.5             0.0                0.5             -0.8  -0.7  0.0                0.0                320.0   36.2640810961  -1.31774118     -2.05107451333
-0.033333333333  -0.733333333333  0.766666666667  0.5             0.0                0.5             -0.8  -0.7  0.0                0.0                330.0   35.1651695477  -1.31774118     -2.05107451333
-0.033333333333  -0.733333333333  0.766666666667  0.5             0.0                0.5             -0.8  -0.7  0.0                0.0                340.0   34.1308998551  -1.31774118     -2.05107451333
-0.033333333333  -0.733333333333  0.766666666667  0.5             0.0                0.5             -0.8  -0.7  0.0                0.0                350.0   33.1557312879  -1.31774118     -2.05107451333
-0.033333333333  -0.733333333333  0.766666666667  0.5             0.0                0.5             -0.8  -0.7  0.0                0.0                360.0   32.2347387521  -1.31774118     -2.05107451333
-0.033333333333  -0.733333333333  0.766666666667  0.5             0.0                0.5             -0.8  -0.7  0.0                0.0                370.0   31.3635295966  -1.31774118     -2.05107451333
-0.033333333333  -0.733333333333  0.766666666667  0.5             0.0                0.5             -0.8  -0.7  0.0                0.0                380.0   30.5381735546  -1.31774118     -2.05107451333
-0.033333333333  -0.733333333333  0.766666666667  0.5             0.0                0.5             -0.8  -0.7  0.0                0.0                390.0   29.7551434635  -1.31774118     -2.05107451333
-0.033333333333  -0.733333333333  0.766666666667  0.5             0.0                0.5             -0.8  -0.7  0.0                0.0                400.0   29.0112648769  -1.31774118     -2.05107451333
-0.033333333333  -0.733333333333  0.766666666667  0.5             0.0                0.5             -0.8  -0.7  0.0                0.0                410.0   28.3036730506  -1.31774118     -2.05107451333
-0.033333333333  -0.733333333333  0.766666666667  0.5             0.0                0.5             -0.8  -0.7  0.0                0.0                420.0   27.6297760732  -1.31774118     -2.05107451333
-0.033333333333  -0.733333333333  0.766666666667  0.5             0.0                0.5             -0.8  -0.7  0.0                0.0                430.0   26.9872231413  -1.31774118     -2.05107451333
-0.033333333333  -0.733333333333  0.766666666667  0.5             0.0                0.5             -0.8  -0.7  0.0                0.0                440.0   26.3738771608  -1.31774118     -2.05107451333
-0.033333333333  -0.733333333333  0.766666666667  0.5             0.0                0.5             -0.8  -0.7  0.0                0.0                450.0   25.7877910017  -1.31774118     -2.05107451333
-0.033333333333  -0.733333333333  0.766666666667  0.5             0.0                0.5             -0.8  -0.7  0.0                0.0                460.0   25.2271868495  -1.31774118     -2.05107451333
-0.033333333333  -0.733333333333  0.766666666667  0.5             0.0                0.5             -0.8  -0.7  0.0                0.0                470.0   24.6904381931  -1.31774118     -2.05107451333
-0.033333333333  -0.733333333333  0.766666666667  0.5             0.0                0.5             -0.8  -0.7  0.0                0.0                480.0   24.1760540641  -1.31774118     -2.05107451333
-0.033333333333  -0.733333333333  0.766666666667  0.5             0.0                0.5             -0.8  -0.7  0.0                0.0                490.0   23.6826652056  -1.31774118     -2.05107451333
-0.033333333333  -0.733333333333  0.766666666667  0.5             0.0                0.5             -0.8  -0.7  0.0                0.0                500.0   23.2090119015  -1.31774118     -2.05107451333
-0.033333333333  -0.733333333333  0.766666666667  0.5             0.0                0.5             -0.8  -0.7  0.0                0.0                510.0   22.7539332368  -1.31774118     -2.05107451333
-0.033333333333  -0.733333333333  0.766666666667  0.5             0.0                0.5             -0.8  -0.7  0.0                0.0                520.0   22.3163575976  -1.31774118     -2.05107451333
-0.033333333333  -0.733333333333  0.766666666667  0.5             0.0                0.5             -0.8  -0.7  0.0                0.0                530.0   21.8952942467  -1.31774118     -2.05107451333
-0.033333333333  -0.733333333333  0.766666666667  0.5             0.0                0.5             -0.8  -0.7  0.0                0.0                540.0   21.4898258347  -1.31774118     -2.05107451333
-0.033333333333  -0.733333333333  0.766666666667  0.5             0.0                0.5             -0.8  -0.7  0.0                0.0                550.0   21.0991017286  -1.31774118     -2.05107451333
-0.033333333333  -0.733333333333  0.766666666667  0.5             0.0                0.5             -0.8  -0.7  0.0                0.0                560.0   20.7223320549  -1.31774118     -2.05107451333
-0.033333333333  -0.733333333333  0.766666666667  0.5             0.0                0.5             -0.8  -0.7  0.0                0.0                570.0   20.3587823697  -1.31774118     -2.05107451333
-0.033333333333  -0.733333333333  0.766666666667  0.5             0.0                0.5             -0.8  -0.7  0.0                0.0                580.0   20.0077688806  -1.31774118     -2.05107451333
-0.033333333333  -0.733333333333  0.766666666667  0.5             0.0                0.5             -0.8  -0.7  0.0                0.0                590.0   19.6686541538  -1.31774118     -2.05107451333
-0.033333333333  -0.733333333333  0.766666666667  0.5             0.0                0.5             -0.8  -0.7  0.0                0.0                600.0   19.3408432512  -1.31774118     -2.05107451333
-0.033333333333  -0.733333333333  0.766666666667  0.5             0.0                0.5             -0.8  -0.7  0.0                0.0                610.0   19.0237802471  -1.31774118     -2.05107451333
-0.033333333333  -0.733333333333  0.766666666667  0.5             0.0                0.5             -0.8  -0.7  0.0                0.0                620.0   18.7169450819  -1.31774118     -2.05107451333
-0.033333333333  -0.733333333333  0.766666666667  0.5             0.0                0.5             -0.8  -0.7  0.0                0.0                630.0   18.4198507155  -1.31774118     -2.05107451333
-0.033333333333  -0.733333333333  0.766666666667  0.5             0.0                0.5             -0.8  -0.7  0.0                0.0                640.0   18.132040548   -1.31774118     -2.05107451333
-0.033333333333  -0.733333333333  0.766666666667  0.5             0.0                0.5             -0.8  -0.7  0.0                0.0                650.0   17.8530860781  -1.31774118     -2.05107451333
-0.033333333333  -0.733333333333  0.766666666667  0.5             0.0                0.5             -0.8  -0.7  0.0                0.0                660.0   17.5825847739  -1.31774118     -2.05107451333
-0.033333333333  -0.733333333333  0.766666666667  0.5             0.0                0.5             -0.8  -0.7  0.0                0.0                670.0   17.3201581354  -1.31774118     -2.05107451333
-0.033333333333  -0.733333333333  0.766666666667  0.5             0.0                0.5             -0.8  -0.7  0.0                0.0                680.0   17.0654499276  -1.31774118     -2.05107451333
-0.033333333333  -0.733333333333  0.766666666667  0.5             0.0                0.5             -0.8  -0.7  0.0                0.0                690.0   16.8181245663  -1.31774118     -2.05107451333
-0.033333333333  -0.733333333333  0.766666666667  0.5             0.0                0.5             -0.8  -0.7  0.0                0.0                700.0   16.5778656439  -1.31774118     -2.05107451333
-0.033333333333  -0.733333333333  0.766666666667  0.5             0.0                0.5             -0.8  -0.7  0.0                0.0                710.0   16.3443745785  -1.31774118     -2.05107451333
-0.033333333333  -0.733333333333  0.766666666667  0.5             0.0                0.5             -0.8  -0.7  0.0                0.0                720.0   16.117369376   -1.31774118     -2.05107451333
-0.033333333333  -0.733333333333  0.766666666667  0.5             0.0                0.5             -0.8  -0.7  0.0                0.0                730.0   15.8965834942  -1.31774118     -2.05107451333
-0.033333333333  -0.733333333333  0.766666666667  0.5             0.0                0.5             -0.8  -0.7  0.0                0.0                740.0   15.6817647983  -1.31774118     -2.05107451333
-0.033333333333  -0.733333333333  0.766666666667  0.5             0.0                0.5             -0.8  -0.7  0.0                0.0                750.0   15.472674601   -1.31774118     -2.05107451333
-0.033333333333  -0.733333333333  0.766666666667  0.5             0.0                0.5             -0.8  -0.7  0.0                0.0                760.0   15.2690867773  -1.31774118     -2.05107451333
-0.033333333333  -0.733333333333  0.766666666667  0.5             0.0                0.5             -0.8  -0.7  0.0                0.0                770.0   15.070786949   -1.31774118     -2.05107451333
-0.033333333333  -0.733333333333  0.766666666667  0.5             0.0                0.5             -0.8  -0.7  0.0                0.0                780.0   14.8775717317  -1.31774118     -2.05107451333
-0.033333333333  -0.733333333333  0.766666666667  0.5             0.0                0.5             -0.8  -0.7  0.0                0.0                790.0   14.6892480389  -1.31774118     -2.05107451333
-0.033333333333  -0.733333333333  0.766666666667  0.5             0.0                0.5             -0.8  -0.7  0.0                0.0                800.0   14.5056324384  -1.31774118     -2.05107451333
-0.033333333333  -0.733333333333  0.766666666667  0.5             0.0                0.5             -0.8  -0.7  0.0                0.0                810.0   14.3265505565  -1.31774118     -2.05107451333
-0.033333333333  -0.733333333333  0.766666666667  0.5             0.0                0.5             -0.8  -0.7  0.0                0.0                820.0   14.1518365253  -1.31774118     -2.05107451333
-0.033333333333  -0.733333333333  0.766666666667  0.5             0.0                0.5             -0.8  -0.7  0.0                0.0                830.0   13.9813324708  -1.31774118     -2.05107451333
-0.033333333333  -0.733333333333  0.766666666667  0.5             0.0                0.5             -0.8  -0.7  0.0                0.0                840.0   13.8148880366  -1.31774118     -2.05107451333
-0.033333333333  -0.733333333333  0.766666666667  0.5             0.0                0.5             -0.8  -0.7  0.0                0.0                850.0   13.6523599421  -1.31774118     -2.05107451333
-0.033333333333  -0.733333333333  0.766666666667  0.5             0.0                0.5             -0.8  -0.7  0.0                0.0                860.0   13.4936115706  -1.31774118     -2.05107451333
-0.033333333333  -0.733333333333  0.766666666667  0.5             0.0                0.5             -0.8  -0.7  0.0                0.0                870.0   13.3385125871  -1.31774118     -2.05107451333
-0.033333333333  -0.733333333333  0.766666666667  0.5             0.0                0.5             -0.8  -0.7  0.0                0.0                880.0   13.1869385804  -1.31774118     -2.05107451333
-0.033333333333  -0.733333333333  0.766666666667  0.5             0.0                0.5             -0.8  -0.7  0.0                0.0                890.0   13.0387707312  -1.31774118     -2.05107451333
-0.033333333333  -0.733333333333  0.766666666667  0.5             0.0                0.5             -0.8  -0.7  0.0                0.0                900.0   12.8938955008  -1.31774118     -2.05107451333
-0.033333333333  -0.733333333333  0.766666666667  0.5             0.0                0.5             -0.8  -0.7  0.0                0.0                910.0   12.7522043415  -1.31774118     -2.05107451333
-0.033333333333  -0.733333333333  0.766666666667  0.5             0.0                0.5             -0.8  -0.7  0.0                0.0                920.0   12.6135934247  -1.31774118     -2.05107451333
-0.033333333333  -0.733333333333  0.766666666667  0.5             0.0                0.5             -0.8  -0.7  0.0                0.0                930.0   12.4779633879  -1.31774118     -2.05107451333
-0.033333333333  -0.733333333333  0.766666666667  0.5             0.0                0.5             -0.8  -0.7  0.0                0.0                940.0   12.3452190965  -1.31774118     -2.05107451333
-0.033333333333  -0.733333333333  0.766666666667  0.5             0.0                0.5             -0.8  -0.7  0.0                0.0                950.0   12.2152694218  -1.31774118     -2.05107451333
-0.033333333333  -0.733333333333  0.766666666667  0.5             0.0                0.5             -0.8  -0.7  0.0                0.0                960.0   12.088027032   -1.31774118     -2.05107451333
-0.033333333333  -0.733333333333  0.766666666667  0.5             0.0                0.5             -0.8  -0.7  0.0                0.0                970.0   11.9634081967  -1.31774118     -2.05107451333
-0.033333333333  -0.733333333333  0.766666666667  0.5             0.0                0.5             -0.8  -0.7  0.0                0.0                980.0   11.8413326028  -1.31774118     -2.05107451333
-0.033333333333  -0.733333333333  0.766666666667  0.5             0.0                0.5             -0.8  -0.7  0.0                0.0                990.0   11.7217231826  -1.31774118     -2.05107451333
-0.033333333333  -0.733333333333  0.766666666667  0.5             0.0                0.5             -0.8  -0.7  0.0                0.0                1000.0  11.6045059507  -1.31774118     -2.05107451333
-0.033333333333  -0.733333333333  0.766666666667  0.5             0.0                0.5             -0.8  -0.7  0.0                0.0                1010.0  11.4896098522  -1.31774118     -2.05107451333
-0.033333333333  -0.733333333333  0.766666666667  0.5             0.0                0.5             -0.8  -0.7  0.0                0.0                1020.0  11.3769666184  -1.31774118     -2.05107451333
-0.033333333333  -0.733333333333  0.766666666667  0.5             0.0                0.5             -0.8  -0.7  0.0                0.0                1030.0  11.2665106318  -1.31774118     -2.05107451333
-0.033333333333  -0.733333333333  0.766666666667  0.5             0.0                0.5             -0.8  -0.7  0.0                0.0                1040.0  11.1581787988  -1.31774118     -2.05107451333
-0.033333333333  -0.733333333333  0.766666666667  0.5             0.0                0.5             -0.8  -0.7  0.0                0.0                1050.0  11.0519104293  -1.31774118     -2.05107451333
-0.033333333333  -0.733333333333  0.766666666667  0.5             0.0                0.5             -0.8  -0.7  0.0                0.0                1060.0  10.9476471233  -1.31774118     -2.05107451333
-0.033333333333  -0.733333333333  0.766666666667  0.5             0.0                0.5             -0.8  -0.7  0.0                0.0                1070.0  10.8453326643  -1.31774118     -2.05107451333
-0.033333333333  -0.733333333333  0.766666666667  0.5             0.0                0.5             -0.8  -0.7  0.0                0.0                1080.0  10.7449129174  -1.31774118     -2.05107451333
-0.033333333333  -0.733333333333  0.766666666667  0.5             0.0                0.5             -0.8  -0.7  0.0                0.0                1090.0  10.6463357346  -1.31774118     -2.05107451333
-0.033333333333  -0.733333333333  0.766666666667  0.5             0.0                0.5             -0.8  -0.7  0.0                0.0                1100.0  10.5495508643  -1.31774118     -2.05107451333
-0.033333333333  -0.733333333333  0.766666666667  0.5             0.0                0.5             -0.8  -0.7  0.0                0.0                1110.0  10.4545098655  -1.31774118     -2.05107451333
-0.033333333333  -0.733333333333  0.766666666667  0.5             0.0                0.5             -0.8  -0.7  0.0                0.0                1120.0  10.3611660275  -1.31774118     -2.05107451333
-0.033333333333  -0.733333333333  0.766666666667  0.5             0.0                0.5             -0.8  -0.7  0.0                0.0                1130.0  10.2694742927  -1.31774118     -2.05107451333
-0.033333333333  -0.733333333333  0.766666666667  0.5             0.0                0.5             -0.8  -0.7  0.0                0.0                1140.0  10.1793911849  -1.31774118     -2.05107451333
-0.033333333333  -0.733333333333  0.766666666667  0.5             0.0                0.5             -0.8  -0.7  0.0                0.0                1150.0  10.0908747398  -1.31774118     -2.05107451333
-0.033333333333  -0.733333333333  0.766666666667  0.499999860511  1.39489001953e-07  0.5             -0.8  -0.7  4.84892480985e-17  2.78978003906e-07  1160.0  10.0038844403  -1.3177408845   -2.05107402255
-0.033333333333  -0.733333333333  0.766666666667  0.5             0.0                0.5             -0.8  -0.7  0.0                0.0                1170.0  9.91838115449  -1.31774118     -2.05107451333
-0.033333333333  -0.733333333333  0.766666666667  0.5             0.0                0.5             -0.8  -0.7  0.0                0.0                1180.0  9.83432707691  -1.31774118     -2.05107451333
-0.033333333333  -0.733333333333  0.766666666667  0.5             0.0                0.5             -0.8  -0.7  0.0                0.0                1190.0  9.7516856729   -1.31774118     -2.05107451333
-0.033333333333  -0.733333333333  0.766666666667  0.500000278978  0.0                0.499999721022  -0.8  -0.7  5.57956005842e-07  0.0                1200.0  9.67042162562  -1.31774061917  -2.05107350614
-0.033333333333  -0.733333333333  0.766666666667  0.5             0.0                0.5             -0.8  -0.7  0.0                0.0                1210.0  9.59050078574  -1.31774118     -2.05107451333
-0.033333333333  -0.733333333333  0.766666666667  0.5             0.0                0.5             -0.8  -0.7  0.0                0.0                1220.0  9.51189012357  -1.31774118     -2.05107451333
-0.033333333333  -0.733333333333  0.766666666667  0.5             0.0                0.5             -0.8  -0.7  0.0                0.0                1230.0  9.43455768354  -1.31774118     -2.05107451333
-0.033333333333  -0.733333333333  0.766666666667  0.5             0.0                0.5             -0.8  -0.7  0.0                0.0                1240.0  9.35847254093  -1.31774118     -2.05107451333
-0.033333333333  -0.733333333333  0.766666666667  0.5             0.0                0.5             -0.8  -0.7  0.0                0.0                1250.0  9.2836047606   -1.31774118     -2.05107451333
-0.033333333333  -0.733333333333  0.766666666667  0.500000139489  0.0                0.499999860511  -0.8  -0.7  2.78978003809e-07  0.0                1260.0  9.20992535774  -1.31774089958  -2.05107400973
-0.033333333333  -0.733333333333  0.766666666667  0.5             0.0                0.5             -0.8  -0.7  0.0                0.0                1270.0  9.13740626043  -1.31774118     -2.05107451333
-0.033333333333  -0.733333333333  0.766666666667  0.5             0.0                0.5             -0.8  -0.7  0.0                0.0                1280.0  9.06602027402  -1.31774118     -2.05107451333
-0.033333333333  -0.733333333333  0.766666666667  0.5             0.0                0.5             -0.8  -0.7  0.0                0.0                1290.0  8.99574104709  -1.31774118     -2.05107451333
-0.033333333333  -0.733333333333  0.766666666667  0.5             0.0                0.5             -0.8  -0.7  0.0                0.0                1300.0  8.92654303904  -1.31774118     -2.05107451333
-0.033333333333  -0.733333333333  0.766666666667  0.5             0.0                0.5             -0.8  -0.7  0.0                0.0                1310.0  8.85840148912  -1.31774118     -2.05107451333
-0.033333333333  -0.733333333333  0.766666666667  0.5             0.0                0.5             -0.8  -0.7  0.0                0.0                1320.0  8.79129238693  -1.31774118     -2.05107451333
-0.033333333333  -0.733333333333  0.766666666667  0.500000418467  0.0                0.499999581533  -0.8  -0.7  8.36934009874e-07  0.0                1330.0  8.72519244417  -1.31774033875  -2.05107300254
-0.033333333333  -0.733333333333  0.766666666667  0.5             0.0                0.5             -0.8  -0.7  0.0                0.0                1340.0  8.66007906772  -1.31774118     -2.05107451333
-0.033333333333  -0.733333333333  0.766666666667  0.499999442044  5.57956005859e-07  0.5             -0.8  -0.7  1.71888395986e-17  1.11591201172e-06  1350.0  8.59593033389  -1.317739998    -2.05107255019
-0.033333333333  -0.733333333333  0.766666666667  0.5             0.0                0.5             -0.8  -0.7  0.0                0.0                1360.0  8.53272496379  -1.31774118     -2.05107451333
-0.033333333333  -0.733333333333  0.766666666667  0.5             0.0                0.5             -0.8  -0.7  0.0                0.0                1370.0  8.47044229982  -1.31774118     -2.05107451333
-0.033333333333  -0.733333333333  0.766666666667  0.5             1.39489001953e-07  0.499999860511  -0.8  -0.7  2.78978003858e-07  2.78978003906e-07  1380.0  8.40906228315  -1.31774060408  -2.05107351895
-0.033333333333  -0.733333333333  0.766666666667  0.5             4.18467004883e-07  0.499999581533  -0.8  -0.7  8.36934009709e-07  8.36934009766e-07  1390.0  8.34856543219  -1.31773945225  -2.05107153018
-0.033333333333  -0.733333333333  0.766666666667  0.5             0.0                0.5             -0.8  -0.7  0.0                0.0                1400.0  8.28893282196  -1.31774118     -2.05107451333
-0.033333333333  -0.733333333333  0.766666666667  0.500000278978  0.0                0.499999721022  -0.8  -0.7  5.57956005842e-07  0.0                1410.0  8.23014606436  -1.31774061917  -2.05107350614
-0.033333333333  -0.733333333333  0.766666666667  0.499999442044  5.57956005859e-07  0.5             -0.8  -0.7  1.71888395986e-17  1.11591201172e-06  1420.0  8.17218728926  -1.317739998    -2.05107255019
-0.033333333333  -0.733333333333  0.766666666667  0.500000278978  0.0                0.499999721022  -0.8  -0.7  5.57956005842e-07  0.0                1430.0  8.1150391264   -1.31774061917  -2.05107350614
-0.033333333333  -0.733333333333  0.766666666667  0.499999581533  4.18467004883e-07  0.5             -0.8  -0.7  5.70836678978e-17  8.36934009766e-07  1440.0  8.05868468802  -1.3177402935   -2.05107304098
-0.033333333333  -0.733333333333  0.766666666667  0.499999023577  9.76423010742e-07  0.5             -0.8  -0.7  7.42725074965e-17  1.95284602148e-06  1450.0  8.00310755224  -1.3177391115   -2.05107107784
-0.033333333333  -0.733333333333  0.766666666667  0.500000139489  1.39489001953e-07  0.499999721022  -0.8  -0.7  5.57956006779e-07  2.78978003906e-07  1460.0  7.94829174709  -1.31774032367  -2.05107301535
-0.033333333333  -0.733333333333  0.766666666667  0.500000278978  6.97445007813e-07  0.499999023577  -0.8  -0.7  1.9528460214e-06   1.39489001563e-06  1470.0  7.8942217352   -1.31773773958  -2.05106853422
-0.033333333333  -0.733333333333  0.766666666667  0.499999581533  6.97445007813e-07  0.499999721022  -0.8  -0.7  5.57956005908e-07  1.39489001563e-06  1480.0  7.84088239916  -1.31773914167  -2.05107105221
-0.033333333333  -0.733333333333  0.766666666667  0.499999721022  5.57956005859e-07  0.499999721022  -0.8  -0.7  5.57956005859e-07  1.11591201172e-06  1490.0  7.78825902735  -1.31773943717  -2.051071543
-0.033333333333  -0.733333333333  0.766666666667  0.500000278978  2.7897800293e-07   0.499999442044  -0.8  -0.7  1.11591201169e-06  5.57956005859e-07  1500.0  7.7363373005   -1.31773946733  -2.05107151737
-0.033333333333  -0.733333333333  0.766666666667  0.499998186643  1.95284602246e-06  0.499999860511  -0.8  -0.7  2.78978003824e-07  3.90569204492e-06  1510.0  7.68510327864  -1.31773676258  -2.05106713875
-0.033333333333  -0.733333333333  0.766666666667  0.499999721022  6.97445007813e-07  0.499999581533  -0.8  -0.7  8.36934009717e-07  1.39489001563e-06  1520.0  7.63454338865  -1.31773886125  -2.05107054861
-0.033333333333  -0.733333333333  0.766666666667  0.5             8.36934009766e-07  0.499999163066  -0.8  -0.7  1.67386801953e-06  1.67386801953e-06  1530.0  7.58464441225  -1.3177377245   -2.05106854703
-0.033333333333  -0.733333333333  0.766666666667  0.499997768176  2.37131302637e-06  0.499999860511  -0.8  -0.7  2.78978002905e-07  4.74262605273e-06  1540.0  7.53539347451  -1.31773587608  -2.05106566639
-0.033333333333  -0.733333333333  0.766666666667  0.49999860511   1.53437901758e-06  0.499999860511  -0.8  -0.7  2.78978003878e-07  3.06875803516e-06  1550.0  7.48677803274  -1.31773764908  -2.0510686111
-0.033333333333  -0.733333333333  0.766666666667  0.500000836934  1.25540101367e-06  0.499997907665  -0.8  -0.7  4.18467004679e-06  2.51080202734e-06  1560.0  7.43878586587  -1.31773431425  -2.05106254228
-0.033333333333  -0.733333333333  0.766666666667  0.499999581533  6.97445007813e-07  0.499999721022  -0.8  -0.7  5.57956005908e-07  1.39489001563e-06  1570.0  7.39140506417  -1.31773914167  -2.05107105221
-0.033333333333  -0.733333333333  0.766666666667  0.499999721022  1.1159120127e-06   0.499999163066  -0.8  -0.7  1.67386801954e-06  2.23182402539e-06  1580.0  7.34462401946  -1.3177371335   -2.05106756546
-0.033333333333  -0.733333333333  0.766666666667  0.500000697445  5.57956005859e-07  0.499998744599  -0.8  -0.7  2.51080202742e-06  1.11591201172e-06  1590.0  7.29843141557  -1.31773747425  -2.0510680178
-0.033333333333  -0.733333333333  0.766666666667  0.499999860511  2.37131302637e-06  0.499997768176  -0.8  -0.7  4.46364804983e-06  4.74262605273e-06  1600.0  7.25281621922  -1.31773166983  -2.05105811241
-0.033333333333  -0.733333333333  0.766666666667  0.500000976423  5.57956005859e-07  0.499998465621  -0.8  -0.7  3.06875803437e-06  1.11591201172e-06  1610.0  7.20776767127  -1.31773691342  -2.0510670106
-0.033333333333  -0.733333333333  0.766666666667  0.499999581533  1.53437901758e-06  0.499998884088  -0.8  -0.7  2.23182402544e-06  3.06875803516e-06  1620.0  7.16327527824  -1.31773568616  -2.05106508591
-0.033333333333  -0.733333333333  0.766666666667  0.499999581533  1.1159120127e-06   0.499999302555  -0.8  -0.7  1.39489001562e-06  2.23182402539e-06  1630.0  7.11932880414  -1.31773741391  -2.05106806906
-0.033333333333  -0.733333333333  0.766666666667  0.499998186643  2.37131302637e-06  0.499999442044  -0.8  -0.7  1.11591201167e-06  4.74262605273e-06  1640.0  7.07591826265  -1.31773503483  -2.05106415559
-0.033333333333  -0.733333333333  0.766666666667  0.499999023577  2.37131302637e-06  0.49999860511   -0.8  -0.7  2.7897800313e-06   4.74262605273e-06  1650.0  7.03303390954  -1.31773335233  -2.051061134
-0.033333333333  -0.733333333333  0.766666666667  0.499999163066  1.53437901758e-06  0.499999302555  -0.8  -0.7  1.39489001556e-06  3.06875803516e-06  1660.0  6.99066623539  -1.31773652741  -2.0510665967
-0.033333333333  -0.733333333333  0.766666666667  0.499998465621  2.51080202832e-06  0.499999023577  -0.8  -0.7  1.95284602137e-06  5.02160405664e-06  1670.0  6.94880595853  -1.31773389808  -2.05106215401
-0.033333333333  -0.733333333333  0.766666666667  0.49999860511   2.51080202832e-06  0.499998884088  -0.8  -0.7  2.2318240254e-06   5.02160405664e-06  1680.0  6.9074440183   -1.31773361766  -2.05106165041
-0.033333333333  -0.733333333333  0.766666666667  0.499997768176  3.76620304199e-06  0.499998465621  -0.8  -0.7  3.06875803425e-06  7.53240608398e-06  1690.0  6.86657156849  -1.31773011691  -2.05105572255
-0.033333333333  -0.733333333333  0.766666666667  0.499997489198  4.32415904883e-06  0.499998186643  -0.8  -0.7  3.62671404108e-06  8.64831809766e-06  1700.0  6.82617997103  -1.31772837407  -2.05105275221
-0.033333333333  -0.733333333333  0.766666666667  0.500000836934  2.23182402539e-06  0.499996931242  -0.8  -0.7  6.13751606917e-06  4.46364805078e-06  1710.0  6.78626078991  -1.31773028283  -2.0510555816
-0.033333333333  -0.733333333333  0.766666666667  0.499999721022  2.78978003125e-06  0.499997489198  -0.8  -0.7  5.02160405662e-06  5.5795600625e-06   1720.0  6.74680578532  -1.31773022949  -2.05105563985
-0.033333333333  -0.733333333333  0.766666666667  0.499999302555  3.76620304199e-06  0.499996931242  -0.8  -0.7  6.13751606838e-06  7.53240608398e-06  1730.0  6.70780690795  -1.31772703233  -2.05105018296
-0.033333333333  -0.733333333333  0.766666666667  0.500001673868  3.90569204395e-06  0.49999442044   -0.8  -0.7  1.11591201248e-05  7.81138408789e-06  1740.0  6.66925629353  -1.31772168933  -2.05104062739
-0.033333333333  -0.733333333333  0.766666666667  0.499999721022  3.20824703613e-06  0.499997070731  -0.8  -0.7  5.85853806644e-06  6.41649407227e-06  1750.0  6.63114625757  -1.31772848979  -2.05105264475
-0.033333333333  -0.733333333333  0.766666666667  0.500000278978  4.4636480498e-06   0.499995257374  -0.8  -0.7  9.48525210638e-06  8.92729609961e-06  1760.0  6.5934692902   -1.31772218641  -2.05104168244
-0.033333333333  -0.733333333333  0.766666666667  0.500000418467  2.65029103027e-06  0.499996931242  -0.8  -0.7  6.13751606945e-06  5.30058206055e-06  1770.0  6.55621805127  -1.31772939633  -2.05105410924
-0.033333333333  -0.733333333333  0.766666666667  0.49999721022   5.30058205957e-06  0.499997489198  -0.8  -0.7  5.02160405665e-06  1.06011641191e-05  1780.0  6.51938536559  -1.31772490349  -2.05104679872
-0.033333333333  -0.733333333333  0.766666666667  0.499998884088  5.85853806641e-06  0.499995257374  -0.8  -0.7  9.48525210738e-06  1.17170761328e-05  1790.0  6.4829642183   -1.31771923482  -2.051036778
-0.033333333333  -0.733333333333  0.766666666667  0.500001115912  4.32415904883e-06  0.499994559929  -0.8  -0.7  1.08801421229e-05  8.64831809766e-06  1800.0  6.44694775042  -1.31772108324  -2.05103965864
-0.033333333333  -0.733333333333  0.766666666667  0.499997768176  8.92729610059e-06  0.499993304528  -0.8  -0.7  1.33909441504e-05  1.78545922012e-05  1810.0  6.41132925456  -1.31770880798  -2.05101893035
-0.033333333333  -0.733333333333  0.766666666667  0.499995257374  9.48525210645e-06  0.499995257374  -0.8  -0.7  9.48525210645e-06  1.89705042129e-05  1820.0  6.37610217074  -1.31771154686  -2.05102401264
-0.033333333333  -0.733333333333  0.766666666667  0.499999302555  6.97445007813e-06  0.499993722995  -0.8  -0.7  1.25540101408e-05  1.39489001563e-05  1830.0  6.34126008238  -1.31771378624  -2.05102731213
-0.033333333333  -0.733333333333  0.766666666667  0.499998744599  7.11393908008e-06  0.499994141462  -0.8  -0.7  1.17170761329e-05  1.42278781602e-05  1840.0  6.30679671236  -1.31771433199  -2.05102833214
-0.033333333333  -0.733333333333  0.766666666667  0.499997768176  6.27700507031e-06  0.499995954819  -0.8  -0.7  8.09036209085e-06  1.25540101406e-05  1850.0  6.27270591932  -1.3177197504   -2.05103782364
-0.033333333333  -0.733333333333  0.766666666667  0.499999302555  6.55598307422e-06  0.499994141462  -0.8  -0.7  1.17170761329e-05  1.31119661484e-05  1860.0  6.23898169395  -1.31771551399  -2.05103029528
-0.033333333333  -0.733333333333  0.766666666667  0.499998186643  1.03221861162e-05  0.499991491171  -0.8  -0.7  1.70176581914e-05  2.06443722324e-05  1870.0  6.20561815548  -1.31770220756  -2.05100747571
-0.033333333333  -0.733333333333  0.766666666667  0.499997628687  9.20627410352e-06  0.499993165039  -0.8  -0.7  1.36699221542e-05  1.8412548207e-05   1880.0  6.17260954827  -1.31770794376  -2.05101745237
-0.033333333333  -0.733333333333  0.766666666667  0.49999581533   1.01826971143e-05  0.499994001973  -0.8  -0.7  1.19960541347e-05  2.03653942285e-05  1890.0  6.13995023849  -1.31770755056  -2.05101703128
-0.033333333333  -0.733333333333  0.766666666667  0.499999721022  1.06011641191e-05  0.499989677814  -0.8  -0.7  2.06443722324e-05  2.12023282383e-05  1900.0  6.10763471092  -1.31769797115  -2.05099994735
-0.033333333333  -0.733333333333  0.766666666667  0.499995117885  1.38094111553e-05  0.499991072704  -0.8  -0.7  1.78545922012e-05  2.76188223105e-05  1910.0  6.07565756584  -1.31769397881  -2.05099369529
-0.033333333333  -0.733333333333  0.766666666667  0.499997489198  1.24145211396e-05  0.499990096281  -0.8  -0.7  1.98074382226e-05  2.48290422793e-05  1920.0  6.04401351602  -1.31769497052  -2.05099507757
-0.033333333333  -0.733333333333  0.766666666667  0.499999023577  1.24145211396e-05  0.499988561902  -0.8  -0.7  2.28761962578e-05  2.48290422793e-05  1930.0  6.01269738381  -1.31769188715  -2.0509895392
-0.033333333333  -0.733333333333  0.766666666667  0.499993444017  1.25540101416e-05  0.499994001973  -0.8  -0.7  1.19960541348e-05  2.51080202832e-05  1940.0  5.98170409833  -1.31770252706  -2.05100868793
-0.033333333333  -0.733333333333  0.766666666667  0.499997628687  1.26934991426e-05  0.499989677814  -0.8  -0.7  2.06443722324e-05  2.53869982852e-05  1950.0  5.95102869269  -1.31769353948  -2.05099258642
-0.033333333333  -0.733333333333  0.766666666667  0.499993722995  1.53437901729e-05  0.499990933215  -0.8  -0.7  1.81335702049e-05  3.06875803457e-05  1960.0  5.9206663014   -1.31769044789  -2.05098779306
-0.033333333333  -0.733333333333  0.766666666667  0.499997070731  1.4925323168e-05   0.499988003946  -0.8  -0.7  2.39921082695e-05  2.98506463359e-05  1970.0  5.89061215774  -1.31768545283  -2.05097869702
-0.033333333333  -0.733333333333  0.766666666667  0.500002650291  1.03221861162e-05  0.499987027523  -0.8  -0.7  2.59449542929e-05  2.06443722324e-05  1980.0  5.86086159129  -1.3176932393   -2.05099136561
-0.033333333333  -0.733333333333  0.766666666667  0.499993722995  1.91099932148e-05  0.499987167012  -0.8  -0.7  2.5665976289e-05   3.82199864297e-05  1990.0  5.8314100255   -1.31767489901  -2.05096094557
-0.033333333333  -0.733333333333  0.766666666667  0.499998884088  1.82730592061e-05  0.499982842853  -0.8  -0.7  3.43142943868e-05  3.65461184121e-05  2000.0  5.80225297537  -1.31766797753  -2.05094827714
-0.033333333333  -0.733333333333  0.766666666667  0.499997907665  1.96679492217e-05  0.499982424386  -0.8  -0.7  3.51512283965e-05  3.93358984434e-05  2010.0  5.77338604515  -1.31766418591  -2.05094186313
-0.033333333333  -0.733333333333  0.766666666667  0.499993862484  2.06443722324e-05  0.499985493144  -0.8  -0.7  2.90137123262e-05  4.12887444648e-05  2020.0  5.74480492611  -1.31766828945  -2.05094950969
-0.033333333333  -0.733333333333  0.766666666667  0.499993165039  2.02259052275e-05  0.499986609056  -0.8  -0.7  2.67818883008e-05  4.04518104551e-05  2030.0  5.71650539446  -1.31767141246  -2.05095500402
-0.033333333333  -0.733333333333  0.766666666667  0.499993862484  2.35736412656e-05  0.499982563875  -0.8  -0.7  3.48722503926e-05  4.71472825312e-05  2040.0  5.68848330919  -1.31765618921  -2.05092862165
-0.033333333333  -0.733333333333  0.766666666667  0.499993165039  2.74793333096e-05  0.499979355628  -0.8  -0.7  4.12887444648e-05  5.49586666191e-05  2050.0  5.66073461012  -1.31764146566  -2.05090329693
-0.033333333333  -0.733333333333  0.766666666667  0.500000697445  2.13418172402e-05  0.499977960738  -0.8  -0.7  4.40785244963e-05  4.26836344805e-05  2060.0  5.6332553159   -1.31765166854  -2.05091986051
-0.033333333333  -0.733333333333  0.766666666667  0.500002650291  2.2318240251e-05   0.499975031469  -0.8  -0.7  4.99370625624e-05  4.4636480502e-05   2070.0  5.6060415221   -1.31764370626  -2.0509058444
-0.033333333333  -0.733333333333  0.766666666667  0.499993444017  2.74793333096e-05  0.49997907665   -0.8  -0.7  4.18467004707e-05  5.49586666191e-05  2080.0  5.5790893994   -1.31764090627  -2.05090229117
-0.033333333333  -0.733333333333  0.766666666667  0.499995257374  2.73398443076e-05  0.499977402782  -0.8  -0.7  4.51944365088e-05  5.46796886152e-05  2090.0  5.55239519175  -1.3176378298   -2.0508967318
-0.033333333333  -0.733333333333  0.766666666667  0.499992886061  3.05480913438e-05  0.499976565848  -0.8  -0.7  4.68683045274e-05  6.10961826875e-05  2100.0  5.52595521464  -1.31762935527  -2.05088242663
-0.033333333333  -0.733333333333  0.766666666667  0.499992049127  3.27799153691e-05  0.499975170958  -0.8  -0.7  4.96580845585e-05  6.55598307383e-05  2110.0  5.49976585344  -1.31762182755  -2.05086954253
-0.033333333333  -0.733333333333  0.766666666667  0.499990514748  2.99901353379e-05  0.499979495117  -0.8  -0.7  4.10097664629e-05  5.99802706758e-05  2120.0  5.47382356168  -1.31763642402  -2.05089496335
-0.033333333333  -0.733333333333  0.766666666667  0.49999860511   3.15245143555e-05  0.499969870376  -0.8  -0.7  6.02592486798e-05  6.30490287109e-05  2130.0  5.44812485951  -1.31761383193  -2.05085482355
-0.033333333333  -0.733333333333  0.766666666667  0.499992467594  3.54302063994e-05  0.4999721022    -0.8  -0.7  5.5795600629e-05   7.08604127988e-05  2140.0  5.42266633213  -1.3176100357   -2.05084913026
-0.033333333333  -0.733333333333  0.766666666667  0.499990793726  3.64066294102e-05  0.499972799645  -0.8  -0.7  5.44007106132e-05  7.28132588203e-05  2150.0  5.39744462826  -1.31760937794  -2.05084822143
-0.033333333333  -0.733333333333  0.766666666667  0.499991770149  3.94753874443e-05  0.499968754464  -0.8  -0.7  6.24910727031e-05  7.89507748887e-05  2160.0  5.37245645868  -1.31759475623  -2.05082283116
-0.033333333333  -0.733333333333  0.766666666667  0.499990933215  3.76620304238e-05  0.499971404755  -0.8  -0.7  5.71904906436e-05  7.53240608477e-05  2170.0  5.34769859482  -1.31760391313  -2.05083876723
-0.033333333333  -0.733333333333  0.766666666667  0.49998884088   4.26836344805e-05  0.499968475486  -0.8  -0.7  6.30490287099e-05  8.53672689609e-05  2180.0  5.32316786732  -1.31758737725  -2.05081051428
-0.033333333333  -0.733333333333  0.766666666667  0.499996931242  4.22651674766e-05  0.499960803591  -0.8  -0.7  7.83928188838e-05  8.45303349531e-05  2190.0  5.29886116473  -1.31757284685  -2.0507842947
-0.033333333333  -0.733333333333  0.766666666667  0.499998744599  4.21256784746e-05  0.499959129723  -0.8  -0.7  8.17405549209e-05  8.42513569492e-05  2200.0  5.27477543216  -1.31756980367  -2.05077876861
-0.033333333333  -0.733333333333  0.766666666667  0.499993862484  4.10097664619e-05  0.49996512775   -0.8  -0.7  6.97445007851e-05  8.20195329238e-05  2210.0  5.25090767002  -1.31758421367  -2.05080433773
-0.033333333333  -0.733333333333  0.766666666667  0.499992049127  4.92396175547e-05  0.499958711256  -0.8  -0.7  8.25774889296e-05  9.84792351094e-05  2220.0  5.22725493277  -1.31755389119  -2.05075222706
-0.033333333333  -0.733333333333  0.766666666667  0.499990793726  5.07739965723e-05  0.499958432278  -0.8  -0.7  8.31354449365e-05  0.000101547993145  2230.0  5.20381432769  -1.31755006056  -2.05074580194
-0.033333333333  -0.733333333333  0.766666666667  0.499989956792  5.44007106123e-05  0.499955642498  -0.8  -0.7  8.8715004999e-05   0.000108801421225  2240.0  5.18058301373  -1.3175367543   -2.05072295463
-0.033333333333  -0.733333333333  0.766666666667  0.49999860511   5.38427546064e-05  0.499947552135  -0.8  -0.7  0.000104895729182  0.000107685509213  2250.0  5.15755820033  -1.3175217062   -2.05069574309
-0.033333333333  -0.733333333333  0.766666666667  0.499981029496  6.06777156836e-05  0.499958292789  -0.8  -0.7  8.34144229395e-05  0.000121355431367  2260.0  5.13473714635  -1.31752880747  -2.05071046046
-0.033333333333  -0.733333333333  0.766666666667  0.499993165039  6.15146496934e-05  0.499945320311  -0.8  -0.7  0.000109359377233  0.000123029299387  2270.0  5.11211715892  -1.31750093965  -2.05066066497
-0.033333333333  -0.733333333333  0.766666666667  0.499980750518  6.91865447793e-05  0.499950062937  -0.8  -0.7  9.98741251249e-05  0.000138373089559  2280.0  5.08969559243  -1.31749425621  -2.05065082908
-0.033333333333  -0.733333333333  0.766666666667  0.499992049127  6.83496107695e-05  0.499939601262  -0.8  -0.7  0.00012079747536   0.000136699221539  2290.0  5.06746984749  -1.31747499305  -2.05061599895
-0.033333333333  -0.733333333333  0.766666666667  0.499972381178  8.46698239541e-05  0.499942948998  -0.8  -0.7  0.000114102003285  0.000169339647908  2300.0  5.04543736989  -1.31744714195  -2.05057065592
-0.033333333333  -0.733333333333  0.766666666667  0.499988003946  6.93260337812e-05  0.49994267002   -0.8  -0.7  0.000114659959292  0.000138652067562  2310.0  5.02359564968  -1.31747908047  -2.05062362939
-0.033333333333  -0.733333333333  0.766666666667  0.499985214166  7.18368358096e-05  0.499942948998  -0.8  -0.7  0.000114102003285  0.000143673671619  2320.0  5.00194222015  -1.31747432508  -2.05061580524
-0.033333333333  -0.733333333333  0.766666666667  0.499989817303  7.64399728613e-05  0.499933742724  -0.8  -0.7  0.000132514551493  0.000152879945723  2330.0  4.98047465697  -1.31744608275  -2.05056638848
-0.033333333333  -0.733333333333  0.766666666667  0.499982563875  7.65794618623e-05  0.499940856663  -0.8  -0.7  0.000118286673332  0.000153158923725  2340.0  4.95919057724  -1.31746002911  -2.05059152186
-0.033333333333  -0.733333333333  0.766666666667  0.49996373286   9.6247411084e-05   0.499940019729  -0.8  -0.7  0.000119960541352  0.000192494822168  2350.0  4.93808763862  -1.31741669766  -2.05051931618
-0.033333333333  -0.733333333333  0.766666666667  0.499971544244  9.47130320664e-05  0.499933742724  -0.8  -0.7  0.000132514551492  0.000189426064133  2360.0  4.91716353845  -1.31740736845  -2.0505020919
-0.033333333333  -0.733333333333  0.766666666667  0.499992328105  8.96914280107e-05  0.499917980467  -0.8  -0.7  0.000164039065848  0.000179382856021  2370.0  4.89641601298  -1.31738630573  -2.05046283981
-0.033333333333  -0.733333333333  0.766666666667  0.499997349709  8.84360269961e-05  0.499914214264  -0.8  -0.7  0.000171571471932  0.000176872053992  2380.0  4.87584283645  -1.31738137267  -2.05045363839
-0.033333333333  -0.733333333333  0.766666666667  0.499980750518  9.40155870586e-05  0.499925233895  -0.8  -0.7  0.000149532209684  0.000188031174117  2390.0  4.8554418204   -1.3173917578   -2.05047384354
-0.033333333333  -0.733333333333  0.766666666667  0.499989817303  9.27601860449e-05  0.499917422511  -0.8  -0.7  0.00016515497786   0.00018552037209   2400.0  4.83521081281  -1.31737872664  -2.05045007173
