#mu0  mu1  mu2   x0              x1                 x2              mua  mub  xa              xb                 T       b              u                phi
0.3   0.6  -0.9  0.657689944963  0.0                0.342310055037  1.2  0.3  0.315379889926  0.0                30.0    386.816865025  -1.00158737963   -0.780043247546
0.3   0.6  -0.9  0.661374267962  0.0                0.338625732038  1.2  0.3  0.322748535923  0.0                40.0    290.112648769  -0.994500014017  -0.781798257125
0.3   0.6  -0.9  0.658405244563  0.0                0.341594755437  1.2  0.3  0.316810489127  0.0                50.0    232.090119015  -1.00249379324   -0.782666380191
0.3   0.6  -0.9  0.660989138828  0.0                0.339010861172  1.2  0.3  0.321978277657  0.0                60.0    193.408432513  -0.99816805768   -0.784541990869
0.3   0.6  -0.9  0.662287641944  0.0                0.337712358056  1.2  0.3  0.324575283888  0.0                70.0    165.778656439  -0.995346379015  -0.784836719681
0.3   0.6  -0.9  0.666978657067  0.0                0.333021342933  1.2  0.3  0.333957314134  0.0                80.0    145.056324384  -0.986034062356  -0.786782839316
0.3   0.6  -0.9  0.667970423868  0.0                0.332029576132  1.2  0.3  0.335940847736  0.0                90.0    128.938955008  -0.98400897326   -0.787137990543
0.3   0.6  -0.9  0.66797153978   0.0                0.33202846022   1.2  0.3  0.33594307956   0.0                100.0   116.045059507  -0.984005805581  -0.787137501053
0.3   0.6  -0.9  0.667971679269  0.0                0.332028320731  1.2  0.3  0.335943358538  0.0                110.0   105.495508643  -0.984004572744  -0.78713660299
0.3   0.6  -0.9  0.66796875      0.0                0.33203125      1.2  0.3  0.3359375       0.0                120.0   96.7042162563  -0.984010216075  -0.787135216075
0.3   0.6  -0.9  0.667969168467  0.0                0.332030831533  1.2  0.3  0.335938336934  0.0                130.0   89.2654303904  -0.984007800306  -0.787133804627
0.3   0.6  -0.9  0.667978374741  0.0                0.332021625259  1.2  0.3  0.335956749482  0.0                140.0   82.8893282196  -0.983983511895  -0.787131611273
0.3   0.6  -0.9  0.667975166494  0.0                0.332024833506  1.2  0.3  0.335950332988  0.0                150.0   77.363373005   -0.983987275826  -0.787127675412
0.3   0.6  -0.9  0.667978932697  0.0                0.332021067303  1.2  0.3  0.335957865394  0.0                160.0   72.5281621922  -0.983973609688  -0.787123048161
0.3   0.6  -0.9  0.667980885543  0.0                0.332019114457  1.2  0.3  0.335961771086  0.0                170.0   68.2617997103  -0.983955233541  -0.787109358844
0.3   0.6  -0.9  0.666250803457  0.0                0.333749196543  1.2  0.3  0.332501606913  0.0                180.0   64.4694775042  -0.988223474992  -0.787225403288
0.3   0.6  -0.9  0.666029852878  0.0                0.333970147122  1.2  0.3  0.332059705756  0.0                190.0   61.0763471092  -0.988766512389  -0.787238159296
0.3   0.6  -0.9  0.666027481565  0.0                0.333972518435  1.2  0.3  0.33205496313   0.0                200.0   58.0225297537  -0.988771454894  -0.787237410651
0.3   0.6  -0.9  0.666036827328  0.0                0.333963172672  1.2  0.3  0.332073654656  0.0                210.0   55.2595521464  -0.988743756672  -0.787232142259
0.3   0.6  -0.9  0.666033898059  0.0                0.333966101941  1.2  0.3  0.332067796118  0.0                220.0   52.7477543216  -0.988748745178  -0.78723010052
0.3   0.6  -0.9  0.667003067642  0.0                0.332996932358  1.2  0.3  0.334006135284  0.0                230.0   50.4543736989  -0.986322635661  -0.787129998002
0.3   0.6  -0.9  0.669199740439  0.0                0.330800259561  1.2  0.3  0.338399480878  0.0                240.0   48.3521081281  -0.980819133573  -0.786898510627
0.3   0.6  -0.9  0.667766072481  0.0                0.332233927519  1.2  0.3  0.335532144961  0.0                250.0   46.418023803   -0.984635588072  -0.787274162026
0.3   0.6  -0.9  0.667763561679  0.0                0.332236438321  1.2  0.3  0.335527123357  0.0                260.0   44.6327151952  -0.984619854242  -0.78725240227
0.3   0.6  -0.9  0.667753518471  0.0                0.332246481529  1.2  0.3  0.335507036941  0.0                270.0   42.9796516694  -0.984631067288  -0.787239511617
0.3   0.6  -0.9  0.668000971959  0.0                0.331999028041  1.2  0.3  0.336001943919  0.0                280.0   41.4446641098  -0.983927646547  -0.787129979249
0.3   0.6  -0.9  0.667877105726  0.0                0.332122894274  1.2  0.3  0.335754211452  0.0                290.0   40.0155377612  -0.984230656835  -0.787135710577
0.3   0.6  -0.9  0.667825913262  0.0                0.332174086738  1.2  0.3  0.335651826525  0.0                300.0   38.6816865025  -0.98431585773   -0.78709804956
0.3   0.6  -0.9  0.668293759374  0.0                0.331706240626  1.2  0.3  0.336587518747  0.0                310.0   37.4338901637  -0.982982635226  -0.786887657723
0.3   0.6  -0.9  0.668244938223  0.0                0.331755061777  1.2  0.3  0.336489876446  0.0                320.0   36.2640810961  -0.983048940184  -0.78683679192
0.3   0.6  -0.9  0.668290272149  0.0                0.331709727851  1.2  0.3  0.336580544297  0.0                330.0   35.1651695477  -0.982888260936  -0.786784914093
0.3   0.6  -0.9  0.670501870269  0.0                0.329498129731  1.2  0.3  0.341003740537  0.0                340.0   34.1308998551  -0.976861943735  -0.786066432379
0.3   0.6  -0.9  0.669861894729  0.0                0.330138105271  1.2  0.3  0.339723789459  0.0                350.0   33.1557312879  -0.978397817375  -0.786066364726
0.3   0.6  -0.9  0.671056060072  0.0                0.328943939928  1.2  0.3  0.342112120144  0.0                360.0   32.2347387521  -0.975076770675  -0.785611314847
0.3   0.6  -0.9  0.671750296833  0.0                0.328249703167  1.2  0.3  0.343500593665  0.0                370.0   31.3635295966  -0.973035202554  -0.785235914953
0.3   0.6  -0.9  0.671933585381  0.0                0.328066414619  1.2  0.3  0.343867170761  0.0                380.0   30.5381735546  -0.972412105998  -0.785052710912
0.3   0.6  -0.9  0.671808324257  0.0                0.328191675743  1.2  0.3  0.343616648514  0.0                390.0   29.7551434635  -0.97260297036   -0.784942948577
0.3   0.6  -0.9  0.671348010552  0.0                0.328651989448  1.2  0.3  0.342696021104  0.0                400.0   29.0112648769  -0.973625275272  -0.784860500597
0.3   0.6  -0.9  0.671534925814  0.0                0.328465074186  1.2  0.3  0.343069851628  0.0                410.0   28.3036730506  -0.97301237001   -0.784696191964
0.3   0.6  -0.9  0.670605510597  0.0                0.329394489403  1.2  0.3  0.341211021193  0.0                420.0   27.6297760732  -0.975297503134  -0.784750728566
0.3   0.6  -0.9  0.671337967344  0.0                0.328662032656  1.2  0.3  0.342675934688  0.0                430.0   26.9872231413  -0.973149653847  -0.784360775472
0.3   0.6  -0.9  0.671374652951  0.0                0.328625347049  1.2  0.3  0.342749305903  0.0                440.0   26.3738771608  -0.972922107903  -0.784221274987
0.3   0.6  -0.9  0.671043924529  0.0                0.328956075471  1.2  0.3  0.342087849057  0.0                450.0   25.7877910017  -0.973588230486  -0.784093649354
0.3   0.6  -0.9  0.670854219487  0.0                0.329145780513  1.2  0.3  0.341708438973  0.0                460.0   25.2271868495  -0.973802485061  -0.783852611829
0.3   0.6  -0.9  0.670728958363  0.0                0.329271041637  1.2  0.3  0.341457916726  0.0                470.0   24.6904381931  -0.973967612452  -0.783717112523
0.3   0.6  -0.9  0.670592956587  0.0                0.329407043413  1.2  0.3  0.341185913173  0.0                480.0   24.1760540641  -0.974182466795  -0.783605562602
0.3   0.6  -0.9  0.670413015775  0.0                0.329586984225  1.2  0.3  0.340826031549  0.0                490.0   23.6826652056  -0.97440525995   -0.783396497809
0.3   0.6  -0.9  0.670255951159  0.0                0.329744048841  1.2  0.3  0.340511902318  0.0                500.0   23.2090119015  -0.974631689825  -0.783245972606
0.3   0.6  -0.9  0.669817397738  4.18467004883e-07  0.330182183795  1.2  0.3  0.33963563241   8.36934009766e-07  510.0   22.7539332368  -0.975484166565  -0.783047176537
0.3   0.6  -0.9  0.669682232895  1.39489001953e-07  0.330317627616  1.2  0.3  0.339364744769  2.78978003906e-07  520.0   22.3163575976  -0.975606751426  -0.782844528842
0.3   0.6  -0.9  0.669373962202  1.39489001953e-07  0.330625898309  1.2  0.3  0.338748203382  2.78978003906e-07  530.0   21.8952942467  -0.976133238677  -0.782631166429
0.3   0.6  -0.9  0.669273530121  4.18467004883e-07  0.330726051412  1.2  0.3  0.338547897175  8.36934009766e-07  540.0   21.4898258347  -0.976169890007  -0.782427617698
0.3   0.6  -0.9  0.668840416771  2.7897800293e-07   0.331159304251  1.2  0.3  0.337681391498  5.57956005859e-07  550.0   21.0991017286  -0.977022585434  -0.782240422618
0.3   0.6  -0.9  0.668682515221  2.7897800293e-07   0.331317205801  1.2  0.3  0.337365588398  5.57956005859e-07  560.0   20.7223320549  -0.977184207955  -0.782023081419
0.3   0.6  -0.9  0.6683403487    1.67386801855e-06  0.331657977432  1.2  0.3  0.336684045136  3.34773603711e-06  570.0   20.3587823697  -0.977673812092  -0.781695670577
0.3   0.6  -0.9  0.668099311705  8.36934009766e-07  0.331899851361  1.2  0.3  0.336200297279  1.67386801953e-06  580.0   20.0077688806  -0.978146773481  -0.781587632376
0.3   0.6  -0.9  0.667900121411  5.57956005859e-07  0.332099320633  1.2  0.3  0.335801358734  1.11591201172e-06  590.0   19.6686541538  -0.97830681757   -0.781268782825
0.3   0.6  -0.9  0.667484862654  1.39489001953e-07  0.332514997857  1.2  0.3  0.334970004285  2.78978003906e-07  600.0   19.3408432512  -0.979004973464  -0.780969062299
0.3   0.6  -0.9  0.667044077409  1.95284602246e-06  0.332953969745  1.2  0.3  0.334092060509  3.90569204492e-06  610.0   19.0237802471  -0.97972707019   -0.780638714508
0.3   0.6  -0.9  0.666629237118  2.09233502344e-06  0.333368670547  1.2  0.3  0.333262658906  4.18467004688e-06  620.0   18.7169450819  -0.980362946442  -0.78027939253
0.3   0.6  -0.9  0.666370903487  2.51080202832e-06  0.333626585711  1.2  0.3  0.332746828578  5.02160405664e-06  630.0   18.4198507155  -0.980705092519  -0.780002793294
0.3   0.6  -0.9  0.665997909897  2.9292690332e-06   0.333999160834  1.2  0.3  0.332001678332  5.85853806641e-06  640.0   18.132040548   -0.9812410581    -0.779644829659
0.3   0.6  -0.9  0.665987866689  3.34773603809e-06  0.334008785575  1.2  0.3  0.331982428849  6.69547207617e-06  650.0   17.8530860781  -0.981171857619  -0.77955278088
0.3   0.6  -0.9  0.66552950583   5.16109305859e-06  0.334465333077  1.2  0.3  0.331069333845  1.03221861172e-05  660.0   17.5825847739  -0.981788654886  -0.779074952156
0.3   0.6  -0.9  0.665007956453  5.99802706738e-06  0.33498604552   1.2  0.3  0.330027908959  1.19960541348e-05  670.0   17.3201581354  -0.982620648679  -0.778657738247
0.3   0.6  -0.9  0.664643053225  4.74262605371e-06  0.335352204149  1.2  0.3  0.329295591701  9.48525210742e-06  680.0   17.0654499276  -0.983028723563  -0.77818627918
0.3   0.6  -0.9  0.664113692464  4.74262605371e-06  0.33588156491   1.2  0.3  0.328236870179  9.48525210742e-06  690.0   16.8181245663  -0.983656118744  -0.777543208534
0.3   0.6  -0.9  0.663492129473  1.15775871309e-05  0.33649629294   1.2  0.3  0.327007414119  2.31551742617e-05  700.0   16.5778656439  -0.984507635792  -0.776923479288
0.3   0.6  -0.9  0.662832625473  9.76423011035e-06  0.337157610297  1.2  0.3  0.325684779407  1.95284602207e-05  710.0   16.3443745785  -0.985475339863  -0.776302933689
0.3   0.6  -0.9  0.662959699954  1.35304331523e-05  0.337026769613  1.2  0.3  0.325946460773  2.70608663047e-05  720.0   16.117369376   -0.985078971368  -0.776222842556
0.3   0.6  -0.9  0.662340229298  1.08801421221e-05  0.33764889056   1.2  0.3  0.324702218879  2.17602842441e-05  730.0   15.8965834942  -0.985889613487  -0.775538804227
0.3   0.6  -0.9  0.661504550689  1.40883891592e-05  0.338481360922  1.2  0.3  0.323037278157  2.81767783184e-05  740.0   15.6817647983  -0.986888359404  -0.774541546226
0.3   0.6  -0.9  0.661095847915  1.88310152119e-05  0.33888532107   1.2  0.3  0.32222935786   3.76620304238e-05  750.0   15.472674601   -0.987360667923  -0.774047195963
0.3   0.6  -0.9  0.660792598825  1.42278781602e-05  0.339193173297  1.2  0.3  0.321613653407  2.84557563203e-05  760.0   15.2690867773  -0.987603907321  -0.773548828136
0.3   0.6  -0.9  0.660536915485  2.12023282393e-05  0.339441882186  1.2  0.3  0.321116235627  4.24046564785e-05  770.0   15.070786949   -0.987838497354  -0.773190701503
0.3   0.6  -0.9  0.660056933831  2.14813062422e-05  0.339921584863  1.2  0.3  0.320156830274  4.29626124844e-05  780.0   14.8775717317  -0.988149347882  -0.772350432994
0.3   0.6  -0.9  0.659949248322  2.94321793311e-05  0.340021319499  1.2  0.3  0.319957361002  5.88643586621e-05  790.0   14.6892480389  -0.988136933207  -0.772103425717
0.3   0.6  -0.9  0.659615730119  2.94321793311e-05  0.340354837702  1.2  0.3  0.319290324596  5.88643586621e-05  800.0   14.5056324384  -0.988675254838  -0.771841303661
0.3   0.6  -0.9  0.659258219808  2.92926903301e-05  0.340712487502  1.2  0.3  0.318575024996  5.85853806602e-05  810.0   14.3265505565  -0.988844722093  -0.771152327702
0.3   0.6  -0.9  0.658974499179  3.97543654482e-05  0.340985746456  1.2  0.3  0.318028507088  7.95087308965e-05  820.0   14.1518365253  -0.989099565026  -0.770757626151
0.3   0.6  -0.9  0.658929025764  4.43575025e-05     0.341026616733  1.2  0.3  0.317946766533  8.8715005e-05      830.0   13.9813324708  -0.988829344743  -0.770392079084
0.3   0.6  -0.9  0.658700821758  4.60313705186e-05  0.341253146872  1.2  0.3  0.317493706256  9.20627410371e-05  840.0   13.8148880366  -0.989071950252  -0.770092016581
0.3   0.6  -0.9  0.658487682563  5.00765515645e-05  0.341462240885  1.2  0.3  0.31707551823   0.000100153103129  850.0   13.6523599421  -0.989279555923  -0.769800223729
0.3   0.6  -0.9  0.658696218621  5.5656111627e-05   0.341248125268  1.2  0.3  0.317503749464  0.000111312223254  860.0   13.4936115706  -0.988456552218  -0.769494445242
0.3   0.6  -0.9  0.658368419467  6.26305617051e-05  0.341568949971  1.2  0.3  0.316862100057  0.00012526112341   870.0   13.3385125871  -0.988870760225  -0.769142858631
0.3   0.6  -0.9  0.65817662209   6.93260337812e-05  0.341754051877  1.2  0.3  0.316491896247  0.000138652067562  880.0   13.1869385804  -0.988954612612  -0.768786483729
0.3   0.6  -0.9  0.658160580855  8.55067579629e-05  0.341753912388  1.2  0.3  0.316492175225  0.000171013515926  890.0   13.0387707312  -0.988710482629  -0.768552396954
0.3   0.6  -0.9  0.657928750134  8.8575515998e-05   0.34198267435   1.2  0.3  0.3160346513    0.000177151031996  900.0   12.8938955008  -0.988875801441  -0.76817052831
0.3   0.6  -0.9  0.65794744166   8.8575515998e-05   0.341963982824  1.2  0.3  0.316072034352  0.000177151031996  910.0   12.7522043415  -0.988597980867  -0.7679375674
0.3   0.6  -0.9  0.657749646256  0.000101408504143  0.34214894524   1.2  0.3  0.31570210952   0.000202817008285  920.0   12.6135934247  -0.988658163777  -0.767561540304
0.3   0.6  -0.9  0.657819809224  0.000105174707185  0.342075016069  1.2  0.3  0.315849967862  0.000210349414369  930.0   12.4779633879  -0.988289888909  -0.767372955167
0.3   0.6  -0.9  0.657559522747  0.000115775871304  0.342324701382  1.2  0.3  0.315350597236  0.000231551742607  940.0   12.3452190965  -0.988527897976  -0.767018080182
0.3   0.6  -0.9  0.657542086622  0.000131259150479  0.342326654228  1.2  0.3  0.315346691544  0.000262518300957  950.0   12.2152694218  -0.988251348843  -0.766746134186
0.3   0.6  -0.9  0.657464809715  0.000140046957577  0.342395143328  1.2  0.3  0.315209713345  0.000280093915154  960.0   12.088027032   -0.988157858336  -0.766493542524
0.3   0.6  -0.9  0.657439841183  0.00015622768176   0.342403931135  1.2  0.3  0.31519213773   0.00031245536352   970.0   11.9634081967  -0.987958062679  -0.766282364564
0.3   0.6  -0.9  0.657254739278  0.000170176581917  0.34257508414   1.2  0.3  0.31484983172   0.000340353163834  980.0   11.8413326028  -0.988030886292  -0.765952790305
0.3   0.6  -0.9  0.657312906192  0.000183009570062  0.342504084238  1.2  0.3  0.314991831524  0.000366019140123  990.0   11.7217231826  -0.98765165968   -0.765751663251
0.3   0.6  -0.9  0.657183041932  0.000207280656335  0.342609677412  1.2  0.3  0.314780645176  0.00041456131267   1000.0  11.6045059507  -0.987559104398  -0.765420247003
0.3   0.6  -0.9  0.657145937857  0.000201561607271  0.342652500536  1.2  0.3  0.314694998929  0.000403123214541  1010.0  11.4896098522  -0.987356137606  -0.765111073285
0.3   0.6  -0.9  0.656975621786  0.000247871955792  0.342776506258  1.2  0.3  0.314446987484  0.000495743911584  1020.0  11.3769666184  -0.987424253463  -0.764909361618
0.3   0.6  -0.9  0.657072148175  0.000246616554778  0.34268123527   1.2  0.3  0.31463752946   0.000493233109557  1030.0  11.2665106318  -0.987009454869  -0.764722460154
0.3   0.6  -0.9  0.656999055938  0.000265029102985  0.342735914959  1.2  0.3  0.314528170083  0.000530058205971  1040.0  11.1581787988  -0.986887334926  -0.764480156487
0.3   0.6  -0.9  0.656862914673  0.000272840487073  0.34286424484   1.2  0.3  0.31427151032   0.000545680974146  1050.0  11.0519104293  -0.986865069976  -0.764154586652
0.3   0.6  -0.9  0.656926521658  0.000292229458292  0.342781248884  1.2  0.3  0.314437502232  0.000584458916584  1060.0  10.9476471233  -0.986444324896  -0.76394466525
0.3   0.6  -0.9  0.656806700605  0.000326404263677  0.342866895131  1.2  0.3  0.314266209738  0.000652808527354  1070.0  10.8453326643  -0.986434108097  -0.763749402341
0.3   0.6  -0.9  0.656810606297  0.000335331559777  0.342854062143  1.2  0.3  0.314291875714  0.000670663119555  1080.0  10.7449129174  -0.986057539283  -0.763408989076
0.3   0.6  -0.9  0.656670838318  0.000356952355021  0.342972209327  1.2  0.3  0.314055581346  0.000713904710041  1090.0  10.6463357346  -0.986122685278  -0.763203554306
0.3   0.6  -0.9  0.656743930555  0.000381920886302  0.342874148559  1.2  0.3  0.314251702882  0.000763841772604  1100.0  10.5495508643  -0.985599872573  -0.762931068564
0.3   0.6  -0.9  0.656703757722  0.000401170368519  0.342895071909  1.2  0.3  0.314209856181  0.000802340737037  1110.0  10.4545098655  -0.985387678397  -0.762680208036
0.3   0.6  -0.9  0.656762343103  0.000418048537709  0.34281960836   1.2  0.3  0.314360783281  0.000836097075418  1120.0  10.3611660275  -0.985053841953  -0.762537611013
0.3   0.6  -0.9  0.656492013418  0.000476912896372  0.343031073686  1.2  0.3  0.313937852628  0.000953825792744  1130.0  10.2694742927  -0.985129946656  -0.762141517548
0.3   0.6  -0.9  0.656524932822  0.000477052385373  0.342998014793  1.2  0.3  0.314003970415  0.000954104770746  1140.0  10.1793911849  -0.98487608113   -0.761967077059
0.3   0.6  -0.9  0.656487689259  0.000540240903085  0.342972069838  1.2  0.3  0.314055860324  0.00108048180617   1150.0  10.0908747398  -0.984498690274  -0.761689867205
0.3   0.6  -0.9  0.656609881624  0.000531453095986  0.34285866528   1.2  0.3  0.31428266944   0.00106290619197   1160.0  10.0038844403  -0.984073181942  -0.761531257128
0.3   0.6  -0.9  0.656482946633  0.000595757525711  0.342921295842  1.2  0.3  0.314157408317  0.00119151505142   1170.0  9.91838115449  -0.983899485014  -0.761245829509
0.3   0.6  -0.9  0.656470950578  0.00061430956292   0.342914739859  1.2  0.3  0.314170520283  0.00122861912584   1180.0  9.83432707691  -0.983661621243  -0.76103483132
0.3   0.6  -0.9  0.656479319919  0.000705535369947  0.342815144711  1.2  0.3  0.314369710577  0.00141107073989   1190.0  9.7516856729   -0.983088930266  -0.760755904181
0.3   0.6  -0.9  0.656474856271  0.00069605011784   0.342829093612  1.2  0.3  0.314341812777  0.00139210023568   1200.0  9.67042162562  -0.982857302449  -0.760485107853
0.3   0.6  -0.9  0.656382375062  0.000755890899515  0.342861734038  1.2  0.3  0.314276531924  0.00151178179903   1210.0  9.59050078574  -0.98267609087   -0.760261463719
0.3   0.6  -0.9  0.656557154781  0.000743336889373  0.342699508329  1.2  0.3  0.314600983342  0.00148667377875   1220.0  9.51189012357  -0.982122692835  -0.760089874979
0.3   0.6  -0.9  0.65646648693   0.000822287664263  0.342711225405  1.2  0.3  0.314577549189  0.00164457532853   1230.0  9.43455768354  -0.98187042211   -0.759856853736
0.3   0.6  -0.9  0.656305516623  0.000877525308885  0.342816958068  1.2  0.3  0.314366083863  0.00175505061777   1240.0  9.35847254093  -0.981788713562  -0.759554529383
0.3   0.6  -0.9  0.656310259249  0.000914768872304  0.342774971879  1.2  0.3  0.314450056242  0.00182953774461   1250.0  9.2836047606   -0.981470887636  -0.75935981645
0.3   0.6  -0.9  0.656306353557  0.000943503606628  0.342750142837  1.2  0.3  0.314499714327  0.00188700721326   1260.0  9.20992535774  -0.981072595201  -0.759038354557
0.3   0.6  -0.9  0.656255440071  0.000988698043137  0.342755861886  1.2  0.3  0.314488276228  0.00197739608627   1270.0  9.13740626043  -0.980862846592  -0.758841996892
0.3   0.6  -0.9  0.656457420145  0.0010298472986    0.342512732556  1.2  0.3  0.314974534888  0.0020596945972    1280.0  9.06602027402  -0.980054943136  -0.758642293381
0.3   0.6  -0.9  0.656255858538  0.00110837960648   0.342635761855  1.2  0.3  0.314728476289  0.00221675921297   1290.0  8.99574104709  -0.979940001376  -0.758279200687
0.3   0.6  -0.9  0.656308306403  0.00115259761998   0.342539095977  1.2  0.3  0.314921808045  0.00230519523996   1300.0  8.92654303904  -0.979468030728  -0.758065758954
0.3   0.6  -0.9  0.656244001973  0.00120016336952   0.342555834658  1.2  0.3  0.314888330685  0.00240032673904   1310.0  8.85840148912  -0.979288340439  -0.757874435282
0.3   0.6  -0.9  0.656136734931  0.00126823400229   0.342595031067  1.2  0.3  0.314809937866  0.00253646800457   1320.0  8.79129238693  -0.979058168553  -0.757591034393
0.3   0.6  -0.9  0.656106744795  0.00129055224254   0.342602702962  1.2  0.3  0.314794594076  0.00258110448507   1330.0  8.72519244417  -0.978833647566  -0.757361491803
0.3   0.6  -0.9  0.656155147479  0.00139600592772   0.342448846593  1.2  0.3  0.315102306813  0.00279201185545   1340.0  8.66007906772  -0.978151884784  -0.757112256517
0.3   0.6  -0.9  0.656145522738  0.00143115715612   0.342423320106  1.2  0.3  0.315153359788  0.00286231431224   1350.0  8.59593033389  -0.977840157825  -0.756882883864
0.3   0.6  -0.9  0.656108000196  0.00154637507142   0.342345624732  1.2  0.3  0.315308750536  0.00309275014284   1360.0  8.53272496379  -0.977217909539  -0.756516235224
0.3   0.6  -0.9  0.655985249875  0.0015712041137    0.342443546011  1.2  0.3  0.315112907977  0.0031424082274    1370.0  8.47044229982  -0.977242291454  -0.756320503495
0.3   0.6  -0.9  0.656129620992  0.00163495058742   0.342235428421  1.2  0.3  0.315529143158  0.00326990117483   1380.0  8.40906228315  -0.976409000903  -0.756024943045
0.3   0.6  -0.9  0.656131852816  0.0017224101914    0.342145736993  1.2  0.3  0.315708526014  0.0034448203828    1390.0  8.34856543219  -0.975860711955  -0.755744389287
0.3   0.6  -0.9  0.656078707506  0.00175546908477   0.342165823409  1.2  0.3  0.315668353182  0.00351093816955   1400.0  8.28893282196  -0.975749183394  -0.755604488663
0.3   0.6  -0.9  0.656201457827  0.00180526665833   0.341993275514  1.2  0.3  0.316013448972  0.00361053331667   1410.0  8.23014606436  -0.974959064436  -0.755258363196
0.3   0.6  -0.9  0.656087774291  0.00191629990358   0.341995925805  1.2  0.3  0.31600814839   0.00383259980717   1420.0  8.17218728926  -0.974628405456  -0.754987963465
0.3   0.6  -0.9  0.656097399032  0.00200473593058   0.341897865037  1.2  0.3  0.316204269926  0.00400947186116   1430.0  8.1150391264   -0.974128548051  -0.75477651352
0.3   0.6  -0.9  0.656011752785  0.00209191655656   0.341896330658  1.2  0.3  0.316207338684  0.00418383311313   1440.0  8.05868468802  -0.973767243221  -0.754471199575
0.3   0.6  -0.9  0.656053738975  0.00214422493215   0.341802036093  1.2  0.3  0.316395927814  0.0042884498643    1450.0  8.00310755224  -0.973288641997  -0.754250290332
0.3   0.6  -0.9  0.655926106538  0.00222178081703   0.341852112645  1.2  0.3  0.316295774711  0.00444356163405   1460.0  7.94829174709  -0.973112703773  -0.754000701915
0.3   0.6  -0.9  0.655938242081  0.00233155866126   0.341730199257  1.2  0.3  0.316539601486  0.00466311732253   1470.0  7.8942217352   -0.972364180542  -0.753610637521
0.3   0.6  -0.9  0.655969069151  0.00235457434652   0.341676356503  1.2  0.3  0.316647286995  0.00470914869304   1480.0  7.84088239916  -0.972114869161  -0.753504358162
0.3   0.6  -0.9  0.655900998518  0.00250605940223   0.34159294208   1.2  0.3  0.316814115841  0.00501211880446   1490.0  7.78825902735  -0.971501794392  -0.753182369042
0.3   0.6  -0.9  0.655892210711  0.00256729507392   0.341540494215  1.2  0.3  0.31691901157   0.00513459014784   1500.0  7.7363373005   -0.971068813313  -0.752912004241
0.3   0.6  -0.9  0.655915505374  0.00259533236323   0.341489162263  1.2  0.3  0.317021675475  0.00519066472647   1510.0  7.68510327864  -0.970727950536  -0.752711160524
0.3   0.6  -0.9  0.655790802207  0.00273942450186   0.341469773291  1.2  0.3  0.317060453417  0.00547884900371   1520.0  7.63454338865  -0.970222675957  -0.752338874759
0.3   0.6  -0.9  0.655758301269  0.0028768211684    0.341364877562  1.2  0.3  0.317270244876  0.00575364233681   1530.0  7.58464441225  -0.969592309213  -0.752042695764
0.3   0.6  -0.9  0.655785083158  0.00295214522925   0.341262771613  1.2  0.3  0.317474456774  0.00590429045851   1540.0  7.53539347451  -0.968991374053  -0.751732009319
0.3   0.6  -0.9  0.655713664789  0.00298785441366   0.341298480797  1.2  0.3  0.317403038405  0.00597570882731   1550.0  7.48677803274  -0.96890705856   -0.751583417294
0.3   0.6  -0.9  0.655527586461  0.00317295631874   0.34129945722   1.2  0.3  0.317401085559  0.00634591263748   1560.0  7.43878586587  -0.968353009215  -0.751138085677
0.3   0.6  -0.9  0.655672236555  0.00321271068419   0.34111505276   1.2  0.3  0.317769894479  0.00642542136838   1570.0  7.39140506417  -0.967673881219  -0.750925381005
0.3   0.6  -0.9  0.655757185357  0.00335429202078   0.340888522622  1.2  0.3  0.318222954756  0.00670858404157   1580.0  7.34462401946  -0.96675477487   -0.75063489579
0.3   0.6  -0.9  0.655681721808  0.00345137636588   0.340866901827  1.2  0.3  0.318266196347  0.00690275273175   1590.0  7.29843141557  -0.966334213993  -0.750324475429
0.3   0.6  -0.9  0.655551718058  0.00356408347915   0.340884198463  1.2  0.3  0.318231603075  0.00712816695829   1600.0  7.25281621922  -0.965993109587  -0.750009483364
0.3   0.6  -0.9  0.655511126759  0.00371668444686   0.340772188794  1.2  0.3  0.318455622411  0.00743336889373   1610.0  7.20776767127  -0.965272375313  -0.749649132874
0.3   0.6  -0.9  0.655448356708  0.00376313428439   0.340788509008  1.2  0.3  0.318422981985  0.00752626856878   1620.0  7.16327527824  -0.965204897229  -0.749570356181
0.3   0.6  -0.9  0.655308728217  0.00397250727575   0.340718764507  1.2  0.3  0.318562470986  0.00794501455149   1630.0  7.11932880414  -0.964375822721  -0.749034292269
0.3   0.6  -0.9  0.655516845808  0.00402467616233   0.34045847803   1.2  0.3  0.31908304394   0.00804935232467   1640.0  7.07591826265  -0.963442298328  -0.748756756754
0.3   0.6  -0.9  0.655384331256  0.00419150500821   0.340424163736  1.2  0.3  0.319151672529  0.00838301001643   1650.0  7.03303390954  -0.962963518458  -0.748460428497
0.3   0.6  -0.9  0.655478904799  0.00425859921797   0.340262495983  1.2  0.3  0.319475008035  0.00851719843594   1660.0  6.99066623539  -0.962282346784  -0.748207515956
0.3   0.6  -0.9  0.655365081774  0.00437855975932   0.340256358467  1.2  0.3  0.319487283067  0.00875711951864   1670.0  6.94880595853  -0.961901953914  -0.747913829449
0.3   0.6  -0.9  0.655202716576  0.00457049662548   0.340226786798  1.2  0.3  0.319546426403  0.00914099325096   1680.0  6.9074440183   -0.961384060714  -0.747582070373
0.3   0.6  -0.9  0.655167844326  0.00471179898407   0.34012035669   1.2  0.3  0.31975928662   0.00942359796815   1690.0  6.86657156849  -0.960629995659  -0.747168218993
0.3   0.6  -0.9  0.655296034718  0.00476857100771   0.339935394274  1.2  0.3  0.320129211452  0.00953714201543   1700.0  6.82617997103  -0.959950604465  -0.746966800812
0.3   0.6  -0.9  0.655093775666  0.0048655158638    0.34004070847   1.2  0.3  0.31991858306   0.00973103172761   1710.0  6.78626078991  -0.959879736431  -0.746701345621
0.3   0.6  -0.9  0.655034213862  0.0050422484288    0.339923537709  1.2  0.3  0.320152924582  0.0100844968576    1720.0  6.74680578532  -0.959077731024  -0.74628658958
0.3   0.6  -0.9  0.654932665869  0.00516304590416   0.339904288227  1.2  0.3  0.320191423547  0.0103260918083    1730.0  6.70780690795  -0.958719311396  -0.746046847195
0.3   0.6  -0.9  0.654965724763  0.00527979819847   0.339754477039  1.2  0.3  0.320491045922  0.0105595963969    1740.0  6.66925629353  -0.957974909582  -0.745732043608
0.3   0.6  -0.9  0.654686328292  0.005504236002     0.339809435706  1.2  0.3  0.320381128589  0.011008472004     1750.0  6.63114625757  -0.957564968449  -0.745324864356
0.3   0.6  -0.9  0.654871151219  0.00561736158227   0.339511487198  1.2  0.3  0.320977025603  0.0112347231645    1760.0  6.5934692902   -0.956439279283  -0.744982126956
0.3   0.6  -0.9  0.654798895917  0.00571500388337   0.3394861002    1.2  0.3  0.3210277996    0.0114300077667    1770.0  6.55621805127  -0.956152515438  -0.744814877288
0.3   0.6  -0.9  0.654823167003  0.00585002923689   0.33932680376   1.2  0.3  0.32134639248   0.0117000584738    1780.0  6.51938536559  -0.955434257107  -0.744559945625
0.3   0.6  -0.9  0.654723292878  0.00603778143301   0.339238925689  1.2  0.3  0.321522148622  0.012075562866     1790.0  6.4829642183   -0.954651427482  -0.744100674687
0.3   0.6  -0.9  0.654695674055  0.00619819378482   0.33910613216   1.2  0.3  0.321787735681  0.0123963875696    1800.0  6.44694775042  -0.953933349701  -0.743797548788
0.3   0.6  -0.9  0.65466428903   0.00629695199793   0.339038758972  1.2  0.3  0.321922482056  0.0125939039959    1810.0  6.41132925456  -0.953341630652  -0.743426780318
0.3   0.6  -0.9  0.654565670306  0.00650381418726   0.338930515507  1.2  0.3  0.322138968987  0.0130076283745    1820.0  6.37610217074  -0.952570596821  -0.743039648118
0.3   0.6  -0.9  0.65439186701   0.00666059982503   0.338947533165  1.2  0.3  0.32210493367   0.0133211996501    1830.0  6.34126008238  -0.952229136768  -0.742751417067
0.3   0.6  -0.9  0.654294643176  0.00691893345593   0.338786423368  1.2  0.3  0.322427153264  0.0138378669119    1840.0  6.30679671236  -0.951171473503  -0.742235417493
0.3   0.6  -0.9  0.654350996733  0.00701490188902   0.338634101378  1.2  0.3  0.322731797243  0.014029803778     1850.0  6.27270591932  -0.950535545715  -0.74202264354
0.3   0.6  -0.9  0.65435699476   0.00717601168583   0.338466993554  1.2  0.3  0.323066012891  0.0143520233717    1860.0  6.23898169395  -0.949647905245  -0.741632727726
0.3   0.6  -0.9  0.654320867108  0.0072531491037    0.338425983788  1.2  0.3  0.323148032424  0.0145062982074    1870.0  6.20561815548  -0.949209170973  -0.741338699344
0.3   0.6  -0.9  0.654203138391  0.00743866947579   0.338358192133  1.2  0.3  0.323283615733  0.0148773389516    1880.0  6.17260954827  -0.948591029807  -0.740994570372
0.3   0.6  -0.9  0.653996694669  0.00762753758392   0.338375767747  1.2  0.3  0.323248464505  0.0152550751678    1890.0  6.13995023849  -0.948206463228  -0.740681143184
0.3   0.6  -0.9  0.653986372483  0.00779673774282   0.338216889775  1.2  0.3  0.323566220451  0.0155934754856    1900.0  6.10763471092  -0.947339110936  -0.740296618123
0.3   0.6  -0.9  0.653754262784  0.00808506150907   0.338160675707  1.2  0.3  0.323678648586  0.0161701230181    1910.0  6.07565756584  -0.946534336824  -0.739799752032
0.3   0.6  -0.9  0.653888451203  0.00810933259534   0.338002216201  1.2  0.3  0.323995567597  0.0162186651907    1920.0  6.04401351602  -0.945910151828  -0.739570432502
0.3   0.6  -0.9  0.653794435616  0.00830447770854   0.337901086675  1.2  0.3  0.32419782665   0.0166089554171    1930.0  6.01269738381  -0.945260915885  -0.73928099449
0.3   0.6  -0.9  0.653655504571  0.00852835755606   0.337816137873  1.2  0.3  0.324367724254  0.0170567151121    1940.0  5.98170409833  -0.944518932111  -0.738877215749
0.3   0.6  -0.9  0.653640439759  0.00870843785709   0.337651122384  1.2  0.3  0.324697755231  0.0174168757142    1950.0  5.95102869269  -0.943596771176  -0.738459140168
0.3   0.6  -0.9  0.653489791637  0.00889716647622   0.337613041887  1.2  0.3  0.324773916226  0.0177943329524    1960.0  5.9206663014   -0.943013151648  -0.738080151006
0.3   0.6  -0.9  0.653422976405  0.00909189312241   0.337485130472  1.2  0.3  0.325029739055  0.0181837862448    1970.0  5.89061215774  -0.942233308868  -0.737724131608
0.3   0.6  -0.9  0.653400100209  0.0091617771122    0.337438122679  1.2  0.3  0.325123754642  0.0183235542244    1980.0  5.86086159129  -0.941815432385  -0.737461004223
0.3   0.6  -0.9  0.653315848852  0.00936710492251   0.337317046226  1.2  0.3  0.325365907549  0.018734209845     1990.0  5.8314100255   -0.941027701529  -0.737087053541
0.3   0.6  -0.9  0.653127120233  0.00964496701364   0.337227912754  1.2  0.3  0.325544174493  0.0192899340273    2000.0  5.80225297537  -0.940160998627  -0.736600988228
0.3   0.6  -0.9  0.653250986466  0.00978878017426   0.33696023336   1.2  0.3  0.326079533281  0.0195775603485    2010.0  5.77338604515  -0.939131551186  -0.736300259228
0.3   0.6  -0.9  0.653121680162  0.0100592493483    0.33681907049   1.2  0.3  0.32636185902   0.0201184986966    2020.0  5.74480492611  -0.938035870868  -0.735705651301
0.3   0.6  -0.9  0.652848979164  0.010211850316     0.33693917052   1.2  0.3  0.326121658959  0.0204237006321    2030.0  5.71650539446  -0.937989039082  -0.735462140024
0.3   0.6  -0.9  0.652854000768  0.0104167596593    0.336729239573  1.2  0.3  0.326541520854  0.0208335193187    2040.0  5.68848330919  -0.936942102828  -0.735041983649
0.3   0.6  -0.9  0.652809643265  0.0105845649282    0.336605791807  1.2  0.3  0.326788416387  0.0211691298564    2050.0  5.66073461012  -0.936179406084  -0.734676244706
0.3   0.6  -0.9  0.652881061634  0.0108486176082    0.336270320758  1.2  0.3  0.327459358485  0.0216972352164    2060.0  5.6332553159   -0.93478736175   -0.734247762497
0.3   0.6  -0.9  0.6525644216    0.0108638219094    0.33657175649   1.2  0.3  0.32685648702   0.0217276438187    2070.0  5.6060415221   -0.935465288111  -0.734211365681
0.3   0.6  -0.9  0.652466500321  0.0111550749447    0.336378424734  1.2  0.3  0.327243150532  0.0223101498893    2080.0  5.5790893994   -0.93425381723   -0.733638642836
0.3   0.6  -0.9  0.652344586934  0.011362355601     0.336293057465  1.2  0.3  0.32741388507   0.022724711202     2090.0  5.55239519175  -0.933578557985  -0.73329263343
0.3   0.6  -0.9  0.652179431956  0.0117085673029    0.336112000741  1.2  0.3  0.327775998518  0.0234171346058    2100.0  5.52595521464  -0.932296417724  -0.732652756328
0.3   0.6  -0.9  0.652291302135  0.0117354886802    0.335973209184  1.2  0.3  0.328053581631  0.0234709773604    2110.0  5.49976585344  -0.931804218297  -0.732509809463
0.3   0.6  -0.9  0.651937000071  0.0121147592755    0.335948240653  1.2  0.3  0.328103518694  0.0242295185509    2120.0  5.47382356168  -0.930868367093  -0.731861445091
0.3   0.6  -0.9  0.651843821418  0.0122827040334    0.335873474548  1.2  0.3  0.328253050903  0.0245654080667    2130.0  5.44812485951  -0.930283630321  -0.731556913826
0.3   0.6  -0.9  0.651939092406  0.0123128336577    0.335748073936  1.2  0.3  0.328503852128  0.0246256673154    2140.0  5.42266633213  -0.929784707742  -0.731377030491
0.3   0.6  -0.9  0.651855399005  0.0126191515051    0.335525449489  1.2  0.3  0.328949101021  0.0252383030103    2150.0  5.39744462826  -0.928539085895  -0.730849498024
0.3   0.6  -0.9  0.651771845094  0.0128349409906    0.335393213916  1.2  0.3  0.329213572168  0.0256698819811    2160.0  5.37245645868  -0.927687296352  -0.730444547549
0.3   0.6  -0.9  0.6515878591    0.0130869976164    0.335325143283  1.2  0.3  0.329349713434  0.0261739952328    2170.0  5.34769859482  -0.926967777611  -0.730039632302
0.3   0.6  -0.9  0.651474315053  0.0133721131356    0.335153571811  1.2  0.3  0.329692856378  0.0267442262712    2180.0  5.32316786732  -0.925901305091  -0.729556000626
0.3   0.6  -0.9  0.651240670976  0.0136365842826    0.335122744742  1.2  0.3  0.329754510516  0.0272731685652    2190.0  5.29886116473  -0.925238616959  -0.729125980148
0.3   0.6  -0.9  0.651241228932  0.0137379927867    0.335020778282  1.2  0.3  0.329958443437  0.0274759855735    2200.0  5.27477543216  -0.924696988063  -0.728889915859
0.3   0.6  -0.9  0.651121686857  0.0139787508035    0.334899562339  1.2  0.3  0.330200875321  0.0279575016069    2210.0  5.25090767002  -0.923762662962  -0.728390963831
0.3   0.6  -0.9  0.650991543619  0.0142757228878    0.334732733493  1.2  0.3  0.330534533013  0.0285514457756    2220.0  5.22725493277  -0.922676745372  -0.727883618721
0.3   0.6  -0.9  0.650952626187  0.0144248366305    0.334622537182  1.2  0.3  0.330754925636  0.028849673261     2230.0  5.20381432769  -0.922017698678  -0.727578511419
0.3   0.6  -0.9  0.650835036959  0.0146750798993    0.334489883142  1.2  0.3  0.331020233717  0.0293501597986    2240.0  5.18058301373  -0.921064746423  -0.727094074823
0.3   0.6  -0.9  0.650749390712  0.0148177771479    0.33443283214   1.2  0.3  0.33113433572   0.0296355542958    2250.0  5.15755820033  -0.920563162766  -0.726815031919
0.3   0.6  -0.9  0.650511422475  0.0151005213541    0.334388056171  1.2  0.3  0.331223887659  0.0302010427082    2260.0  5.13473714635  -0.91984365165   -0.726372629654
0.3   0.6  -0.9  0.650466367528  0.0154730964773    0.334060535995  1.2  0.3  0.33187892801   0.0309461929546    2270.0  5.11211715892  -0.918162514281  -0.725701085781
0.3   0.6  -0.9  0.650345151585  0.0156143988359    0.334040449579  1.2  0.3  0.331919100843  0.0312287976718    2280.0  5.08969559243  -0.917785165242  -0.725456725555
0.3   0.6  -0.9  0.650055153951  0.0158783120269    0.334066534022  1.2  0.3  0.331866931956  0.0317566240537    2290.0  5.06746984749  -0.917338375177  -0.725105680741
0.3   0.6  -0.9  0.650340548448  0.0159689798779    0.333690471674  1.2  0.3  0.332619056653  0.0319379597557    2300.0  5.04543736989  -0.916029990859  -0.72475424677
0.3   0.6  -0.9  0.650123224584  0.0161969049064    0.33367987051   1.2  0.3  0.332640258981  0.0323938098129    2310.0  5.02359564968  -0.91544071951   -0.724327173232
0.3   0.6  -0.9  0.649876887007  0.0165387924493    0.333584320543  1.2  0.3  0.332831358913  0.0330775848986    2320.0  5.00194222015  -0.914517601752  -0.723838507918
0.3   0.6  -0.9  0.649620366733  0.016775086818     0.333604546449  1.2  0.3  0.332790907103  0.0335501736359    2330.0  4.98047465697  -0.914079241281  -0.723493381896
0.3   0.6  -0.9  0.649832668994  0.0168363224896    0.333331008517  1.2  0.3  0.333337982967  0.0336726449793    2340.0  4.95919057724  -0.912981116866  -0.723088489921
0.3   0.6  -0.9  0.649539044645  0.0172314948311    0.333229460523  1.2  0.3  0.333541078953  0.0344629896622    2350.0  4.93808763862  -0.911958448273  -0.722546639916
0.3   0.6  -0.9  0.649642266507  0.0173709838327    0.332986749661  1.2  0.3  0.334026500678  0.0347419676653    2360.0  4.91716353845  -0.911012230555  -0.722266621669
0.3   0.6  -0.9  0.649435962273  0.0176160660084    0.332947971718  1.2  0.3  0.334104056563  0.0352321320169    2370.0  4.89641601298  -0.910310118112  -0.721804625593
0.3   0.6  -0.9  0.648991131847  0.0181914581399    0.332817410013  1.2  0.3  0.334365179974  0.0363829162798    2380.0  4.87584283645  -0.908867807183  -0.721020898036
0.3   0.6  -0.9  0.649106070785  0.0182271673243    0.332666761891  1.2  0.3  0.334666476218  0.0364543346486    2390.0  4.8554418204   -0.908202685254  -0.72073875711
0.3   0.6  -0.9  0.648718151871  0.0185484104949    0.332733437634  1.2  0.3  0.334533124732  0.0370968209899    2400.0  4.83521081281  -0.907727162939  -0.720295958915
