#mu0  mu1   mu2  x0              x1                 x2              mua   mub   xa                  xb                 T       b              u               phi
-0.2  -0.9  1.1  0.5             0.0                0.5             -1.3  -0.7  0.0                 0.0                30.0    386.816865025  -1.31774118     -2.21774118
-0.2  -0.9  1.1  0.5             0.0                0.5             -1.3  -0.7  0.0                 0.0                40.0    290.112648769  -1.31774118     -2.21774118
-0.2  -0.9  1.1  0.5             0.0                0.5             -1.3  -0.7  0.0                 0.0                50.0    232.090119015  -1.31774118     -2.21774118
-0.2  -0.9  1.1  0.5             0.0                0.5             -1.3  -0.7  0.0                 0.0                60.0    193.408432513  -1.31774118     -2.21774118
-0.2  -0.9  1.1  0.5             0.0                0.5             -1.3  -0.7  0.0                 0.0                70.0    165.778656439  -1.31774118     -2.21774118
-0.2  -0.9  1.1  0.5             0.0                0.5             -1.3  -0.7  0.0                 0.0                80.0    145.056324384  -1.31774118     -2.21774118
-0.2  -0.9  1.1  0.5             0.0                0.5             -1.3  -0.7  0.0                 0.0                90.0    128.938955008  -1.31774118     -2.21774118
-0.2  -0.9  1.1  0.5             0.0                0.5             -1.3  -0.7  0.0                 0.0                100.0   116.045059507  -1.31774118     -2.21774118
-0.2  -0.9  1.1  0.5             0.0                0.5             -1.3  -0.7  0.0                 0.0                110.0   105.495508643  -1.31774118     -2.21774118
-0.2  -0.9  1.1  0.5             0.0                0.5             -1.3  -0.7  0.0                 0.0                120.0   96.7042162563  -1.31774118     -2.21774118
-0.2  -0.9  1.1  0.5             0.0                0.5             -1.3  -0.7  0.0                 0.0                130.0   89.2654303904  -1.31774118     -2.21774118
-0.2  -0.9  1.1  0.5             0.0                0.5             -1.3  -0.7  0.0                 0.0                140.0   82.8893282196  -1.31774118     -2.21774118
-0.2  -0.9  1.1  0.5             0.0                0.5             -1.3  -0.7  0.0                 0.0                150.0   77.363373005   -1.31774118     -2.21774118
-0.2  -0.9  1.1  0.5             0.0                0.5             -1.3  -0.7  0.0                 0.0                160.0   72.5281621922  -1.31774118     -2.21774118
-0.2  -0.9  1.1  0.5             0.0                0.5             -1.3  -0.7  0.0                 0.0                170.0   68.2617997103  -1.31774118     -2.21774118
-0.2  -0.9  1.1  0.5             0.0                0.5             -1.3  -0.7  0.0                 0.0                180.0   64.4694775042  -1.31774118     -2.21774118
-0.2  -0.9  1.1  0.5             0.0                0.5             -1.3  -0.7  0.0                 0.0                190.0   61.0763471092  -1.31774118     -2.21774118
-0.2  -0.9  1.1  0.5             0.0                0.5             -1.3  -0.7  0.0                 0.0                200.0   58.0225297537  -1.31774118     -2.21774118
-0.2  -0.9  1.1  0.5             0.0                0.5             -1.3  -0.7  0.0                 0.0                210.0   55.2595521464  -1.31774118     -2.21774118
-0.2  -0.9  1.1  0.5             0.0                0.5             -1.3  -0.7  0.0                 0.0                220.0   52.7477543216  -1.31774118     -2.21774118
-0.2  -0.9  1.1  0.5             0.0                0.5             -1.3  -0.7  0.0                 0.0                230.0   50.4543736989  -1.31774118     -2.21774118
-0.2  -0.9  1.1  0.5             0.0                0.5             -1.3  -0.7  0.0                 0.0                240.0   48.3521081281  -1.31774118     -2.21774118
-0.2  -0.9  1.1  0.5             0.0                0.5             -1.3  -0.7  0.0                 0.0                250.0   46.418023803   -1.31774118     -2.21774118
-0.2  -0.9  1.1  0.5             0.0                0.5             -1.3  -0.7  0.0                 0.0                260.0   44.6327151952  -1.31774118     -2.21774118
-0.2  -0.9  1.1  0.5             0.0                0.5             -1.3  -0.7  0.0                 0.0                270.0   42.9796516694  -1.31774118     -2.21774118
-0.2  -0.9  1.1  0.5             0.0                0.5             -1.3  -0.7  0.0                 0.0                280.0   41.4446641098  -1.31774118     -2.21774118
-0.2  -0.9  1.1  0.5             0.0                0.5             -1.3  -0.7  0.0                 0.0                290.0   40.0155377612  -1.31774118     -2.21774118
-0.2  -0.9  1.1  0.5             0.0                0.5             -1.3  -0.7  0.0                 0.0                300.0   38.6816865025  -1.31774118     -2.21774118
-0.2  -0.9  1.1  0.5             0.0                0.5             -1.3  -0.7  0.0                 0.0                310.0   37.4338901637  -1.31774118     -2.21774118
-0.2  -0.9  1.1  0.5             0.0                0.5             -1.3  -0.7  0.0                 0.0                320.0   36.2640810961  -1.31774118     -2.21774118
-0.2  -0.9  1.1  0.5             0.0                0.5             -1.3  -0.7  0.0                 0.0                330.0   35.1651695477  -1.31774118     -2.21774118
-0.2  -0.9  1.1  0.5             0.0                0.5             -1.3  -0.7  0.0                 0.0                340.0   34.1308998551  -1.31774118     -2.21774118
-0.2  -0.9  1.1  0.5             0.0                0.5             -1.3  -0.7  0.0                 0.0                350.0   33.1557312879  -1.31774118     -2.21774118
-0.2  -0.9  1.1  0.5             0.0                0.5             -1.3  -0.7  0.0                 0.0                360.0   32.2347387521  -1.31774118     -2.21774118
-0.2  -0.9  1.1  0.5             0.0                0.5             -1.3  -0.7  0.0                 0.0                370.0   31.3635295966  -1.31774118     -2.21774118
-0.2  -0.9  1.1  0.5             0.0                0.5             -1.3  -0.7  0.0                 0.0                380.0   30.5381735546  -1.31774118     -2.21774118
-0.2  -0.9  1.1  0.5             0.0                0.5             -1.3  -0.7  0.0                 0.0                390.0   29.7551434635  -1.31774118     -2.21774118
-0.2  -0.9  1.1  0.5             0.0                0.5             -1.3  -0.7  0.0                 0.0                400.0   29.0112648769  -1.31774118     -2.21774118
-0.2  -0.9  1.1  0.5             0.0                0.5             -1.3  -0.7  0.0                 0.0                410.0   28.3036730506  -1.31774118     -2.21774118
-0.2  -0.9  1.1  0.5             0.0                0.5             -1.3  -0.7  0.0                 0.0                420.0   27.6297760732  -1.31774118     -2.21774118
-0.2  -0.9  1.1  0.5             0.0                0.5             -1.3  -0.7  0.0                 0.0                430.0   26.9872231413  -1.31774118     -2.21774118
-0.2  -0.9  1.1  0.5             0.0                0.5             -1.3  -0.7  0.0                 0.0                440.0   26.3738771608  -1.31774118     -2.21774118
-0.2  -0.9  1.1  0.5             0.0                0.5             -1.3  -0.7  0.0                 0.0                450.0   25.7877910017  -1.31774118     -2.21774118
-0.2  -0.9  1.1  0.5             0.0                0.5             -1.3  -0.7  0.0                 0.0                460.0   25.2271868495  -1.31774118     -2.21774118
-0.2  -0.9  1.1  0.5             0.0                0.5             -1.3  -0.7  0.0                 0.0                470.0   24.6904381931  -1.31774118     -2.21774118
-0.2  -0.9  1.1  0.5             0.0                0.5             -1.3  -0.7  0.0                 0.0                480.0   24.1760540641  -1.31774118     -2.21774118
-0.2  -0.9  1.1  0.5             0.0                0.5             -1.3  -0.7  0.0                 0.0                490.0   23.6826652056  -1.31774118     -2.21774118
-0.2  -0.9  1.1  0.5             0.0                0.5             -1.3  -0.7  0.0                 0.0                500.0   23.2090119015  -1.31774118     -2.21774118
-0.2  -0.9  1.1  0.5             0.0                0.5             -1.3  -0.7  0.0                 0.0                510.0   22.7539332368  -1.31774118     -2.21774118
-0.2  -0.9  1.1  0.5             0.0                0.5             -1.3  -0.7  0.0                 0.0                520.0   22.3163575976  -1.31774118     -2.21774118
-0.2  -0.9  1.1  0.5             0.0                0.5             -1.3  -0.7  0.0                 0.0                530.0   21.8952942467  -1.31774118     -2.21774118
-0.2  -0.9  1.1  0.5             0.0                0.5             -1.3  -0.7  0.0                 0.0                540.0   21.4898258347  -1.31774118     -2.21774118
-0.2  -0.9  1.1  0.5             0.0                0.5             -1.3  -0.7  0.0                 0.0                550.0   21.0991017286  -1.31774118     -2.21774118
-0.2  -0.9  1.1  0.5             0.0                0.5             -1.3  -0.7  0.0                 0.0                560.0   20.7223320549  -1.31774118     -2.21774118
-0.2  -0.9  1.1  0.5             0.0                0.5             -1.3  -0.7  0.0                 0.0                570.0   20.3587823697  -1.31774118     -2.21774118
-0.2  -0.9  1.1  0.5             0.0                0.5             -1.3  -0.7  0.0                 0.0                580.0   20.0077688806  -1.31774118     -2.21774118
-0.2  -0.9  1.1  0.5             0.0                0.5             -1.3  -0.7  0.0                 0.0                590.0   19.6686541538  -1.31774118     -2.21774118
-0.2  -0.9  1.1  0.5             0.0                0.5             -1.3  -0.7  0.0                 0.0                600.0   19.3408432512  -1.31774118     -2.21774118
-0.2  -0.9  1.1  0.5             0.0                0.5             -1.3  -0.7  0.0                 0.0                610.0   19.0237802471  -1.31774118     -2.21774118
-0.2  -0.9  1.1  0.5             0.0                0.5             -1.3  -0.7  0.0                 0.0                620.0   18.7169450819  -1.31774118     -2.21774118
-0.2  -0.9  1.1  0.5             0.0                0.5             -1.3  -0.7  0.0                 0.0                630.0   18.4198507155  -1.31774118     -2.21774118
-0.2  -0.9  1.1  0.5             0.0                0.5             -1.3  -0.7  0.0                 0.0                640.0   18.132040548   -1.31774118     -2.21774118
-0.2  -0.9  1.1  0.5             0.0                0.5             -1.3  -0.7  0.0                 0.0                650.0   17.8530860781  -1.31774118     -2.21774118
-0.2  -0.9  1.1  0.5             0.0                0.5             -1.3  -0.7  0.0                 0.0                660.0   17.5825847739  -1.31774118     -2.21774118
-0.2  -0.9  1.1  0.5             0.0                0.5             -1.3  -0.7  0.0                 0.0                670.0   17.3201581354  -1.31774118     -2.21774118
-0.2  -0.9  1.1  0.5             0.0                0.5             -1.3  -0.7  0.0                 0.0                680.0   17.0654499276  -1.31774118     -2.21774118
-0.2  -0.9  1.1  0.5             0.0                0.5             -1.3  -0.7  0.0                 0.0                690.0   16.8181245663  -1.31774118     -2.21774118
-0.2  -0.9  1.1  0.5             0.0                0.5             -1.3  -0.7  0.0                 0.0                700.0   16.5778656439  -1.31774118     -2.21774118
-0.2  -0.9  1.1  0.5             0.0                0.5             -1.3  -0.7  0.0                 0.0                710.0   16.3443745785  -1.31774118     -2.21774118
-0.2  -0.9  1.1  0.5             0.0                0.5             -1.3  -0.7  0.0                 0.0                720.0   16.117369376   -1.31774118     -2.21774118
-0.2  -0.9  1.1  0.5             0.0                0.5             -1.3  -0.7  0.0                 0.0                730.0   15.8965834942  -1.31774118     -2.21774118
-0.2  -0.9  1.1  0.5             0.0                0.5             -1.3  -0.7  0.0                 0.0                740.0   15.6817647983  -1.31774118     -2.21774118
-0.2  -0.9  1.1  0.5             0.0                0.5             -1.3  -0.7  0.0                 0.0                750.0   15.472674601   -1.31774118     -2.21774118
-0.2  -0.9  1.1  0.5             0.0                0.5             -1.3  -0.7  0.0                 0.0                760.0   15.2690867773  -1.31774118     -2.21774118
-0.2  -0.9  1.1  0.5             0.0                0.5             -1.3  -0.7  0.0                 0.0                770.0   15.070786949   -1.31774118     -2.21774118
-0.2  -0.9  1.1  0.5             0.0                0.5             -1.3  -0.7  0.0                 0.0                780.0   14.8775717317  -1.31774118     -2.21774118
-0.2  -0.9  1.1  0.5             0.0                0.5             -1.3  -0.7  0.0                 0.0                790.0   14.6892480389  -1.31774118     -2.21774118
-0.2  -0.9  1.1  0.5             0.0                0.5             -1.3  -0.7  0.0                 0.0                800.0   14.5056324384  -1.31774118     -2.21774118
-0.2  -0.9  1.1  0.5             0.0                0.5             -1.3  -0.7  0.0                 0.0                810.0   14.3265505565  -1.31774118     -2.21774118
-0.2  -0.9  1.1  0.5             0.0                0.5             -1.3  -0.7  0.0                 0.0                820.0   14.1518365253  -1.31774118     -2.21774118
-0.2  -0.9  1.1  0.5             0.0                0.5             -1.3  -0.7  0.0                 0.0                830.0   13.9813324708  -1.31774118     -2.21774118
-0.2  -0.9  1.1  0.5             0.0                0.5             -1.3  -0.7  0.0                 0.0                840.0   13.8148880366  -1.31774118     -2.21774118
-0.2  -0.9  1.1  0.5             0.0                0.5             -1.3  -0.7  0.0                 0.0                850.0   13.6523599421  -1.31774118     -2.21774118
-0.2  -0.9  1.1  0.5             0.0                0.5             -1.3  -0.7  0.0                 0.0                860.0   13.4936115706  -1.31774118     -2.21774118
-0.2  -0.9  1.1  0.5             0.0                0.5             -1.3  -0.7  0.0                 0.0                870.0   13.3385125871  -1.31774118     -2.21774118
-0.2  -0.9  1.1  0.5             0.0                0.5             -1.3  -0.7  0.0                 0.0                880.0   13.1869385804  -1.31774118     -2.21774118
-0.2  -0.9  1.1  0.5             0.0                0.5             -1.3  -0.7  0.0                 0.0                890.0   13.0387707312  -1.31774118     -2.21774118
-0.2  -0.9  1.1  0.5             0.0                0.5             -1.3  -0.7  0.0                 0.0                900.0   12.8938955008  -1.31774118     -2.21774118
-0.2  -0.9  1.1  0.5             0.0                0.5             -1.3  -0.7  0.0                 0.0                910.0   12.7522043415  -1.31774118     -2.21774118
-0.2  -0.9  1.1  0.5             0.0                0.5             -1.3  -0.7  0.0                 0.0                920.0   12.6135934247  -1.31774118     -2.21774118
-0.2  -0.9  1.1  0.5             0.0                0.5             -1.3  -0.7  0.0                 0.0                930.0   12.4779633879  -1.31774118     -2.21774118
-0.2  -0.9  1.1  0.5             0.0                0.5             -1.3  -0.7  0.0                 0.0                940.0   12.3452190965  -1.31774118     -2.21774118
-0.2  -0.9  1.1  0.5             0.0                0.5             -1.3  -0.7  0.0                 0.0                950.0   12.2152694218  -1.31774118     -2.21774118
-0.2  -0.9  1.1  0.5             0.0                0.5             -1.3  -0.7  0.0                 0.0                960.0   12.088027032   -1.31774118     -2.21774118
-0.2  -0.9  1.1  0.5             0.0                0.5             -1.3  -0.7  0.0                 0.0                970.0   11.9634081967  -1.31774118     -2.21774118
-0.2  -0.9  1.1  0.5             0.0                0.5             -1.3  -0.7  0.0                 0.0                980.0   11.8413326028  -1.31774118     -2.21774118
-0.2  -0.9  1.1  0.5             0.0                0.5             -1.3  -0.7  0.0                 0.0                990.0   11.7217231826  -1.31774118     -2.21774118
-0.2  -0.9  1.1  0.5             0.0                0.5             -1.3  -0.7  0.0                 0.0                1000.0  11.6045059507  -1.31774118     -2.21774118
-0.2  -0.9  1.1  0.5             0.0                0.5             -1.3  -0.7  0.0                 0.0                1010.0  11.4896098522  -1.31774118     -2.21774118
-0.2  -0.9  1.1  0.5             0.0                0.5             -1.3  -0.7  0.0                 0.0                1020.0  11.3769666184  -1.31774118     -2.21774118
-0.2  -0.9  1.1  0.5             0.0                0.5             -1.3  -0.7  0.0                 0.0                1030.0  11.2665106318  -1.31774118     -2.21774118
-0.2  -0.9  1.1  0.5             0.0                0.5             -1.3  -0.7  0.0                 0.0                1040.0  11.1581787988  -1.31774118     -2.21774118
-0.2  -0.9  1.1  0.5             0.0                0.5             -1.3  -0.7  0.0                 0.0                1050.0  11.0519104293  -1.31774118     -2.21774118
-0.2  -0.9  1.1  0.5             0.0                0.5             -1.3  -0.7  0.0                 0.0                1060.0  10.9476471233  -1.31774118     -2.21774118
-0.2  -0.9  1.1  0.5             0.0                0.5             -1.3  -0.7  0.0                 0.0                1070.0  10.8453326643  -1.31774118     -2.21774118
-0.2  -0.9  1.1  0.5             0.0                0.5             -1.3  -0.7  0.0                 0.0                1080.0  10.7449129174  -1.31774118     -2.21774118
-0.2  -0.9  1.1  0.5             0.0                0.5             -1.3  -0.7  0.0                 0.0                1090.0  10.6463357346  -1.31774118     -2.21774118
-0.2  -0.9  1.1  0.5             0.0                0.5             -1.3  -0.7  0.0                 0.0                1100.0  10.5495508643  -1.31774118     -2.21774118
-0.2  -0.9  1.1  0.5             0.0                0.5             -1.3  -0.7  0.0                 0.0                1110.0  10.4545098655  -1.31774118     -2.21774118
-0.2  -0.9  1.1  0.5             0.0                0.5             -1.3  -0.7  0.0                 0.0                1120.0  10.3611660275  -1.31774118     -2.21774118
-0.2  -0.9  1.1  0.5             0.0                0.5             -1.3  -0.7  0.0                 0.0                1130.0  10.2694742927  -1.31774118     -2.21774118
-0.2  -0.9  1.1  0.5             0.0                0.5             -1.3  -0.7  0.0                 0.0                1140.0  10.1793911849  -1.31774118     -2.21774118
-0.2  -0.9  1.1  0.5             0.0                0.5             -1.3  -0.7  0.0                 0.0                1150.0  10.0908747398  -1.31774118     -2.21774118
-0.2  -0.9  1.1  0.5             0.0                0.5             -1.3  -0.7  0.0                 0.0                1160.0  10.0038844403  -1.31774118     -2.21774118
-0.2  -0.9  1.1  0.5             0.0                0.5             -1.3  -0.7  0.0                 0.0                1170.0  9.91838115449  -1.31774118     -2.21774118
-0.2  -0.9  1.1  0.5             0.0                0.5             -1.3  -0.7  0.0                 0.0                1180.0  9.83432707691  -1.31774118     -2.21774118
-0.2  -0.9  1.1  0.5             0.0                0.5             -1.3  -0.7  0.0                 0.0                1190.0  9.7516856729   -1.31774118     -2.21774118
-0.2  -0.9  1.1  0.5             0.0                0.5             -1.3  -0.7  0.0                 0.0                1200.0  9.67042162562  -1.31774118     -2.21774118
-0.2  -0.9  1.1  0.5             0.0                0.5             -1.3  -0.7  0.0                 0.0                1210.0  9.59050078574  -1.31774118     -2.21774118
-0.2  -0.9  1.1  0.5             0.0                0.5             -1.3  -0.7  0.0                 0.0                1220.0  9.51189012357  -1.31774118     -2.21774118
-0.2  -0.9  1.1  0.5             0.0                0.5             -1.3  -0.7  0.0                 0.0                1230.0  9.43455768354  -1.31774118     -2.21774118
-0.2  -0.9  1.1  0.5             0.0                0.5             -1.3  -0.7  0.0                 0.0                1240.0  9.35847254093  -1.31774118     -2.21774118
-0.2  -0.9  1.1  0.5             0.0                0.5             -1.3  -0.7  0.0                 0.0                1250.0  9.2836047606   -1.31774118     -2.21774118
-0.2  -0.9  1.1  0.5             0.0                0.5             -1.3  -0.7  0.0                 0.0                1260.0  9.20992535774  -1.31774118     -2.21774118
-0.2  -0.9  1.1  0.499999581533  4.18467004883e-07  0.5             -1.3  -0.7  5.70836678978e-17   8.36934009766e-07  1270.0  9.13740626043  -1.3177402935   -2.21773970765
-0.2  -0.9  1.1  0.5             0.0                0.5             -1.3  -0.7  0.0                 0.0                1280.0  9.06602027402  -1.31774118     -2.21774118
-0.2  -0.9  1.1  0.5             0.0                0.5             -1.3  -0.7  0.0                 0.0                1290.0  8.99574104709  -1.31774118     -2.21774118
-0.2  -0.9  1.1  0.499999860511  1.39489001953e-07  0.5             -1.3  -0.7  4.84892480985e-17   2.78978003906e-07  1300.0  8.92654303904  -1.3177408845   -2.21774068922
-0.2  -0.9  1.1  0.499999442044  5.57956005859e-07  0.5             -1.3  -0.7  1.71888395986e-17   1.11591201172e-06  1310.0  8.85840148912  -1.317739998    -2.21773921686
-0.2  -0.9  1.1  0.499999860511  1.39489001953e-07  0.5             -1.3  -0.7  4.84892480985e-17   2.78978003906e-07  1320.0  8.79129238693  -1.3177408845   -2.21774068922
-0.2  -0.9  1.1  0.5             0.0                0.5             -1.3  -0.7  0.0                 0.0                1330.0  8.72519244417  -1.31774118     -2.21774118
-0.2  -0.9  1.1  0.5             0.0                0.5             -1.3  -0.7  0.0                 0.0                1340.0  8.66007906772  -1.31774118     -2.21774118
-0.2  -0.9  1.1  0.499999581533  4.18467004883e-07  0.5             -1.3  -0.7  5.70836678978e-17   8.36934009766e-07  1350.0  8.59593033389  -1.3177402935   -2.21773970765
-0.2  -0.9  1.1  0.499999860511  1.39489001953e-07  0.5             -1.3  -0.7  4.84892480985e-17   2.78978003906e-07  1360.0  8.53272496379  -1.3177408845   -2.21774068922
-0.2  -0.9  1.1  0.499999581533  4.18467004883e-07  0.5             -1.3  -0.7  5.70836678978e-17   8.36934009766e-07  1370.0  8.47044229982  -1.3177402935   -2.21773970765
-0.2  -0.9  1.1  0.5             0.0                0.5             -1.3  -0.7  0.0                 0.0                1380.0  8.40906228315  -1.31774118     -2.21774118
-0.2  -0.9  1.1  0.499999860511  1.39489001953e-07  0.5             -1.3  -0.7  4.84892480985e-17   2.78978003906e-07  1390.0  8.34856543219  -1.3177408845   -2.21774068922
-0.2  -0.9  1.1  0.499999860511  1.39489001953e-07  0.5             -1.3  -0.7  4.84892480985e-17   2.78978003906e-07  1400.0  8.28893282196  -1.3177408845   -2.21774068922
-0.2  -0.9  1.1  0.499999163066  8.36934009766e-07  0.5             -1.3  -0.7  3.14503333316e-18   1.67386801953e-06  1410.0  8.23014606436  -1.317739407    -2.21773823529
-0.2  -0.9  1.1  0.499999860511  1.39489001953e-07  0.5             -1.3  -0.7  4.84892480985e-17   2.78978003906e-07  1420.0  8.17218728926  -1.3177408845   -2.21774068922
-0.2  -0.9  1.1  0.499999442044  5.57956005859e-07  0.5             -1.3  -0.7  1.71888395986e-17   1.11591201172e-06  1430.0  8.1150391264   -1.317739998    -2.21773921686
-0.2  -0.9  1.1  0.5             0.0                0.5             -1.3  -0.7  0.0                 0.0                1440.0  8.05868468802  -1.31774118     -2.21774118
-0.2  -0.9  1.1  0.499999442044  5.57956005859e-07  0.5             -1.3  -0.7  1.71888395986e-17   1.11591201172e-06  1450.0  8.00310755224  -1.317739998    -2.21773921686
-0.2  -0.9  1.1  0.499999442044  5.57956005859e-07  0.5             -1.3  -0.7  1.71888395986e-17   1.11591201172e-06  1460.0  7.94829174709  -1.317739998    -2.21773921686
-0.2  -0.9  1.1  0.5             0.0                0.5             -1.3  -0.7  0.0                 0.0                1470.0  7.8942217352   -1.31774118     -2.21774118
-0.2  -0.9  1.1  0.499999442044  5.57956005859e-07  0.5             -1.3  -0.7  1.71888395986e-17   1.11591201172e-06  1480.0  7.84088239916  -1.317739998    -2.21773921686
-0.2  -0.9  1.1  0.499999163066  8.36934009766e-07  0.5             -1.3  -0.7  3.14503333316e-18   1.67386801953e-06  1490.0  7.78825902735  -1.317739407    -2.21773823529
-0.2  -0.9  1.1  0.499999442044  5.57956005859e-07  0.5             -1.3  -0.7  1.71888395986e-17   1.11591201172e-06  1500.0  7.7363373005   -1.317739998    -2.21773921686
-0.2  -0.9  1.1  0.499999442044  5.57956005859e-07  0.5             -1.3  -0.7  1.71888395986e-17   1.11591201172e-06  1510.0  7.68510327864  -1.317739998    -2.21773921686
-0.2  -0.9  1.1  0.499999442044  5.57956005859e-07  0.5             -1.3  -0.7  1.71888395986e-17   1.11591201172e-06  1520.0  7.63454338865  -1.317739998    -2.21773921686
-0.2  -0.9  1.1  0.499998744599  1.25540101367e-06  0.5             -1.3  -0.7  8.28669272958e-17   2.51080202734e-06  1530.0  7.58464441225  -1.3177385205   -2.21773676294
-0.2  -0.9  1.1  0.499999581533  4.18467004883e-07  0.5             -1.3  -0.7  5.70836678978e-17   8.36934009766e-07  1540.0  7.53539347451  -1.3177402935   -2.21773970765
-0.2  -0.9  1.1  0.499999581533  4.18467004883e-07  0.5             -1.3  -0.7  5.70836678978e-17   8.36934009766e-07  1550.0  7.48677803274  -1.3177402935   -2.21773970765
-0.2  -0.9  1.1  0.499998744599  1.25540101367e-06  0.5             -1.3  -0.7  8.28669272958e-17   2.51080202734e-06  1560.0  7.43878586587  -1.3177385205   -2.21773676294
-0.2  -0.9  1.1  0.499998744599  1.25540101367e-06  0.5             -1.3  -0.7  8.28669272958e-17   2.51080202734e-06  1570.0  7.39140506417  -1.3177385205   -2.21773676294
-0.2  -0.9  1.1  0.499998744599  1.25540101367e-06  0.5             -1.3  -0.7  8.28669272958e-17   2.51080202734e-06  1580.0  7.34462401946  -1.3177385205   -2.21773676294
-0.2  -0.9  1.1  0.499998744599  1.25540101367e-06  0.5             -1.3  -0.7  8.28669272958e-17   2.51080202734e-06  1590.0  7.29843141557  -1.3177385205   -2.21773676294
-0.2  -0.9  1.1  0.499999442044  5.57956005859e-07  0.5             -1.3  -0.7  1.71888395986e-17   1.11591201172e-06  1600.0  7.25281621922  -1.317739998    -2.21773921686
-0.2  -0.9  1.1  0.499999860511  1.39489001953e-07  0.5             -1.3  -0.7  4.84892480985e-17   2.78978003906e-07  1610.0  7.20776767127  -1.3177408845   -2.21774068922
-0.2  -0.9  1.1  0.499999302555  6.97445007813e-07  0.5             -1.3  -0.7  6.56780876972e-17   1.39489001563e-06  1620.0  7.16327527824  -1.3177397025   -2.21773872608
-0.2  -0.9  1.1  0.499997907665  2.09233502344e-06  0.5             -1.3  -0.7  -2.50103418336e-17  4.18467004688e-06  1630.0  7.11932880414  -1.3177367475   -2.21773381823
-0.2  -0.9  1.1  0.499998047154  1.95284602246e-06  0.5             -1.3  -0.7  1.48844864656e-17   3.90569204492e-06  1640.0  7.07591826265  -1.317737043    -2.21773430901
-0.2  -0.9  1.1  0.499998326132  1.67386801855e-06  0.5             -1.3  -0.7  -8.20940097314e-17  3.34773603711e-06  1650.0  7.03303390954  -1.317737634    -2.21773529058
-0.2  -0.9  1.1  0.499998047154  1.95284602246e-06  0.5             -1.3  -0.7  1.48844864656e-17   3.90569204492e-06  1660.0  6.99066623539  -1.317737043    -2.21773430901
-0.2  -0.9  1.1  0.499997628687  2.51080202832e-06  0.499999860511  -1.3  -0.7  2.78978003841e-07   5.02160405664e-06  1670.0  6.94880595853  -1.31773558058  -2.21773170278
-0.2  -0.9  1.1  0.499997070731  2.9292690332e-06   0.5             -1.3  -0.7  -2.18653085004e-17  5.85853806641e-06  1680.0  6.9074440183   -1.31773497449  -2.21773087352
-0.2  -0.9  1.1  0.499998884088  1.39489001563e-06  0.499999721022  -1.3  -0.7  5.57956005863e-07   2.78978003125e-06  1690.0  6.86657156849  -1.31773766416  -2.21773498598
-0.2  -0.9  1.1  0.499997349709  2.65029103027e-06  0.5             -1.3  -0.7  8.05625741628e-17   5.30058206055e-06  1700.0  6.82617997103  -1.31773556549  -2.21773185509
-0.2  -0.9  1.1  0.499997349709  2.65029103027e-06  0.5             -1.3  -0.7  8.05625741628e-17   5.30058206055e-06  1710.0  6.78626078991  -1.31773556549  -2.21773185509
-0.2  -0.9  1.1  0.499996094308  3.90569204395e-06  0.5             -1.3  -0.7  -5.86155269829e-17  7.81138408789e-06  1720.0  6.74680578532  -1.31773290599  -2.21772743802
-0.2  -0.9  1.1  0.499993304528  6.6954720752e-06   0.5             -1.3  -0.7  -1.79477811194e-17  1.33909441504e-05  1730.0  6.70780690795  -1.31772699599  -2.21771762233
-0.2  -0.9  1.1  0.49999442044   6.41649407227e-06  0.499999163066  -1.3  -0.7  1.67386801961e-06   1.28329881445e-05  1740.0  6.66925629353  -1.31772590449  -2.21771474537
-0.2  -0.9  1.1  0.499994838907  5.16109305859e-06  0.5             -1.3  -0.7  1.61359776452e-18   1.03221861172e-05  1750.0  6.63114625757  -1.31773024649  -2.21772302096
-0.2  -0.9  1.1  0.499995257374  4.74262605371e-06  0.5             -1.3  -0.7  5.55518088127e-17   9.48525210742e-06  1760.0  6.5934692902   -1.31773113299  -2.21772449331
-0.2  -0.9  1.1  0.499996652264  3.76620304199e-06  0.499999581533  -1.3  -0.7  8.36934008656e-07   7.53240608398e-06  1770.0  6.55621805127  -1.31773236024  -2.21772599954
-0.2  -0.9  1.1  0.499995257374  4.88211505469e-06  0.499999860511  -1.3  -0.7  2.78978002937e-07   9.76423010938e-06  1780.0  6.51938536559  -1.31773055707  -2.21772335944
-0.2  -0.9  1.1  0.499992607083  7.39291708301e-06  0.5             -1.3  -0.7  4.77303065778e-17   1.4785834166e-05   1790.0  6.4829642183   -1.31772551936  -2.21771516927
-0.2  -0.9  1.1  0.499993722995  6.27700507031e-06  0.5             -1.3  -0.7  -7.50310255007e-17  1.25540101406e-05  1800.0  6.44694775042  -1.31772788249  -2.21771909468
-0.2  -0.9  1.1  0.499993444017  6.6954720752e-06   0.499999860511  -1.3  -0.7  2.78978002903e-07   1.33909441504e-05  1810.0  6.41132925456  -1.31772671557  -2.21771697924
-0.2  -0.9  1.1  0.499993444017  6.97445007813e-06  0.499999581533  -1.3  -0.7  8.36934008754e-07   1.39489001563e-05  1820.0  6.37610217074  -1.31772556374  -2.21771471149
-0.2  -0.9  1.1  0.499991212193  8.92729610059e-06  0.499999860511  -1.3  -0.7  2.78978003815e-07   1.78545922012e-05  1830.0  6.34126008238  -1.31772198757  -2.21770912668
-0.2  -0.9  1.1  0.499991909638  8.22985109277e-06  0.499999860511  -1.3  -0.7  2.7897800386e-07    1.64597021855e-05  1840.0  6.30679671236  -1.31772346507  -2.2177115806
-0.2  -0.9  1.1  0.499992188616  7.81138408789e-06  0.5             -1.3  -0.7  -6.20875150337e-18  1.56227681758e-05  1850.0  6.27270591932  -1.31772463198  -2.21771369605
-0.2  -0.9  1.1  0.49999302555   7.39291708301e-06  0.499999581533  -1.3  -0.7  8.36934009699e-07   1.4785834166e-05   1860.0  6.23898169395  -1.31772467724  -2.21771323914
-0.2  -0.9  1.1  0.499991212193  8.92729610059e-06  0.499999860511  -1.3  -0.7  2.78978003815e-07   1.78545922012e-05  1870.0  6.20561815548  -1.31772198757  -2.21770912668
-0.2  -0.9  1.1  0.499991770149  8.22985109277e-06  0.5             -1.3  -0.7  -6.01461155186e-17  1.64597021855e-05  1880.0  6.17260954827  -1.31772374548  -2.21771222369
-0.2  -0.9  1.1  0.499990096281  1.03221861162e-05  0.499999581533  -1.3  -0.7  8.36934009788e-07   2.06443722324e-05  1890.0  6.13995023849  -1.31771847173  -2.21770293266
-0.2  -0.9  1.1  0.49999023577   1.01826971143e-05  0.499999581533  -1.3  -0.7  8.36934008741e-07   2.03653942285e-05  1900.0  6.10763471092  -1.31771876723  -2.21770342344
-0.2  -0.9  1.1  0.499987864457  1.21355431367e-05  0.5             -1.3  -0.7  -7.74018707201e-18  2.42710862734e-05  1910.0  6.07565756584  -1.31771547148  -2.21769848172
-0.2  -0.9  1.1  0.499989398836  1.17170761318e-05  0.499998884088  -1.3  -0.7  2.2318240253e-06    2.34341522637e-05  1920.0  6.04401351602  -1.31771411464  -2.21769480937
-0.2  -0.9  1.1  0.499985074677  1.56227681758e-05  0.499999302555  -1.3  -0.7  1.39489001548e-06   3.12455363516e-05  1930.0  6.01269738381  -1.31770668189  -2.21768299665
-0.2  -0.9  1.1  0.499986190589  1.4785834167e-05   0.499999023577  -1.3  -0.7  1.95284602241e-06   2.9571668334e-05   1940.0  5.98170409833  -1.31770789405  -2.21768465519
-0.2  -0.9  1.1  0.499985911611  1.43673671621e-05  0.499999721022  -1.3  -0.7  5.57956006857e-07   2.87347343242e-05  1950.0  5.95102869269  -1.31771018983  -2.21768935017
-0.2  -0.9  1.1  0.4999860511    1.43673671621e-05  0.499999581533  -1.3  -0.7  8.36934009778e-07   2.87347343242e-05  1960.0  5.9206663014   -1.31770990222  -2.21768869989
-0.2  -0.9  1.1  0.499986888034  1.38094111553e-05  0.499999302555  -1.3  -0.7  1.39489001551e-06   2.76188223105e-05  1970.0  5.89061215774  -1.31771053058  -2.21768938405
-0.2  -0.9  1.1  0.499988422413  1.21355431367e-05  0.499999442044  -1.3  -0.7  1.11591201168e-06   2.42710862734e-05  1980.0  5.86086159129  -1.31771434981  -2.21769590936
-0.2  -0.9  1.1  0.499983121831  1.77151031992e-05  0.499999163066  -1.3  -0.7  1.67386801849e-06   3.54302063984e-05  1990.0  5.8314100255   -1.31770196985  -2.21767499268
-0.2  -0.9  1.1  0.499988003946  1.36699221543e-05  0.499998326132  -1.3  -0.7  3.34773603822e-06   2.73398443086e-05  2000.0  5.80225297537  -1.31770885597  -2.21768536603
-0.2  -0.9  1.1  0.499978239716  2.24577292529e-05  0.499999302555  -1.3  -0.7  1.39489001551e-06   4.49154585059e-05  2010.0  5.77338604515  -1.31769220237  -2.2176589482
-0.2  -0.9  1.1  0.499980053073  2.05048832314e-05  0.499999442044  -1.3  -0.7  1.11591201266e-06   4.10097664629e-05  2020.0  5.74480492611  -1.31769661979  -2.21766646227
-0.2  -0.9  1.1  0.49997907665   2.13418172402e-05  0.499999581533  -1.3  -0.7  8.36934009769e-07   4.26836344805e-05  2030.0  5.71650539446  -1.31769513117  -2.21766416461
-0.2  -0.9  1.1  0.49997907665   2.17602842451e-05  0.499999163066  -1.3  -0.7  1.67386801959e-06   4.35205684902e-05  2040.0  5.68848330919  -1.31769340033  -2.2176607599
-0.2  -0.9  1.1  0.499980332051  2.03653942295e-05  0.499999302555  -1.3  -0.7  1.39489001554e-06   4.0730788459e-05   2050.0  5.66073461012  -1.31769663488  -2.21766630997
-0.2  -0.9  1.1  0.49997907665   2.14813062422e-05  0.499999442044  -1.3  -0.7  1.11591201274e-06   4.29626124844e-05  2060.0  5.6332553159   -1.3176945505   -2.21766302598
-0.2  -0.9  1.1  0.499975449936  2.5805465291e-05   0.499998744599  -1.3  -0.7  2.51080202823e-06   5.1610930582e-05   2070.0  5.6060415221   -1.3176839887   -2.21764459701
-0.2  -0.9  1.1  0.499976147381  2.51080202832e-05  0.499998744599  -1.3  -0.7  2.51080202816e-06   5.02160405664e-05  2080.0  5.5790893994   -1.3176854662   -2.21764705093
-0.2  -0.9  1.1  0.499971125777  3.04086023428e-05  0.499998465621  -1.3  -0.7  3.06875803519e-06   6.08172046855e-05  2090.0  5.55239519175  -1.3176736773   -2.21762711587
-0.2  -0.9  1.1  0.499975868403  2.46895532783e-05  0.499999442044  -1.3  -0.7  1.11591201261e-06   4.93791065566e-05  2100.0  5.52595521464  -1.31768775479  -2.21765173873
-0.2  -0.9  1.1  0.499966383151  3.66856074131e-05  0.499996931242  -1.3  -0.7  6.13751606836e-06   7.33712148262e-05  2110.0  5.49976585344  -1.31765729152  -2.2175979529
-0.2  -0.9  1.1  0.499970846799  3.01296243398e-05  0.499999023577  -1.3  -0.7  1.95284602239e-06   6.02592486797e-05  2120.0  5.47382356168  -1.31767538902  -2.21763066885
-0.2  -0.9  1.1  0.499971125777  3.11060473506e-05  0.499997768176  -1.3  -0.7  4.46364805075e-06   6.22120947012e-05  2130.0  5.44812485951  -1.31767079677  -2.21762144556
-0.2  -0.9  1.1  0.499966941107  3.40353163838e-05  0.499999023577  -1.3  -0.7  1.95284602233e-06   6.80706327676e-05  2140.0  5.42266633213  -1.31766711589  -2.21761692774
-0.2  -0.9  1.1  0.49996652264   3.64066294102e-05  0.499997070731  -1.3  -0.7  5.85853806643e-06   7.28132588203e-05  2150.0  5.39744462826  -1.31765816568  -2.2175995803
-0.2  -0.9  1.1  0.499958432278  4.31021014854e-05  0.499998465621  -1.3  -0.7  3.0687580352e-06    8.62042029707e-05  2160.0  5.37245645868  -1.31764678583  -2.21758245351
-0.2  -0.9  1.1  0.499964290816  3.82199864307e-05  0.499997489198  -1.3  -0.7  5.02160405663e-06   7.64399728613e-05  2170.0  5.34769859482  -1.3176551655   -2.21759512943
-0.2  -0.9  1.1  0.499962616948  3.94753874443e-05  0.499997907665  -1.3  -0.7  4.18467004684e-06   7.89507748887e-05  2180.0  5.32316786732  -1.31765334419  -2.21759263858
-0.2  -0.9  1.1  0.499956200454  4.56129035137e-05  0.499998186643  -1.3  -0.7  3.62671404107e-06   9.12258070273e-05  2190.0  5.29886116473  -1.31764091764  -2.21757234484
-0.2  -0.9  1.1  0.499957176877  4.51944365088e-05  0.499997628687  -1.3  -0.7  4.74262605281e-06   9.03888730176e-05  2200.0  5.27477543216  -1.31764067579  -2.21757123816
-0.2  -0.9  1.1  0.499953271184  4.91001285527e-05  0.499997628687  -1.3  -0.7  4.74262605275e-06   9.82002571055e-05  2210.0  5.25090767002  -1.31763240093  -2.21755749533
-0.2  -0.9  1.1  0.499951457827  5.11924635762e-05  0.499997349709  -1.3  -0.7  5.30058205946e-06   0.000102384927152  2220.0  5.22725493277  -1.31762740696  -2.21754884676
-0.2  -0.9  1.1  0.49995103936   5.11924635762e-05  0.499997768176  -1.3  -0.7  4.46364804981e-06   0.000102384927152  2230.0  5.20381432769  -1.31762825534  -2.21755078315
-0.2  -0.9  1.1  0.499949923448  5.39822436084e-05  0.499996094308  -1.3  -0.7  7.81138408788e-06   0.000107964487217  2240.0  5.18058301373  -1.31761898271  -2.21753325277
-0.2  -0.9  1.1  0.499952155272  5.1750419583e-05   0.499996094308  -1.3  -0.7  7.81138408796e-06   0.000103500839166  2250.0  5.15755820033  -1.31762371977  -2.21754111439
-0.2  -0.9  1.1  0.499939461773  6.47228967295e-05  0.49999581533   -1.3  -0.7  8.3693400948e-06    0.000129445793459  2260.0  5.13473714635  -1.31759566186  -2.21749416966
-0.2  -0.9  1.1  0.499947273157  5.67720236396e-05  0.499995954819  -1.3  -0.7  8.09036209173e-06   0.000113544047279  2270.0  5.11211715892  -1.31761280249  -2.21752280419
-0.2  -0.9  1.1  0.499940298707  6.52808527354e-05  0.49999442044   -1.3  -0.7  1.11591201249e-05   0.000130561705471  2280.0  5.08969559243  -1.31759167585  -2.2174857758
-0.2  -0.9  1.1  0.499932766301  7.08604127979e-05  0.499996373286  -1.3  -0.7  7.25342808111e-06   0.000141720825596  2290.0  5.06746984749  -1.31758378359  -2.21747514956
-0.2  -0.9  1.1  0.499937787905  6.59782977432e-05  0.499996233797  -1.3  -0.7  7.53240608401e-06   0.000131956595486  2300.0  5.04543736989  -1.31759383916  -2.21749167742
-0.2  -0.9  1.1  0.499929139587  7.4068659834e-05   0.499996791753  -1.3  -0.7  6.41649407222e-06   0.000148137319668  2310.0  5.02359564968  -1.31757781726  -2.21746577969
-0.2  -0.9  1.1  0.499918817401  8.4948801957e-05   0.499996233797  -1.3  -0.7  7.53240608503e-06   0.000169897603914  2320.0  5.00194222015  -1.31755365077  -2.21742493032
-0.2  -0.9  1.1  0.499930534477  7.46266158408e-05  0.499994838907  -1.3  -0.7  1.03221861172e-05   0.000149253231682  2330.0  4.98047465697  -1.31757271985  -2.21745482375
-0.2  -0.9  1.1  0.499922723093  8.32749339385e-05  0.499994001973  -1.3  -0.7  1.19960541357e-05   0.000166549867877  2340.0  4.95919057724  -1.31755270228  -2.2174205225
-0.2  -0.9  1.1  0.499920072802  8.75990929863e-05  0.499992328105  -1.3  -0.7  1.53437901729e-05   0.000175198185973  2350.0  4.93808763862  -1.31754019403  -2.21739760838
-0.2  -0.9  1.1  0.499916446088  8.8715004999e-05   0.499994838907  -1.3  -0.7  1.03221861161e-05   0.000177430009998  2360.0  4.91716353845  -1.31754286865  -2.2174052488
-0.2  -0.9  1.1  0.499912540396  9.6247411084e-05   0.499991212193  -1.3  -0.7  1.75756141973e-05   0.000192494822168  2370.0  4.89641601298  -1.31751965389  -2.21736205922
-0.2  -0.9  1.1  0.499900404853  0.000106430108199  0.499993165039  -1.3  -0.7  1.36699221542e-05   0.000212860216398  2380.0  4.87584283645  -1.31750200905  -2.217335236
-0.2  -0.9  1.1  0.499903194633  0.000104895729182  0.499991909638  -1.3  -0.7  1.61807241816e-05   0.000209791458363  2390.0  4.8554418204   -1.31750271678  -2.21733482782
-0.2  -0.9  1.1  0.499916446088  9.05283620195e-05  0.49999302555   -1.3  -0.7  1.39489001562e-05   0.000181056724039  2400.0  4.83521081281  -1.31753540087  -2.21739052759
