#mu0  mu1  mu2   x0              x1              x2               mua  mub  xa              xb              T       b              u                   phi
-0.0  1.3  -1.3  0.506400592326  0.39450614198   0.0990932656942  1.3  1.3  0.801813468612  0.789012283959  30.0    386.816865025  0.207116359434      -0.560957118908
-0.0  1.3  -1.3  0.502946147202  0.3916015625    0.105452290298   1.3  1.3  0.789095419404  0.783203125     40.0    290.112648769  0.178515551652      -0.565472556074
-0.0  1.3  -1.3  0.506965104315  0.391224802707  0.101810092978   1.3  1.3  0.796379814044  0.782449605414  50.0    232.090119015  0.186166588783      -0.566311656512
-0.0  1.3  -1.3  0.510153822891  0.38590845839   0.103937718719   1.3  1.3  0.792124562562  0.77181691678   60.0    193.408432513  0.16172917306       -0.571394750085
-0.0  1.3  -1.3  0.508183122277  0.381308111118  0.110508766605   1.3  1.3  0.77898246679   0.762616222236  70.0    165.778656439  0.130799335911      -0.573278959823
-0.0  1.3  -1.3  0.506375902773  0.378628666887  0.11499543034    1.3  1.3  0.770009139319  0.757257333774  80.0    145.056324384  0.110929045521      -0.5745173695
-0.0  1.3  -1.3  0.506452900702  0.378558922386  0.114988176912   1.3  1.3  0.770023646176  0.757117844772  90.0    128.938955008  0.110769778543      -0.574514159689
-0.0  1.3  -1.3  0.507280070481  0.377701065026  0.115018864493   1.3  1.3  0.769962271015  0.755402130053  100.0   116.045059507  0.108428040204      -0.574545681184
-0.0  1.3  -1.3  0.507500323614  0.37752447195   0.114975204435   1.3  1.3  0.77004959113   0.755048943901  110.0   105.495508643  0.108074093891      -0.574554001648
-0.0  1.3  -1.3  0.507684867564  0.377289293494  0.115025838943   1.3  1.3  0.769948322115  0.754578586988  120.0   96.7042162563  0.107332082278      -0.574552899555
-0.0  1.3  -1.3  0.507124540244  0.377881005838  0.114994453917   1.3  1.3  0.770011092165  0.755762011677  130.0   89.2654303904  0.108531257592      -0.574973777403
-0.0  1.3  -1.3  0.505431004276  0.379602579096  0.114966416628   1.3  1.3  0.770067166744  0.759205158192  140.0   82.8893282196  0.111781692608      -0.576272329809
-0.0  1.3  -1.3  0.505337128178  0.379526278612  0.11513659321    1.3  1.3  0.76972681358   0.759052557224  150.0   77.363373005   0.11113096588       -0.576282216166
-0.0  1.3  -1.3  0.504969993126  0.377789640542  0.117240366332   1.3  1.3  0.765519267337  0.755579281085  160.0   72.5281621922  0.10066756278       -0.576760550168
-0.0  1.3  -1.3  0.503046858261  0.367559517167  0.129393624571   1.3  1.3  0.741212750857  0.735119034334  170.0   68.2617997103  0.0328575787717     -0.586373741977
-0.0  1.3  -1.3  0.504829527701  0.361441948025  0.133728524273   1.3  1.3  0.732542951453  0.722883896051  180.0   64.4694775042  0.00207121903081    -0.589983682724
-0.0  1.3  -1.3  0.505531854824  0.360721347843  0.133746797333   1.3  1.3  0.732506405335  0.721442695686  190.0   61.0763471092  1.05396459043e-05   -0.590123291682
-0.0  1.3  -1.3  0.505985612546  0.360433024077  0.133581363377   1.3  1.3  0.732837273247  0.720866048154  200.0   58.0225297537  -0.000341407508121  -0.590155725329
-0.0  1.3  -1.3  0.506070979815  0.360387271684  0.1335417485     1.3  1.3  0.732916503     0.720774543369  210.0   55.2595521464  -0.000356485495094  -0.590154845774
-0.0  1.3  -1.3  0.506040292235  0.360447530933  0.133512176832   1.3  1.3  0.732975646336  0.720895061866  220.0   52.7477543216  -0.000120159070635  -0.590152079734
-0.0  1.3  -1.3  0.505809995893  0.360781188625  0.133408815482   1.3  1.3  0.733182369037  0.72156237725   230.0   50.4543736989  0.00105016833216    -0.59011800184
-0.0  1.3  -1.3  0.505741646283  0.360874925234  0.133383428483   1.3  1.3  0.733233143033  0.721749850468  240.0   48.3521081281  0.00137876803552    -0.590099123516
-0.0  1.3  -1.3  0.505761035254  0.360856931153  0.133382033593   1.3  1.3  0.733235932813  0.721713862305  250.0   46.418023803   0.00134182040292    -0.590092913251
-0.0  1.3  -1.3  0.50541510253   0.360990980083  0.133593917387   1.3  1.3  0.732812165226  0.721981960166  260.0   44.6327151952  0.00117476265442    -0.590057600356
-0.0  1.3  -1.3  0.505614711291  0.360946622581  0.133438666128   1.3  1.3  0.733122667744  0.721893245161  270.0   42.9796516694  0.00146348472595    -0.590057202051
-0.0  1.3  -1.3  0.505442442374  0.36176681791   0.132790739716   1.3  1.3  0.734418520568  0.72353363582   280.0   41.4446641098  0.00461494705056    -0.590722856254
-0.0  1.3  -1.3  0.508729500696  0.362811172065  0.128459327239   1.3  1.3  0.743081345522  0.725622344129  290.0   40.0155377612  0.0134504029422     -0.595864393605
-0.0  1.3  -1.3  0.511533648095  0.362831816437  0.125634535468   1.3  1.3  0.748730929064  0.725663632874  300.0   38.6816865025  0.0206313196943     -0.596081610825
-0.0  1.3  -1.3  0.51254578029   0.361810756945  0.125643462764   1.3  1.3  0.748713074472  0.723621513891  310.0   37.4338901637  0.0173624165944     -0.596672548277
-0.0  1.3  -1.3  0.512694057099  0.360707538432  0.126598404469   1.3  1.3  0.746803191062  0.721415076864  320.0   36.2640810961  0.0116633399188     -0.597020408385
-0.0  1.3  -1.3  0.512662114118  0.3606673656    0.126670520283   1.3  1.3  0.746658959434  0.721334731199  330.0   35.1651695477  0.011386151934      -0.59700564589
-0.0  1.3  -1.3  0.511815555367  0.360672108226  0.127512336407   1.3  1.3  0.744975327185  0.721344216451  340.0   34.1308998551  0.00919139523421    -0.597024011493
-0.0  1.3  -1.3  0.510442286147  0.360599434456  0.128958279398   1.3  1.3  0.742083441205  0.721198868912  350.0   33.1557312879  0.00512640671524    -0.597140596436
-0.0  1.3  -1.3  0.510415783236  0.360633609261  0.128950607503   1.3  1.3  0.742098784995  0.721267218522  360.0   32.2347387521  0.00525636516043    -0.597119439412
-0.0  1.3  -1.3  0.510489851896  0.360632911816  0.128877236288   1.3  1.3  0.742245527425  0.721265823632  370.0   31.3635295966  0.00548124380601    -0.597083512568
-0.0  1.3  -1.3  0.51044744724   0.360583951177  0.128968601584   1.3  1.3  0.742062796833  0.721167902353  380.0   30.5381735546  0.00511726450009    -0.597082644442
-0.0  1.3  -1.3  0.510442565125  0.360627611234  0.128929823641   1.3  1.3  0.742140352717  0.721255222468  390.0   29.7551434635  0.00535778383191    -0.59705646391
-0.0  1.3  -1.3  0.510500313571  0.360613941312  0.128885745117   1.3  1.3  0.742228509766  0.721227882624  400.0   29.0112648769  0.0054676045135     -0.597025705594
-0.0  1.3  -1.3  0.511223843022  0.364543206997  0.12423294998    1.3  1.3  0.751534100039  0.729086413994  410.0   28.3036730506  0.0267143863859     -0.598092281858
-0.0  1.3  -1.3  0.511238349879  0.3662654777    0.122496172422   1.3  1.3  0.755007655156  0.732530955399  420.0   27.6297760732  0.0351724448278     -0.598627748895
-0.0  1.3  -1.3  0.51137225932   0.366209124143  0.122418616537   1.3  1.3  0.755162766926  0.732418248286  430.0   26.9872231413  0.0352255583738     -0.598629761402
-0.0  1.3  -1.3  0.511425125652  0.366125430742  0.122449443606   1.3  1.3  0.755101112787  0.732250861484  440.0   26.3738771608  0.0349651657999     -0.598592400753
-0.0  1.3  -1.3  0.511484826944  0.366231442383  0.122283730672   1.3  1.3  0.755432538655  0.732462884766  450.0   25.7877910017  0.0356778803764     -0.598586170072
-0.0  1.3  -1.3  0.510317582979  0.366273986529  0.123408430492   1.3  1.3  0.753183139016  0.732547973057  460.0   25.2271868495  0.0329221829408     -0.598528262754
-0.0  1.3  -1.3  0.511211986457  0.366273010106  0.122515003437   1.3  1.3  0.754969993126  0.732546020211  470.0   24.6904381931  0.0352451982275     -0.598525619111
-0.0  1.3  -1.3  0.510691692481  0.366353076793  0.122955230726   1.3  1.3  0.754089538548  0.732706153585  480.0   24.1760540641  0.0343277161291     -0.598506683644
-0.0  1.3  -1.3  0.511479944829  0.36622628129   0.122293773881   1.3  1.3  0.755412452239  0.73245256258   490.0   23.6826652056  0.0357593756751     -0.59846514359
-0.0  1.3  -1.3  0.510888650952  0.366238416833  0.122872932215   1.3  1.3  0.75425413557   0.732476833667  500.0   23.2090119015  0.0343181475624     -0.598432112445
-0.0  1.3  -1.3  0.510832018417  0.366237858877  0.122930122706   1.3  1.3  0.754139754589  0.732475717755  510.0   22.7539332368  0.0342156610246     -0.598384453022
-0.0  1.3  -1.3  0.510548995233  0.366344986431  0.123106018337   1.3  1.3  0.753787963327  0.732689972861  520.0   22.3163575976  0.0340591552347     -0.598362161809
-0.0  1.3  -1.3  0.510553040414  0.366179412986  0.1232675466     1.3  1.3  0.753464906799  0.732358825971  530.0   21.8952942467  0.0332454284453     -0.598325424156
-0.0  1.3  -1.3  0.510076127517  0.366312346004  0.123611526478   1.3  1.3  0.752776947043  0.732624692008  540.0   21.4898258347  0.0327479719214     -0.598274158846
-0.0  1.3  -1.3  0.510331531879  0.366228094647  0.123440373473   1.3  1.3  0.753119253053  0.732456189294  550.0   21.0991017286  0.0330224947814     -0.59822558027
-0.0  1.3  -1.3  0.510640778996  0.366147470004  0.123211751      1.3  1.3  0.753576498     0.732294940009  560.0   20.7223320549  0.0334482341919     -0.59818463522
-0.0  1.3  -1.3  0.510443681037  0.3662248864    0.123331432563   1.3  1.3  0.753337134874  0.7324497728    570.0   20.3587823697  0.0333997264872     -0.598123253489
-0.0  1.3  -1.3  0.510187997697  0.366079120394  0.12373288191    1.3  1.3  0.752534236181  0.732158240787  580.0   20.0077688806  0.0320273988874     -0.59807282117
-0.0  1.3  -1.3  0.510685833943  0.366128917967  0.12318524809    1.3  1.3  0.753629503821  0.732257835934  590.0   19.6686541538  0.0335877669264     -0.598065774755
-0.0  1.3  -1.3  0.510764784718  0.365995008526  0.123240206756   1.3  1.3  0.753519586488  0.731990017051  600.0   19.3408432512  0.0331545315922     -0.598007953008
-0.0  1.3  -1.3  0.510656401764  0.366104367903  0.123239230333   1.3  1.3  0.753521539334  0.732208735806  610.0   19.0237802471  0.0334841874605     -0.597965170221
-0.0  1.3  -1.3  0.510446470817  0.366152352119  0.123401177064   1.3  1.3  0.753197645872  0.732304704239  620.0   18.7169450819  0.0332511714908     -0.597901883653
-0.0  1.3  -1.3  0.510089657951  0.366179552475  0.123730789575   1.3  1.3  0.752538420851  0.732359104949  630.0   18.4198507155  0.0325471256939     -0.597819657846
-0.0  1.3  -1.3  0.510526816482  0.366086931778  0.123386251741   1.3  1.3  0.753227496518  0.732173863555  640.0   18.132040548   0.0332719969755     -0.59774977112
-0.0  1.3  -1.3  0.510560851798  0.366114829578  0.123324318624   1.3  1.3  0.753351362752  0.732229659156  650.0   17.8530860781  0.0335494658028     -0.597705862677
-0.0  1.3  -1.3  0.511100674234  0.365488802939  0.123410522827   1.3  1.3  0.753178954346  0.730977605878  660.0   17.5825847739  0.0318685042994     -0.597535023991
-0.0  1.3  -1.3  0.509529330631  0.366313740894  0.124156928475   1.3  1.3  0.751686143051  0.732627481788  670.0   17.3201581354  0.0318715292064     -0.597736183085
-0.0  1.3  -1.3  0.508120631204  0.366629265016  0.12525010378    1.3  1.3  0.74949979244   0.733258530031  680.0   17.0654499276  0.0296777137685     -0.597908105445
-0.0  1.3  -1.3  0.507758238778  0.366744761909  0.125496999313   1.3  1.3  0.749006001375  0.733489523818  690.0   16.8181245663  0.0292444615748     -0.597999721176
-0.0  1.3  -1.3  0.50772169266   0.366721188268  0.125557119072   1.3  1.3  0.748885761855  0.733442376535  700.0   16.5778656439  0.0291321718829     -0.597894408025
-0.0  1.3  -1.3  0.50779436643   0.366708076302  0.125497557269   1.3  1.3  0.749004885463  0.733416152603  710.0   16.3443745785  0.0293299219272     -0.597817427559
-0.0  1.3  -1.3  0.508662266998  0.366559520515  0.124778212488   1.3  1.3  0.750443575025  0.73311904103   720.0   16.117369376   0.0310585527536     -0.597572848118
-0.0  1.3  -1.3  0.507824077587  0.366690779665  0.125485142747   1.3  1.3  0.749029714505  0.733381559331  730.0   15.8965834942  0.0294847426044     -0.597649913382
-0.0  1.3  -1.3  0.507888382017  0.366590487073  0.12552113091    1.3  1.3  0.74895773818   0.733180974147  740.0   15.6817647983  0.0293613440463     -0.597418981979
-0.0  1.3  -1.3  0.507798690589  0.36663010195   0.125571207461   1.3  1.3  0.748857585077  0.733260203899  750.0   15.472674601   0.0292341859253     -0.597518939744
-0.0  1.3  -1.3  0.508359575864  0.366461320258  0.125179103878   1.3  1.3  0.749641792244  0.732922640516  760.0   15.2690867773  0.0300885626057     -0.597245199982
-0.0  1.3  -1.3  0.508053676484  0.366577933063  0.125368390453   1.3  1.3  0.749263219094  0.733155866126  770.0   15.070786949   0.0299302563797     -0.597214554406
-0.0  1.3  -1.3  0.507576624098  0.367479310991  0.12494406491    1.3  1.3  0.750111870179  0.734958621983  780.0   14.8775717317  0.0334642862059     -0.597127353605
-0.0  1.3  -1.3  0.507921022443  0.366437467639  0.125641509918   1.3  1.3  0.748716980164  0.732874935277  790.0   14.6892480389  0.029109569136      -0.596959920937
-0.0  1.3  -1.3  0.512576328382  0.362118609172  0.125305062446   1.3  1.3  0.749389875107  0.724237218344  800.0   14.5056324384  0.0205566226117     -0.595158598875
-0.0  1.3  -1.3  0.522857783709  0.367441927939  0.109700288352   1.3  1.3  0.780599423297  0.734883855878  810.0   14.3265505565  0.0744169094313     -0.595711353495
-0.0  1.3  -1.3  0.522744658129  0.367377205042  0.109878136829   1.3  1.3  0.780243726343  0.734754410084  820.0   14.1518365253  0.0739003045778     -0.595597272777
-0.0  1.3  -1.3  0.522939384775  0.367233112904  0.109827502321   1.3  1.3  0.780344995358  0.734466225807  830.0   13.9813324708  0.0737281934514     -0.595526394063
-0.0  1.3  -1.3  0.522798500884  0.367134075712  0.110067423404   1.3  1.3  0.779865153192  0.734268151425  840.0   13.8148880366  0.0730201576286     -0.595353138374
-0.0  1.3  -1.3  0.522832396711  0.367075071865  0.110092531424   1.3  1.3  0.779814937152  0.734150143729  850.0   13.6523599421  0.0728614124108     -0.595293192735
-0.0  1.3  -1.3  0.522633345906  0.367221116849  0.110145537245   1.3  1.3  0.779708925511  0.734442233699  860.0   13.4936115706  0.0731850475524     -0.59521145942
-0.0  1.3  -1.3  0.522588848914  0.367148722058  0.110262429028   1.3  1.3  0.779475141944  0.734297444115  870.0   13.3385125871  0.0728250532187     -0.595079308658
-0.0  1.3  -1.3  0.522618420583  0.366976732119  0.110404847299   1.3  1.3  0.779190305403  0.733953464237  880.0   13.1869385804  0.0722321308482     -0.594854769684
-0.0  1.3  -1.3  0.522528310688  0.367169226941  0.110302462371   1.3  1.3  0.779395075257  0.734338453882  890.0   13.0387707312  0.0730933852282     -0.594760202652
-0.0  1.3  -1.3  0.522556487466  0.367123893015  0.110319619519   1.3  1.3  0.779360760963  0.734247786031  900.0   12.8938955008  0.073119262693      -0.594571848398
-0.0  1.3  -1.3  0.522502226244  0.36709250799   0.110405265766   1.3  1.3  0.779189468469  0.73418501598   910.0   12.7522043415  0.0728194693536     -0.59456736043
-0.0  1.3  -1.3  0.522450475825  0.366952042565  0.11059748161    1.3  1.3  0.77880503678   0.733904085131  920.0   12.6135934247  0.0721468696343     -0.59437498885
-0.0  1.3  -1.3  0.522381847236  0.366821620349  0.110796532415   1.3  1.3  0.77840693517   0.733643240698  930.0   12.4779633879  0.07146686872       -0.594198359908
-0.0  1.3  -1.3  0.522366084979  0.366893178207  0.110740736814   1.3  1.3  0.778518526371  0.733786356413  940.0   12.3452190965  0.0718867314225     -0.594109616197
-0.0  1.3  -1.3  0.522342929805  0.366805997581  0.110851072615   1.3  1.3  0.778297854771  0.733611995161  950.0   12.2152694218  0.0715806244654     -0.593902180446
-0.0  1.3  -1.3  0.522239847433  0.366594253276  0.111165899291   1.3  1.3  0.777668201418  0.733188506553  960.0   12.088027032   0.0703613464523     -0.593752373909
-0.0  1.3  -1.3  0.52228629727   0.366603320061  0.111110382669   1.3  1.3  0.777779234663  0.733206640123  970.0   11.9634081967  0.0705966864022     -0.593684950819
-0.0  1.3  -1.3  0.522134812214  0.366664276755  0.111200911031   1.3  1.3  0.777598177939  0.73332855351   980.0   11.8413326028  0.0706614386571     -0.593543312227
-0.0  1.3  -1.3  0.52208654902   0.3665546384    0.11135881258    1.3  1.3  0.777282374839  0.7331092768    990.0   11.7217231826  0.0701114551157     -0.593397692015
-0.0  1.3  -1.3  0.521984861538  0.366454624786  0.111560513677   1.3  1.3  0.776878972647  0.732909249571  1000.0  11.6045059507  0.0696652667983     -0.593059422085
-0.0  1.3  -1.3  0.52193980659   0.366081631196  0.111978562214   1.3  1.3  0.776042875571  0.732163262391  1010.0  11.4896098522  0.0676843091019     -0.592983670249
-0.0  1.3  -1.3  0.522019594299  0.366418357645  0.111562048056   1.3  1.3  0.776875903889  0.732836715291  1020.0  11.3769666184  0.0697442212394     -0.592882183694
-0.0  1.3  -1.3  0.52202224459   0.366449463693  0.111528291717   1.3  1.3  0.776943416565  0.732898927385  1030.0  11.2665106318  0.0700000408189     -0.592795006317
-0.0  1.3  -1.3  0.521966867456  0.366122083006  0.111911049538   1.3  1.3  0.776177900925  0.732244166012  1040.0  11.1581787988  0.0683296315382     -0.59261905548
-0.0  1.3  -1.3  0.52186015837   0.366172857003  0.111966984627   1.3  1.3  0.776066030746  0.732345714005  1050.0  11.0519104293  0.0685908459851     -0.592344422191
-0.0  1.3  -1.3  0.521759447311  0.366091674404  0.112148878285   1.3  1.3  0.77570224343   0.732183348807  1060.0  10.9476471233  0.068147962671      -0.592103307237
-0.0  1.3  -1.3  0.521513807179  0.366106460238  0.112379732583   1.3  1.3  0.775240534834  0.732212920476  1070.0  10.8453326643  0.0677623852559     -0.591927106647
-0.0  1.3  -1.3  0.521646600709  0.36611734038   0.112236058911   1.3  1.3  0.775527882178  0.73223468076   1080.0  10.7449129174  0.0682225509647     -0.591868780854
-0.0  1.3  -1.3  0.521562767819  0.366004354289  0.112432877892   1.3  1.3  0.775134244215  0.732008708577  1090.0  10.6463357346  0.067674054279      -0.591611784351
-0.0  1.3  -1.3  0.521468752232  0.366102415057  0.112428832711   1.3  1.3  0.775142334577  0.732204830114  1100.0  10.5495508643  0.0681355500779     -0.59141576402
-0.0  1.3  -1.3  0.521446294503  0.365976874955  0.112576830542   1.3  1.3  0.774846338916  0.731953749911  1110.0  10.4545098655  0.0675641839611     -0.591275931513
-0.0  1.3  -1.3  0.521424673707  0.366045782522  0.112529543771   1.3  1.3  0.774940912459  0.732091565044  1120.0  10.3611660275  0.0679959142058     -0.591146306548
-0.0  1.3  -1.3  0.521222275166  0.365813812313  0.112963912521   1.3  1.3  0.774072174957  0.731627624625  1130.0  10.2694742927  0.0664680973912     -0.590941642066
-0.0  1.3  -1.3  0.521306526523  0.365722725995  0.112970747483   1.3  1.3  0.774058505035  0.731445451989  1140.0  10.1793911849  0.0665094842187     -0.590645659913
-0.0  1.3  -1.3  0.521056701721  0.365642798797  0.113300499482   1.3  1.3  0.773399001036  0.731285597593  1150.0  10.0908747398  0.0656165473135     -0.590473430904
-0.0  1.3  -1.3  0.521119890239  0.365318765846  0.113561343915   1.3  1.3  0.77287731217   0.730637531692  1160.0  10.0038844403  0.0643024602696     -0.590266836751
-0.0  1.3  -1.3  0.520958361975  0.365371213711  0.113670424314   1.3  1.3  0.772659151371  0.730742427421  1170.0  9.91838115449  0.0644065708567     -0.590015481573
-0.0  1.3  -1.3  0.520901450462  0.365347919047  0.11375063049    1.3  1.3  0.772498739019  0.730695838095  1180.0  9.83432707691  0.0641603145379     -0.58999263571
-0.0  1.3  -1.3  0.520865043833  0.365606392167  0.113528564      1.3  1.3  0.772942872     0.731212784334  1190.0  9.7516856729   0.0657748338523     -0.589627519383
-0.0  1.3  -1.3  0.520765867153  0.365576402032  0.113657730815   1.3  1.3  0.77268453837   0.731152804064  1200.0  9.67042162562  0.0654987881721     -0.589489756991
-0.0  1.3  -1.3  0.52074536227   0.365298958408  0.113955679323   1.3  1.3  0.772088641355  0.730597916815  1210.0  9.59050078574  0.0643111402801     -0.589181385341
-0.0  1.3  -1.3  0.520752615698  0.365263249223  0.113984135079   1.3  1.3  0.772031729842  0.730526498447  1220.0  9.51189012357  0.0643607652291     -0.588964931546
-0.0  1.3  -1.3  0.520560399854  0.365335225548  0.114104374598   1.3  1.3  0.771791250803  0.730670451096  1230.0  9.43455768354  0.0642836679591     -0.588916544511
-0.0  1.3  -1.3  0.520503488341  0.365092793663  0.114403717996   1.3  1.3  0.771192564009  0.730185587327  1240.0  9.35847254093  0.063249595659      -0.588542001077
-0.0  1.3  -1.3  0.5204114256    0.364940192696  0.114648381704   1.3  1.3  0.770703236591  0.729880385391  1250.0  9.2836047606   0.0624001459693     -0.588358562608
-0.0  1.3  -1.3  0.520267751928  0.364940611163  0.114791636909   1.3  1.3  0.770416726182  0.729881222325  1260.0  9.20992535774  0.0623860169704     -0.588001316089
-0.0  1.3  -1.3  0.520241388507  0.364718126205  0.115040485288   1.3  1.3  0.769919029424  0.72943625241   1270.0  9.13740626043  0.0614031191926     -0.587758747192
-0.0  1.3  -1.3  0.520281003383  0.364495920226  0.115223076391   1.3  1.3  0.769553847218  0.728991840451  1280.0  9.06602027402  0.0605363224495     -0.587573071521
-0.0  1.3  -1.3  0.520026993912  0.364550878892  0.115422127196   1.3  1.3  0.769155745608  0.729101757785  1290.0  8.99574104709  0.0604779162555     -0.587256838155
-0.0  1.3  -1.3  0.519923353583  0.364508195258  0.115568451159   1.3  1.3  0.768863097682  0.729016390516  1300.0  8.92654303904  0.0602548925128     -0.586988442145
-0.0  1.3  -1.3  0.520091995786  0.364517541021  0.115390463193   1.3  1.3  0.769219073614  0.729035082042  1310.0  8.85840148912  0.0609189421688     -0.586811460184
-0.0  1.3  -1.3  0.520002304358  0.364818139819  0.115179555822   1.3  1.3  0.769640888355  0.729636279639  1320.0  8.79129238693  0.0621481149663     -0.586912203426
-0.0  1.3  -1.3  0.519816365519  0.364653821775  0.115529812705   1.3  1.3  0.768940374589  0.729307643551  1330.0  8.72519244417  0.0612263467851     -0.586496076797
-0.0  1.3  -1.3  0.51975052671   0.363948425895  0.116301047395   1.3  1.3  0.76739790521   0.727896851789  1340.0  8.66007906772  0.0579085129035     -0.585974671195
-0.0  1.3  -1.3  0.519521904237  0.364279154317  0.116198941446   1.3  1.3  0.767602117108  0.728558308634  1350.0  8.59593033389  0.0592463291232     -0.585762224342
-0.0  1.3  -1.3  0.519574352101  0.364149150568  0.116276497331   1.3  1.3  0.767447005339  0.728298301136  1360.0  8.53272496379  0.0588783116905     -0.585590586726
-0.0  1.3  -1.3  0.519226606021  0.36390853204   0.116864861939   1.3  1.3  0.766270276121  0.72781706408   1370.0  8.47044229982  0.0571916383934     -0.585121903868
-0.0  1.3  -1.3  0.519363444731  0.364313608101  0.116322947168   1.3  1.3  0.767354105663  0.728627216201  1380.0  8.40906228315  0.0595003631451     -0.585275355279
-0.0  1.3  -1.3  0.519231348647  0.363955260856  0.116813390498   1.3  1.3  0.766373219004  0.727910521711  1390.0  8.34856543219  0.0577694910384     -0.584799371892
-0.0  1.3  -1.3  0.519119199489  0.363809634338  0.117071166173   1.3  1.3  0.765857667655  0.727619268676  1400.0  8.28893282196  0.0571442487991     -0.58437576843
-0.0  1.3  -1.3  0.518961576918  0.363627322213  0.11741110087    1.3  1.3  0.765177798261  0.727254644426  1410.0  8.23014606436  0.0561428217474     -0.584019353745
-0.0  1.3  -1.3  0.519140401818  0.36355925158   0.117300346602   1.3  1.3  0.765399306795  0.72711850316   1420.0  8.17218728926  0.0564075517393     -0.583865601203
-0.0  1.3  -1.3  0.518851938562  0.363826233529  0.117321827909   1.3  1.3  0.765356344183  0.727652467058  1430.0  8.1150391264   0.0574121155369     -0.583499339077
-0.0  1.3  -1.3  0.518924612332  0.364020681197  0.117054706471   1.3  1.3  0.765890587059  0.728041362395  1440.0  8.05868468802  0.0588100625298     -0.58330147176
-0.0  1.3  -1.3  0.518795724495  0.363765276835  0.11743899867    1.3  1.3  0.76512200266   0.727530553671  1450.0  8.00310755224  0.0574465694882     -0.583001753742
-0.0  1.3  -1.3  0.518716355253  0.36364447936   0.117639165387   1.3  1.3  0.764721669226  0.72728895872   1460.0  7.94829174709  0.0567673786046     -0.582846437725
-0.0  1.3  -1.3  0.518402783977  0.363288084961  0.118309131062   1.3  1.3  0.763381737877  0.726576169922  1470.0  7.8942217352   0.0548438907683     -0.58210138937
-0.0  1.3  -1.3  0.518439051118  0.363451566071  0.118109382811   1.3  1.3  0.763781234377  0.726903132142  1480.0  7.84088239916  0.055766659917      -0.582123016558
-0.0  1.3  -1.3  0.518203872661  0.363479045404  0.118317081935   1.3  1.3  0.763365836131  0.726958090808  1490.0  7.78825902735  0.0556804349519     -0.581740670069
-0.0  1.3  -1.3  0.518251717389  0.363594821276  0.118153461336   1.3  1.3  0.763693077328  0.727189642551  1500.0  7.7363373005   0.0566513504734     -0.581496185369
-0.0  1.3  -1.3  0.518177927707  0.363431200677  0.118390871617   1.3  1.3  0.763218256767  0.726862401353  1510.0  7.68510327864  0.0559685248508     -0.581136330705
-0.0  1.3  -1.3  0.518066197016  0.36295847245   0.118975330533   1.3  1.3  0.762049338934  0.725916944901  1520.0  7.63454338865  0.0536486427105     -0.580707526274
-0.0  1.3  -1.3  0.518061314901  0.362901002982  0.119037682117   1.3  1.3  0.761924635766  0.725802005963  1530.0  7.58464441225  0.0536266632038     -0.580417971045
-0.0  1.3  -1.3  0.51775973968   0.362846881249  0.119393379071   1.3  1.3  0.761213241858  0.725693762498  1540.0  7.53539347451  0.0531120978463     -0.579867007817
-0.0  1.3  -1.3  0.517803818205  0.363031285709  0.119164896086   1.3  1.3  0.761670207827  0.726062571418  1550.0  7.48677803274  0.0541815981696     -0.57987101485
-0.0  1.3  -1.3  0.517535301877  0.36306755285   0.119397145274   1.3  1.3  0.761205709452  0.726135105699  1560.0  7.43878586587  0.0542038907479     -0.579339168949
-0.0  1.3  -1.3  0.517467370733  0.363062391757  0.119470237511   1.3  1.3  0.761059524979  0.726124783513  1570.0  7.39140506417  0.0543585732363     -0.578981027803
-0.0  1.3  -1.3  0.517515633927  0.363398281272  0.1190860848     1.3  1.3  0.761827830399  0.726796562545  1580.0  7.34462401946  0.0563004781958     -0.578911232631
-0.0  1.3  -1.3  0.517279758026  0.362723712461  0.119996529514   1.3  1.3  0.760006940973  0.725447424921  1590.0  7.29843141557  0.0527931431719     -0.57829753249
-0.0  1.3  -1.3  0.517330253044  0.36291244108   0.119757305876   1.3  1.3  0.760485388248  0.72582488216   1600.0  7.25281621922  0.0542441744373     -0.577959177092
-0.0  1.3  -1.3  0.516923224138  0.362354764052  0.120722011811   1.3  1.3  0.758555976378  0.724709528103  1610.0  7.20776767127  0.0509263867489     -0.577318769077
-0.0  1.3  -1.3  0.517012078632  0.362706555314  0.120281366055   1.3  1.3  0.75943726789   0.725413110627  1620.0  7.16327527824  0.0532146597187     -0.577090832354
-0.0  1.3  -1.3  0.516831719353  0.362315707131  0.120852573516   1.3  1.3  0.758294852967  0.724631414262  1630.0  7.11932880414  0.051178234106      -0.576625913292
-0.0  1.3  -1.3  0.516600307099  0.362614492572  0.120785200329   1.3  1.3  0.758429599343  0.725228985145  1640.0  7.07591826265  0.0525555264446     -0.576200633389
-0.0  1.3  -1.3  0.516989062946  0.362489370938  0.120521566116   1.3  1.3  0.758956867769  0.724978741876  1650.0  7.03303390954  0.05289452241       -0.576221770128
-0.0  1.3  -1.3  0.516586497688  0.362383219808  0.121030282504   1.3  1.3  0.757939434991  0.724766439616  1660.0  6.99066623539  0.0518784395911     -0.575639197398
-0.0  1.3  -1.3  0.516578686304  0.362534704864  0.120886608833   1.3  1.3  0.758226782335  0.725069409727  1670.0  6.94880595853  0.0527989262289     -0.575486123451
-0.0  1.3  -1.3  0.516428038182  0.36237038682   0.121201574998   1.3  1.3  0.757596850004  0.724740773639  1680.0  6.9074440183   0.0522669979482     -0.574771912787
-0.0  1.3  -1.3  0.516116280264  0.362257679706  0.12162604003    1.3  1.3  0.75674791994   0.724515359413  1690.0  6.86657156849  0.0515619892657     -0.574080273893
-0.0  1.3  -1.3  0.516158405942  0.3623592277    0.121482366358   1.3  1.3  0.757035267283  0.724718455399  1700.0  6.82617997103  0.0522939651186     -0.573985874368
-0.0  1.3  -1.3  0.515832699123  0.362333143256  0.12183415762    1.3  1.3  0.756331684759  0.724666286513  1710.0  6.78626078991  0.0518487579003     -0.573448604753
-0.0  1.3  -1.3  0.515907883695  0.362394936884  0.121697179421   1.3  1.3  0.756605641158  0.724789873768  1720.0  6.74680578532  0.0526923614974     -0.573121807907
-0.0  1.3  -1.3  0.515865200061  0.3620979648    0.12203683514    1.3  1.3  0.755926329721  0.724195929599  1730.0  6.70780690795  0.0513316212691     -0.572827315847
-0.0  1.3  -1.3  0.51568372487   0.362328819097  0.121987456033   1.3  1.3  0.756025087934  0.724657638195  1740.0  6.66925629353  0.0528123185316     -0.572075225435
-0.0  1.3  -1.3  0.515476583702  0.361978143747  0.12254527255    1.3  1.3  0.754909454899  0.723956287495  1750.0  6.63114625757  0.0510265971021     -0.57149886801
-0.0  1.3  -1.3  0.515447012034  0.362010505196  0.12254248277    1.3  1.3  0.754915034459  0.724021010391  1760.0  6.5934692902   0.0512656212651     -0.57135123704
-0.0  1.3  -1.3  0.515515640623  0.362123491287  0.12236086809    1.3  1.3  0.755278263819  0.724246982574  1770.0  6.55621805127  0.0523459063804     -0.571036913931
-0.0  1.3  -1.3  0.515397632927  0.362441805189  0.122160561884   1.3  1.3  0.755678876232  0.724883610377  1780.0  6.51938536559  0.0542001769102     -0.570531055681
-0.0  1.3  -1.3  0.515259399327  0.362278603057  0.122461997616   1.3  1.3  0.755076004767  0.724557206113  1790.0  6.4829642183   0.05336373709       -0.570159437054
-0.0  1.3  -1.3  0.515035658968  0.361955686018  0.123008655014   1.3  1.3  0.753982689973  0.723911372036  1800.0  6.44694775042  0.0518923704677     -0.569369910144
-0.0  1.3  -1.3  0.514746079801  0.362015805778  0.123238114421   1.3  1.3  0.753523771158  0.724031611555  1810.0  6.41132925456  0.052373389247      -0.56844860828
-0.0  1.3  -1.3  0.514919325141  0.362122793842  0.122957881017   1.3  1.3  0.754084237966  0.724245587684  1820.0  6.37610217074  0.0533262538698     -0.568502519475
-0.0  1.3  -1.3  0.514732409879  0.362143856681  0.12312373344    1.3  1.3  0.75375253312   0.724287713362  1830.0  6.34126008238  0.0534816186072     -0.56797070182
-0.0  1.3  -1.3  0.514512575212  0.361978004258  0.123509420529   1.3  1.3  0.752981158942  0.723956008517  1840.0  6.30679671236  0.0526738965248     -0.56734442117
-0.0  1.3  -1.3  0.514370017453  0.362403166735  0.123226815812   1.3  1.3  0.753546368376  0.72480633347   1850.0  6.27270591932  0.0548653392736     -0.566993173126
-0.0  1.3  -1.3  0.514556653737  0.362124607199  0.123318739064   1.3  1.3  0.753362521872  0.724249214398  1860.0  6.23898169395  0.0541291297238     -0.566766127427
-0.0  1.3  -1.3  0.514369459497  0.362154178867  0.123476361636   1.3  1.3  0.753047276728  0.724308357735  1870.0  6.20561815548  0.0547244523004     -0.565837872501
-0.0  1.3  -1.3  0.514189518685  0.361978143747  0.123832337568   1.3  1.3  0.752335324864  0.723956287495  1880.0  6.17260954827  0.0533985828019     -0.565780513264
-0.0  1.3  -1.3  0.514006788093  0.362108147497  0.12388506441    1.3  1.3  0.752229871179  0.724216294994  1890.0  6.13995023849  0.0543731365431     -0.565006879481
-0.0  1.3  -1.3  0.513925187027  0.362298828962  0.123775984011   1.3  1.3  0.752448031978  0.724597657924  1900.0  6.10763471092  0.0555915755224     -0.564567821349
-0.0  1.3  -1.3  0.513882224414  0.362222110011  0.123895665575   1.3  1.3  0.752208668851  0.724444220022  1910.0  6.07565756584  0.0555074769726     -0.564141278562
-0.0  1.3  -1.3  0.513858511284  0.362176357619  0.123965131097   1.3  1.3  0.752069737805  0.724352715237  1920.0  6.04401351602  0.0556417638769     -0.563707425078
-0.0  1.3  -1.3  0.513663366171  0.362131581649  0.12420505218    1.3  1.3  0.75158989564   0.724263163298  1930.0  6.01269738381  0.0553722167589     -0.56323675986
-0.0  1.3  -1.3  0.513671735511  0.362202860529  0.12412540396    1.3  1.3  0.75174919208   0.724405721058  1940.0  5.98170409833  0.0564125785396     -0.562588808539
-0.0  1.3  -1.3  0.513668387775  0.362291436045  0.12404017618    1.3  1.3  0.75191964764   0.72458287209   1950.0  5.95102869269  0.0571883473255     -0.562264928322
-0.0  1.3  -1.3  0.513175433643  0.362098801734  0.124725764623   1.3  1.3  0.750548470754  0.724197603467  1960.0  5.9206663014   0.0559156359079     -0.56125426058
-0.0  1.3  -1.3  0.513198588818  0.362147622884  0.124653788298   1.3  1.3  0.750692423404  0.724295245768  1970.0  5.89061215774  0.0563513595068     -0.561132610417
-0.0  1.3  -1.3  0.513165948391  0.362350579382  0.124483472227   1.3  1.3  0.751033055546  0.724701158763  1980.0  5.86086159129  0.0579714726577     -0.560483005943
-0.0  1.3  -1.3  0.513080302144  0.362463425984  0.124456271872   1.3  1.3  0.751087456256  0.724926851968  1990.0  5.8314100255   0.0584720550364     -0.560346545654
-0.0  1.3  -1.3  0.512867441928  0.362561207774  0.124571350298   1.3  1.3  0.750857299404  0.725122415548  2000.0  5.80225297537  0.059607908786      -0.55916572065
-0.0  1.3  -1.3  0.512779982324  0.362449477084  0.124770540592   1.3  1.3  0.750458918815  0.724898954167  2010.0  5.77338604515  0.0592746589308     -0.558690575946
-0.0  1.3  -1.3  0.512678155353  0.362526196034  0.124795648613   1.3  1.3  0.750408702775  0.725052392069  2020.0  5.74480492611  0.0597483648116     -0.558351058485
-0.0  1.3  -1.3  0.512648723173  0.362655781317  0.12469549551    1.3  1.3  0.750609008981  0.725311562634  2030.0  5.71650539446  0.0611615074292     -0.55753523567
-0.0  1.3  -1.3  0.512624452087  0.362621606512  0.124753941401   1.3  1.3  0.750492117198  0.725243213023  2040.0  5.68848330919  0.0609750114819     -0.557480917805
-0.0  1.3  -1.3  0.512452741126  0.362405398559  0.125141860315   1.3  1.3  0.749716279371  0.724810797118  2050.0  5.66073461012  0.0601986550993     -0.556686544336
-0.0  1.3  -1.3  0.51239080801   0.362433854315  0.125175337675   1.3  1.3  0.74964932465   0.724867708631  2060.0  5.6332553159   0.060277101437      -0.556595041828
-0.0  1.3  -1.3  0.512149631526  0.362546561429  0.125303807045   1.3  1.3  0.749392385909  0.725093122857  2070.0  5.6060415221   0.0614163775733     -0.555414783823
-0.0  1.3  -1.3  0.512142657076  0.362649085845  0.125208257079   1.3  1.3  0.749583485841  0.72529817169   2080.0  5.5790893994   0.0623066210256     -0.555039533764
-0.0  1.3  -1.3  0.511979873411  0.362743798877  0.125276327712   1.3  1.3  0.749447344576  0.725487597754  2090.0  5.55239519175  0.0629105250755     -0.554504899953
-0.0  1.3  -1.3  0.511972619983  0.362871710291  0.125155669726   1.3  1.3  0.749688660548  0.725743420583  2100.0  5.52595521464  0.0639954159687     -0.554066289501
-0.0  1.3  -1.3  0.511834386382  0.36261909571   0.125546517908   1.3  1.3  0.748906964184  0.725238191419  2110.0  5.49976585344  0.0631638794307     -0.553224822852
-0.0  1.3  -1.3  0.511653748125  0.362835164173  0.125511087702   1.3  1.3  0.748977824596  0.725670328346  2120.0  5.47382356168  0.0644754746656     -0.552567124159
-0.0  1.3  -1.3  0.511542854369  0.362787458934  0.125669686697   1.3  1.3  0.748660626607  0.725574917869  2130.0  5.44812485951  0.0642490917869     -0.552257116031
-0.0  1.3  -1.3  0.511467530308  0.362603333452  0.125929136239   1.3  1.3  0.748141727521  0.725206666905  2140.0  5.42266633213  0.0637770789238     -0.551575833829
-0.0  1.3  -1.3  0.511318556054  0.362974374197  0.125707069749   1.3  1.3  0.748585860502  0.725948748393  2150.0  5.39744462826  0.0656926546285     -0.551202336935
-0.0  1.3  -1.3  0.511425544119  0.362897376268  0.125677079614   1.3  1.3  0.748645840773  0.725794752535  2160.0  5.37245645868  0.0661726420698     -0.55060012923
-0.0  1.3  -1.3  0.511356776041  0.363012733672  0.125630490287   1.3  1.3  0.748739019426  0.726025467344  2170.0  5.34769859482  0.0669334861068     -0.550260346694
-0.0  1.3  -1.3  0.511235560099  0.362948847709  0.125815592192   1.3  1.3  0.748368815616  0.725897695419  2180.0  5.32316786732  0.0671656744723     -0.549380789872
-0.0  1.3  -1.3  0.510964114502  0.363065042048  0.125970843451   1.3  1.3  0.748058313098  0.726130084095  2190.0  5.29886116473  0.0678187133229     -0.548626203028
-0.0  1.3  -1.3  0.511203338139  0.362907279987  0.125889381874   1.3  1.3  0.748221236252  0.725814559974  2200.0  5.27477543216  0.0676014363378     -0.548645098755
-0.0  1.3  -1.3  0.51086228753   0.362968376169  0.1261693363     1.3  1.3  0.7476613274    0.725936752339  2210.0  5.25090767002  0.0682903521342     -0.547387151526
-0.0  1.3  -1.3  0.51072544882   0.363089313134  0.126185238046   1.3  1.3  0.747629523907  0.726178626268  2220.0  5.22725493277  0.0692522898291     -0.546698305398
-0.0  1.3  -1.3  0.510664910593  0.363046211032  0.126288878375   1.3  1.3  0.747422243251  0.726092422065  2230.0  5.20381432769  0.0692618653461     -0.546307199564
-0.0  1.3  -1.3  0.510623621849  0.363159057635  0.126217320517   1.3  1.3  0.747565358967  0.726318115269  2240.0  5.18058301373  0.0701421098218     -0.545906406684
-0.0  1.3  -1.3  0.510569081649  0.363359084863  0.126071833488   1.3  1.3  0.747856333024  0.726718169726  2250.0  5.15755820033  0.0716886494728     -0.545258204101
-0.0  1.3  -1.3  0.510328742099  0.363311519113  0.126359738787   1.3  1.3  0.747280522425  0.726623038227  2260.0  5.13473714635  0.0717790185503     -0.544295610297
-0.0  1.3  -1.3  0.51021129236   0.363309705756  0.126479001884   1.3  1.3  0.747041996233  0.726619411513  2270.0  5.11211715892  0.0717243150085     -0.54403551506
-0.0  1.3  -1.3  0.510223706881  0.363341090782  0.126435202337   1.3  1.3  0.747129595326  0.726682181563  2280.0  5.08969559243  0.0731872226186     -0.542768087337
-0.0  1.3  -1.3  0.510014473379  0.363484624964  0.126500901657   1.3  1.3  0.746998196686  0.726969249929  2290.0  5.06746984749  0.0738375411412     -0.542320139457
-0.0  1.3  -1.3  0.510098724736  0.363238566366  0.126662708899   1.3  1.3  0.746674582203  0.726477132731  2300.0  5.04543736989  0.0731304563618     -0.541966773051
-0.0  1.3  -1.3  0.509957282888  0.363473047377  0.126569669735   1.3  1.3  0.746860660531  0.726946094754  2310.0  5.02359564968  0.0745094197683     -0.541439362101
-0.0  1.3  -1.3  0.509493900425  0.363502340067  0.127003759508   1.3  1.3  0.745992480985  0.727004680135  2320.0  5.00194222015  0.0744041326884     -0.540492176767
-0.0  1.3  -1.3  0.509918923413  0.363670145336  0.126410931251   1.3  1.3  0.747178137498  0.727340290673  2330.0  4.98047465697  0.0768906614847     -0.539983295137
-0.0  1.3  -1.3  0.509720430563  0.363566923475  0.126712645961   1.3  1.3  0.746574708077  0.72713384695   2340.0  4.95919057724  0.0765514887103     -0.539269632825
-0.0  1.3  -1.3  0.509535607636  0.363613512802  0.126850879562   1.3  1.3  0.746298240876  0.727227025603  2350.0  4.93808763862  0.077047198006      -0.538535648417
-0.0  1.3  -1.3  0.509441034093  0.363636249509  0.126922716398   1.3  1.3  0.746154567205  0.727272499018  2360.0  4.91716353845  0.0776246640757     -0.537830522013
-0.0  1.3  -1.3  0.509546208801  0.363769322016  0.126684469183   1.3  1.3  0.746631061634  0.727538644033  2370.0  4.89641601298  0.0794077955673     -0.537012821799
-0.0  1.3  -1.3  0.509239193508  0.363601795726  0.127159010766   1.3  1.3  0.745681978467  0.727203591451  2380.0  4.87584283645  0.0779267185737     -0.53682452232
-0.0  1.3  -1.3  0.508962865796  0.363946473048  0.127090661156   1.3  1.3  0.745818677689  0.727892946097  2390.0  4.8554418204   0.0801472932876     -0.535677817633
-0.0  1.3  -1.3  0.50919706783   0.36378006267   0.127022869501   1.3  1.3  0.745954260998  0.727560125339  2400.0  4.83521081281  0.080034718087      -0.535533984151
