#mu0            mu1             mu2              x0              x1                 x2              mua  mub   xa                 xb                 T       b              u               phi
0.366666666667  0.166666666667  -0.533333333333  0.5             0.0                0.5             0.9  -0.2  0.0                0.0                30.0    386.816865025  -1.31774118     -1.15107451333
0.366666666667  0.166666666667  -0.533333333333  0.5             0.0                0.5             0.9  -0.2  0.0                0.0                40.0    290.112648769  -1.31774118     -1.15107451333
0.366666666667  0.166666666667  -0.533333333333  0.5             0.0                0.5             0.9  -0.2  0.0                0.0                50.0    232.090119015  -1.31774118     -1.15107451333
0.366666666667  0.166666666667  -0.533333333333  0.5             0.0                0.5             0.9  -0.2  0.0                0.0                60.0    193.408432513  -1.31774118     -1.15107451333
0.366666666667  0.166666666667  -0.533333333333  0.5             0.0                0.5             0.9  -0.2  0.0                0.0                70.0    165.778656439  -1.31774118     -1.15107451333
0.366666666667  0.166666666667  -0.533333333333  0.500000278978  0.0                0.499999721022  0.9  -0.2  5.57956005842e-07  0.0                80.0    145.056324384  -1.31774061917  -1.15107445466
0.366666666667  0.166666666667  -0.533333333333  0.500000278978  0.0                0.499999721022  0.9  -0.2  5.57956005842e-07  0.0                90.0    128.938955008  -1.31774061917  -1.15107445466
0.366666666667  0.166666666667  -0.533333333333  0.500003347736  0.0                0.499996652264  0.9  -0.2  6.69547207632e-06  0.0                100.0   116.045059507  -1.31773445     -1.15107380926
0.366666666667  0.166666666667  -0.533333333333  0.500005998027  0.0                0.499994001973  0.9  -0.2  1.19960541348e-05  0.0                110.0   105.495508643  -1.31772912208  -1.15107325187
0.366666666667  0.166666666667  -0.533333333333  0.50002371313   0.0                0.49997628687   0.9  -0.2  4.74262605341e-05  0.0                120.0   96.7042162563  -1.31769351098  -1.15106952795
0.366666666667  0.166666666667  -0.533333333333  0.500042404656  0.0                0.499957595344  0.9  -0.2  8.48093129551e-05  0.0                130.0   89.2654303904  -1.31765593333  -1.15106559505
0.366666666667  0.166666666667  -0.533333333333  0.500083135445  0.0                0.499916864555  0.9  -0.2  0.000166270889873  0.0                140.0   82.8893282196  -1.31757405831  -1.15105703544
0.366666666667  0.166666666667  -0.533333333333  0.500160830819  0.0                0.499839169181  0.9  -0.2  0.000321661637623  0.0                150.0   77.363373005   -1.31741791103  -1.15104073984
0.366666666667  0.166666666667  -0.533333333333  0.500244942687  0.0                0.499755057313  0.9  -0.2  0.000489885373518  0.0                160.0   72.5281621922  -1.31724890582  -1.15102313599
0.366666666667  0.166666666667  -0.533333333333  0.500376759793  0.0                0.499623240207  0.9  -0.2  0.000753519586488  0.0                170.0   68.2617997103  -1.31698403799  -1.15099553895
0.366666666667  0.166666666667  -0.533333333333  0.500611798761  0.0                0.499388201239  0.9  -0.2  0.00122359752178   0.0                180.0   64.4694775042  -1.31651173113  -1.15094630224
0.366666666667  0.166666666667  -0.533333333333  0.500857578382  0.0                0.499142421618  0.9  -0.2  0.00171515676332   0.0                190.0   61.0763471092  -1.31601828228  -1.1508952567
0.366666666667  0.166666666667  -0.533333333333  0.501160409004  0.0                0.498839590996  0.9  -0.2  0.00232081800814   0.0                200.0   58.0225297537  -1.31541002751  -1.15083209705
0.366666666667  0.166666666667  -0.533333333333  0.501546793538  0.0                0.498453206462  0.9  -0.2  0.00309358707685   0.0                210.0   55.2595521464  -1.31463463274  -1.15075219444
0.366666666667  0.166666666667  -0.533333333333  0.502010873447  0.0                0.497989126553  0.9  -0.2  0.0040217468933    0.0                220.0   52.7477543216  -1.31370317699  -1.15065608253
0.366666666667  0.166666666667  -0.533333333333  0.50260133039   0.0                0.49739866961   0.9  -0.2  0.0052026607806    0.0                230.0   50.4543736989  -1.31251899362  -1.15053472165
0.366666666667  0.166666666667  -0.533333333333  0.503367403987  0.0                0.496632596013  0.9  -0.2  0.00673480797386   0.0                240.0   48.3521081281  -1.31098373527  -1.15037839578
0.366666666667  0.166666666667  -0.533333333333  0.504096094531  0.0                0.495903905469  0.9  -0.2  0.00819218906228   0.0                250.0   46.418023803   -1.3095239054   -1.15023020889
0.366666666667  0.166666666667  -0.533333333333  0.504928425404  0.0                0.495071574596  0.9  -0.2  0.00985685080703   0.0                260.0   44.6327151952  -1.30785735434  -1.1500618534
0.366666666667  0.166666666667  -0.533333333333  0.505955622411  0.0                0.494044377589  0.9  -0.2  0.0119112448222    0.0                270.0   42.9796516694  -1.30580224304  -1.14985569671
0.366666666667  0.166666666667  -0.533333333333  0.506970404898  0.0                0.493029595102  0.9  -0.2  0.013940809795     0.0                280.0   41.4446641098  -1.30377442784  -1.14965448998
0.366666666667  0.166666666667  -0.533333333333  0.50811421471   0.0                0.49188578529   0.9  -0.2  0.0162284294208    0.0                290.0   40.0155377612  -1.30148837116  -1.14942729098
0.366666666667  0.166666666667  -0.533333333333  0.50933111676   0.0                0.49066888324   0.9  -0.2  0.0186622335202    0.0                300.0   38.6816865025  -1.29905872092  -1.14918806442
0.366666666667  0.166666666667  -0.533333333333  0.510590283977  0.0                0.489409716023  0.9  -0.2  0.0211805679546    0.0                310.0   37.4338901637  -1.29654670259  -1.14894254708
0.366666666667  0.166666666667  -0.533333333333  0.512084629651  0.0                0.487915370349  0.9  -0.2  0.0241692593022    0.0                320.0   36.2640810961  -1.29356897188  -1.14865463858
0.366666666667  0.166666666667  -0.533333333333  0.513290930537  0.0                0.486709069463  0.9  -0.2  0.0265818610734    0.0                330.0   35.1651695477  -1.29116406843  -1.14842107673
0.366666666667  0.166666666667  -0.533333333333  0.514695584783  0.0                0.485304415217  0.9  -0.2  0.0293911695651    0.0                340.0   34.1308998551  -1.28836802738  -1.14815341332
0.366666666667  0.166666666667  -0.533333333333  0.516126044494  0.0                0.483873955506  0.9  -0.2  0.0322520889873    0.0                350.0   33.1557312879  -1.28552099494  -1.14788120836
0.366666666667  0.166666666667  -0.533333333333  0.517485783281  0.0                0.482514216719  0.9  -0.2  0.0349715665619    0.0                360.0   32.2347387521  -1.2828164329   -1.14762417614
0.366666666667  0.166666666667  -0.533333333333  0.51885221754   0.0                0.48114778246   0.9  -0.2  0.0377044350807    0.0                370.0   31.3635295966  -1.2801017558   -1.1473690807
0.366666666667  0.166666666667  -0.533333333333  0.520255197918  0.0                0.479744802082  0.9  -0.2  0.0405103958363    0.0                380.0   30.5381735546  -1.27731477808  -1.14710746767
0.366666666667  0.166666666667  -0.533333333333  0.52181970656   0.0                0.47818029344   0.9  -0.2  0.0436394131196    0.0                390.0   29.7551434635  -1.27420982185  -1.14681862699
0.366666666667  0.166666666667  -0.533333333333  0.523196323516  0.0                0.476803676484  0.9  -0.2  0.0463926470326    0.0                400.0   29.0112648769  -1.27147742576  -1.14656414143
0.366666666667  0.166666666667  -0.533333333333  0.524488410138  0.0                0.475511589862  0.9  -0.2  0.0489768202757    0.0                410.0   28.3036730506  -1.26891374243  -1.14632621401
0.366666666667  0.166666666667  -0.533333333333  0.525810905362  0.0                0.474189094638  0.9  -0.2  0.0516218107235    0.0                420.0   27.6297760732  -1.26628812065  -1.14608108363
0.366666666667  0.166666666667  -0.533333333333  0.527243317919  0.0                0.472756682081  0.9  -0.2  0.0544866358377    0.0                430.0   26.9872231413  -1.26345005933  -1.14582136492
0.366666666667  0.166666666667  -0.533333333333  0.528657736395  0.0                0.471342263605  0.9  -0.2  0.0573154727896    0.0                440.0   26.3738771608  -1.26064704369  -1.14556430253
0.366666666667  0.166666666667  -0.533333333333  0.529623418753  0.0                0.470376581247  0.9  -0.2  0.0592468375054    0.0                450.0   25.7877910017  -1.2587298177   -1.14538530479
0.366666666667  0.166666666667  -0.533333333333  0.531012868697  0.0                0.468987131303  0.9  -0.2  0.0620257373947    0.0                460.0   25.2271868495  -1.25597729867  -1.14513379566
0.366666666667  0.166666666667  -0.533333333333  0.532056943874  0.0                0.467943056126  0.9  -0.2  0.0641138877482    0.0                470.0   24.6904381931  -1.25390335096  -1.14493918326
0.366666666667  0.166666666667  -0.533333333333  0.533243158343  0.0                0.466756841657  0.9  -0.2  0.0664863166869    0.0                480.0   24.1760540641  -1.25155500593  -1.14472602428
0.366666666667  0.166666666667  -0.533333333333  0.534154300502  0.0                0.465845699498  0.9  -0.2  0.0683086010034    0.0                490.0   23.6826652056  -1.24974849741  -1.14455957165
0.366666666667  0.166666666667  -0.533333333333  0.535201165459  0.0                0.464798834541  0.9  -0.2  0.070402330917     0.0                500.0   23.2090119015  -1.24767062973  -1.14436606089
0.366666666667  0.166666666667  -0.533333333333  0.536337303376  0.0                0.463662696624  0.9  -0.2  0.0726746067526    0.0                510.0   22.7539332368  -1.24541777179  -1.1441582512
0.366666666667  0.166666666667  -0.533333333333  0.537462561152  0.0                0.462537438848  0.9  -0.2  0.074925122304     0.0                520.0   22.3163575976  -1.24318609852  -1.14395204193
0.366666666667  0.166666666667  -0.533333333333  0.538281082613  0.0                0.461718917387  0.9  -0.2  0.0765621652264    0.0                530.0   21.8952942467  -1.24155553223  -1.14379481426
0.366666666667  0.166666666667  -0.533333333333  0.539166279817  0.0                0.460833720183  0.9  -0.2  0.0783325596343    0.0                540.0   21.4898258347  -1.23979764213  -1.14363027914
0.366666666667  0.166666666667  -0.533333333333  0.540290700659  0.0                0.459709299341  0.9  -0.2  0.0805814013177    0.0                550.0   21.0991017286  -1.23756456898  -1.1434211635
0.366666666667  0.166666666667  -0.533333333333  0.540937092692  0.0                0.459062907308  0.9  -0.2  0.0818741853842    0.0                560.0   20.7223320549  -1.23627412493  -1.14329422511
0.366666666667  0.166666666667  -0.533333333333  0.541931788762  0.0                0.458068211238  0.9  -0.2  0.0838635775246    0.0                570.0   20.3587823697  -1.23429836544  -1.14310891854
0.366666666667  0.166666666667  -0.533333333333  0.542716832863  0.0                0.457283167137  0.9  -0.2  0.0854336657263    0.0                580.0   20.0077688806  -1.232736672    -1.14296030449
0.366666666667  0.166666666667  -0.533333333333  0.543578595915  0.0                0.456421404085  0.9  -0.2  0.0871571918297    0.0                590.0   19.6686541538  -1.23101923058  -1.14279403656
0.366666666667  0.166666666667  -0.533333333333  0.544267253116  0.0                0.455732746884  0.9  -0.2  0.0885345062313    0.0                600.0   19.3408432512  -1.22963956165  -1.14265395059
0.366666666667  0.166666666667  -0.533333333333  0.545222613287  0.0                0.454777386713  0.9  -0.2  0.0904452265748    0.0                610.0   19.0237802471  -1.22773821578  -1.14247225303
0.366666666667  0.166666666667  -0.533333333333  0.545769689152  0.0                0.454230310848  0.9  -0.2  0.0915393783031    0.0                620.0   18.7169450819  -1.22664018663  -1.14235896043
0.366666666667  0.166666666667  -0.533333333333  0.546661163361  0.0                0.453338836639  0.9  -0.2  0.0933223267212    0.0                630.0   18.4198507155  -1.22485526094  -1.14217868832
0.366666666667  0.166666666667  -0.533333333333  0.547216608565  0.0                0.452783391435  0.9  -0.2  0.0944332171297    0.0                640.0   18.132040548   -1.22375282536  -1.14207605411
0.366666666667  0.166666666667  -0.533333333333  0.547887969129  0.0                0.452112030871  0.9  -0.2  0.0957759382588    0.0                650.0   17.8530860781  -1.22239861989  -1.14193029766
0.366666666667  0.166666666667  -0.533333333333  0.548393337782  0.0                0.451606662218  0.9  -0.2  0.0967866755642    0.0                660.0   17.5825847739  -1.2213795162   -1.14182085754
0.366666666667  0.166666666667  -0.533333333333  0.549174197213  0.0                0.450825802787  0.9  -0.2  0.0983483944258    0.0                670.0   17.3201581354  -1.21982629043  -1.14167317875
0.366666666667  0.166666666667  -0.533333333333  0.54978376415   0.0                0.45021623585   0.9  -0.2  0.0995675282995    0.0                680.0   17.0654499276  -1.21858382935  -1.14152793815
0.366666666667  0.166666666667  -0.533333333333  0.550453729824  0.0                0.449546270176  0.9  -0.2  0.100907459649     0.0                690.0   16.8181245663  -1.21724209407  -1.14139214109
0.366666666667  0.166666666667  -0.533333333333  0.551035817428  0.0                0.448964182572  0.9  -0.2  0.102071634856     0.0                700.0   16.5778656439  -1.21606420345  -1.14126200815
0.366666666667  0.166666666667  -0.533333333333  0.55182072204   0.0                0.44817927796   0.9  -0.2  0.103641444079     0.0                710.0   16.3443745785  -1.21447660498  -1.14108723799
0.366666666667  0.166666666667  -0.533333333333  0.552323998357  0.0                0.447676001643  0.9  -0.2  0.104647996715     0.0                720.0   16.117369376   -1.21346620375  -1.14098273412
0.366666666667  0.166666666667  -0.533333333333  0.552961044628  0.0                0.447038955372  0.9  -0.2  0.105922089255     0.0                730.0   15.8965834942  -1.21217301747  -1.14083623113
0.366666666667  0.166666666667  -0.533333333333  0.553331666905  0.0                0.446668333095  0.9  -0.2  0.106663333809     0.0                740.0   15.6817647983  -1.21141728814  -1.14074762191
0.366666666667  0.166666666667  -0.533333333333  0.55397917485   0.0                0.44602082515   0.9  -0.2  0.1079583497       0.0                750.0   15.472674601   -1.21010495516  -1.14060080323
0.366666666667  0.166666666667  -0.533333333333  0.554428189946  0.0                0.445571810054  0.9  -0.2  0.108856379892     0.0                760.0   15.2690867773  -1.20918216376  -1.14048623899
0.366666666667  0.166666666667  -0.533333333333  0.554954202971  0.0                0.445045797029  0.9  -0.2  0.109908405942     0.0                770.0   15.070786949   -1.20812687629  -1.14037777497
0.366666666667  0.166666666667  -0.533333333333  0.555524434009  0.0                0.444475565991  0.9  -0.2  0.111048868019     0.0                780.0   14.8775717317  -1.20695326699  -1.14023058154
0.366666666667  0.166666666667  -0.533333333333  0.556014179894  0.0                0.443985820106  0.9  -0.2  0.112028359788     0.0                790.0   14.6892480389  -1.20596385807  -1.14012271521
0.366666666667  0.166666666667  -0.533333333333  0.556561674225  0.0                0.443438325775  0.9  -0.2  0.11312334845      0.0                800.0   14.5056324384  -1.20483970098  -1.13998404792
0.366666666667  0.166666666667  -0.533333333333  0.557052257044  0.0                0.442947742956  0.9  -0.2  0.114104514087     0.0                810.0   14.3265505565  -1.20382463462  -1.13985203063
0.366666666667  0.166666666667  -0.533333333333  0.557549814312  0.0                0.442450185688  0.9  -0.2  0.115099628624     0.0                820.0   14.1518365253  -1.2028052358   -1.1397282349
0.366666666667  0.166666666667  -0.533333333333  0.558050579828  0.0                0.441949420172  0.9  -0.2  0.116101159656     0.0                830.0   13.9813324708  -1.20178238374  -1.13960676077
0.366666666667  0.166666666667  -0.533333333333  0.558509080176  0.0                0.441490919824  0.9  -0.2  0.117018160352     0.0                840.0   13.8148880366  -1.20084649137  -1.13949616902
0.366666666667  0.166666666667  -0.533333333333  0.559064246402  0.0                0.440935753598  0.9  -0.2  0.118128492805     0.0                850.0   13.6523599421  -1.19968650303  -1.13933547989
0.366666666667  0.166666666667  -0.533333333333  0.559468485529  0.0                0.440531514471  0.9  -0.2  0.118936971058     0.0                860.0   13.4936115706  -1.1988489718   -1.13922557909
0.366666666667  0.166666666667  -0.533333333333  0.559943027112  0.0                0.440056972888  0.9  -0.2  0.119886054224     0.0                870.0   13.3385125871  -1.19786009127  -1.1390908734
0.366666666667  0.166666666667  -0.533333333333  0.56024237051   0.0                0.43975762949   0.9  -0.2  0.120484741019     0.0                880.0   13.1869385804  -1.1972331075   -1.13900270775
0.366666666667  0.166666666667  -0.533333333333  0.560777729298  0.0                0.439222270702  0.9  -0.2  0.121555458595     0.0                890.0   13.0387707312  -1.19613885935  -1.13887210541
0.366666666667  0.166666666667  -0.533333333333  0.561188524407  0.0                0.438811475593  0.9  -0.2  0.122377048814     0.0                900.0   12.8938955008  -1.19527423305  -1.13874691032
0.366666666667  0.166666666667  -0.533333333333  0.561572816607  0.0                0.438427183393  0.9  -0.2  0.123145633213     0.0                910.0   12.7522043415  -1.19447513443  -1.13863953765
0.366666666667  0.166666666667  -0.533333333333  0.561973150041  1.39489001953e-07  0.43802671047   0.9  -0.2  0.12394657906      2.78978003906e-07  920.0   12.6135934247  -1.19364054723  -1.13852574593
0.366666666667  0.166666666667  -0.533333333333  0.562549518596  0.0                0.437450481404  0.9  -0.2  0.125099037191     0.0                930.0   12.4779633879  -1.19245332599  -1.13837579279
0.366666666667  0.166666666667  -0.533333333333  0.562861276514  1.39489001953e-07  0.437138583997  0.9  -0.2  0.125722832006     2.78978003906e-07  940.0   12.3452190965  -1.19177772767  -1.13826155402
0.366666666667  0.166666666667  -0.533333333333  0.563319079417  4.18467004883e-07  0.436680502116  0.9  -0.2  0.126638995768     8.36934009766e-07  950.0   12.2152694218  -1.19081553469  -1.13812379683
0.366666666667  0.166666666667  -0.533333333333  0.563694304831  0.0                0.436305695169  0.9  -0.2  0.127388609663     0.0                960.0   12.088027032   -1.19004020717  -1.1380232892
0.366666666667  0.166666666667  -0.533333333333  0.564163824811  4.18467004883e-07  0.435835756722  0.9  -0.2  0.128328486555     8.36934009766e-07  970.0   11.9634081967  -1.18906784916  -1.137896653
0.366666666667  0.166666666667  -0.533333333333  0.564537515846  1.39489001953e-07  0.435462344665  0.9  -0.2  0.12907531067      2.78978003906e-07  980.0   11.8413326028  -1.18827725129  -1.13777830843
0.366666666667  0.166666666667  -0.533333333333  0.564901721629  2.7897800293e-07   0.435097999393  0.9  -0.2  0.129804001214     5.57956005859e-07  990.0   11.7217231826  -1.18748928994  -1.13764611278
0.366666666667  0.166666666667  -0.533333333333  0.565279457845  5.57956005859e-07  0.434719984199  0.9  -0.2  0.130560031603     1.11591201172e-06  1000.0  11.6045059507  -1.18667115711  -1.13750829571
0.366666666667  0.166666666667  -0.533333333333  0.565624135168  9.76423010742e-07  0.434374888409  0.9  -0.2  0.131250223182     1.95284602148e-06  1010.0  11.4896098522  -1.1859542627   -1.13741240633
0.366666666667  0.166666666667  -0.533333333333  0.566116949811  4.18467004883e-07  0.433882631722  0.9  -0.2  0.132234736555     8.36934009766e-07  1020.0  11.3769666184  -1.18492977798  -1.13727420682
0.366666666667  0.166666666667  -0.533333333333  0.566479621215  2.7897800293e-07   0.433520099807  0.9  -0.2  0.132959800386     5.57956005859e-07  1030.0  11.2665106318  -1.18416449311  -1.1371615352
0.366666666667  0.166666666667  -0.533333333333  0.566699176903  1.39489001953e-07  0.433300683608  0.9  -0.2  0.133398632785     2.78978003906e-07  1040.0  11.1581787988  -1.18366457369  -1.13705662073
0.366666666667  0.166666666667  -0.533333333333  0.56713131383   0.0                0.43286868617   0.9  -0.2  0.13426262766      0.0                1050.0  11.0519104293  -1.18275599306  -1.13692569129
0.366666666667  0.166666666667  -0.533333333333  0.567368445133  1.25540101367e-06  0.432630299466  0.9  -0.2  0.134739401068     2.51080202734e-06  1060.0  10.9476471233  -1.18222143679  -1.13681972893
0.366666666667  0.166666666667  -0.533333333333  0.567968945285  1.67386801855e-06  0.432029380847  0.9  -0.2  0.135941238305     3.34773603711e-06  1070.0  10.8453326643  -1.18095736088  -1.13663713914
0.366666666667  0.166666666667  -0.533333333333  0.568255455694  1.53437901758e-06  0.431743009927  0.9  -0.2  0.136513980146     3.06875803516e-06  1080.0  10.7449129174  -1.18033899843  -1.13653430014
0.366666666667  0.166666666667  -0.533333333333  0.568632494465  1.81335702051e-06  0.431365692178  0.9  -0.2  0.137268615644     3.62671404102e-06  1090.0  10.6463357346  -1.17951697521  -1.13639133728
0.366666666667  0.166666666667  -0.533333333333  0.568819409727  2.23182402539e-06  0.431178358449  0.9  -0.2  0.137643283102     4.46364805078e-06  1100.0  10.5495508643  -1.17910704583  -1.13631844123
0.366666666667  0.166666666667  -0.533333333333  0.569209281487  2.51080202832e-06  0.430788207711  0.9  -0.2  0.138423584577     5.02160405664e-06  1110.0  10.4545098655  -1.17827101326  -1.13618456839
0.366666666667  0.166666666667  -0.533333333333  0.569681730735  1.39489001563e-06  0.430316874375  0.9  -0.2  0.13936625125      2.78978003125e-06  1120.0  10.3611660275  -1.17727156241  -1.13603396391
0.366666666667  0.166666666667  -0.533333333333  0.570097686938  3.34773603809e-06  0.429898965326  0.9  -0.2  0.140202069347     6.69547207617e-06  1130.0  10.2694742927  -1.17636367616  -1.13587753281
0.366666666667  0.166666666667  -0.533333333333  0.57025238024   2.23182402539e-06  0.429745387936  0.9  -0.2  0.140509224129     4.46364805078e-06  1140.0  10.1793911849  -1.17603314541  -1.13582388773
0.366666666667  0.166666666667  -0.533333333333  0.570630953391  4.74262605371e-06  0.429364303983  0.9  -0.2  0.141271392033     9.48525210742e-06  1150.0  10.0908747398  -1.17521731847  -1.13569300758
0.366666666667  0.166666666667  -0.533333333333  0.571143296493  4.0451810459e-06   0.428852658326  0.9  -0.2  0.142294683349     8.0903620918e-06   1160.0  10.0038844403  -1.17409899317  -1.13549592344
0.366666666667  0.166666666667  -0.533333333333  0.571325190151  2.23182402539e-06  0.428672578025  0.9  -0.2  0.142654843951     4.46364805078e-06  1170.0  9.91838115449  -1.17372094754  -1.1354427477
0.366666666667  0.166666666667  -0.533333333333  0.571824700266  3.76620304199e-06  0.428171533531  0.9  -0.2  0.143656932938     7.53240608398e-06  1180.0  9.83432707691  -1.1726233535   -1.13524642
0.366666666667  0.166666666667  -0.533333333333  0.572073688134  3.06875803418e-06  0.427923243108  0.9  -0.2  0.144153513784     6.13751606836e-06  1190.0  9.7516856729   -1.17208823601  -1.13515850424
0.366666666667  0.166666666667  -0.533333333333  0.572466210184  1.67386801855e-06  0.427532115948  0.9  -0.2  0.144935768105     3.34773603711e-06  1200.0  9.67042162562  -1.17122464964  -1.13499950472
0.366666666667  0.166666666667  -0.533333333333  0.572701807108  4.60313705176e-06  0.427293589755  0.9  -0.2  0.14541282049      9.20627410352e-06  1210.0  9.59050078574  -1.17072672895  -1.13492975947
0.366666666667  0.166666666667  -0.533333333333  0.57297395015   4.74262605371e-06  0.427021307224  0.9  -0.2  0.145957385552     9.48525210742e-06  1220.0  9.51189012357  -1.1700999662   -1.13479304948
0.366666666667  0.166666666667  -0.533333333333  0.573314721781  7.67189508594e-06  0.426677606324  0.9  -0.2  0.146644787352     1.53437901719e-05  1230.0  9.43455768354  -1.16933244048  -1.13464301367
0.366666666667  0.166666666667  -0.533333333333  0.573670697713  6.55598307422e-06  0.426322746304  0.9  -0.2  0.147354507392     1.31119661484e-05  1240.0  9.35847254093  -1.1685560804   -1.13450584799
0.366666666667  0.166666666667  -0.533333333333  0.573947862359  6.27700507031e-06  0.426045860636  0.9  -0.2  0.147908278728     1.25540101406e-05  1250.0  9.2836047606   -1.16794888891  -1.13439716229
0.366666666667  0.166666666667  -0.533333333333  0.574331317624  7.11393908008e-06  0.425661568437  0.9  -0.2  0.148676863127     1.42278781602e-05  1260.0  9.20992535774  -1.16713251721  -1.13427218178
0.366666666667  0.166666666667  -0.533333333333  0.574632892846  9.6247411084e-06   0.425357482413  0.9  -0.2  0.149285035174     1.92494822168e-05  1270.0  9.13740626043  -1.16645159581  -1.1341376109
0.366666666667  0.166666666667  -0.533333333333  0.574934468067  8.64831809766e-06  0.425056883615  0.9  -0.2  0.14988623277      1.72966361953e-05  1280.0  9.06602027402  -1.16575593487  -1.13398341837
0.366666666667  0.166666666667  -0.533333333333  0.575216514828  9.48525210645e-06  0.42477399992   0.9  -0.2  0.150452000161     1.89705042129e-05  1290.0  8.99574104709  -1.16515248433  -1.13388882371
0.366666666667  0.166666666667  -0.533333333333  0.575439278764  1.1159120126e-05   0.424549562116  0.9  -0.2  0.150900875768     2.2318240252e-05   1300.0  8.92654303904  -1.16463520077  -1.13377485865
0.366666666667  0.166666666667  -0.533333333333  0.575939625812  1.00432081133e-05  0.42405033098   0.9  -0.2  0.151899338041     2.00864162266e-05  1310.0  8.85840148912  -1.16358313005  -1.13362185034
0.366666666667  0.166666666667  -0.533333333333  0.576183452587  1.03221861162e-05  0.423806225227  0.9  -0.2  0.152387549546     2.06443722324e-05  1320.0  8.79129238693  -1.16300277777  -1.13348077682
0.366666666667  0.166666666667  -0.533333333333  0.576453782272  1.54832791748e-05  0.423530734449  0.9  -0.2  0.152938531103     3.09665583496e-05  1330.0  8.72519244417  -1.16236576292  -1.13333758094
0.366666666667  0.166666666667  -0.533333333333  0.576819382945  1.64597021855e-05  0.423164157353  0.9  -0.2  0.153671685295     3.29194043711e-05  1340.0  8.66007906772  -1.16158186582  -1.13321313204
0.366666666667  0.166666666667  -0.533333333333  0.57714006816   1.61807241826e-05  0.422843751116  0.9  -0.2  0.154312497768     3.23614483652e-05  1350.0  8.59593033389  -1.16087333077  -1.1330814398
0.366666666667  0.166666666667  -0.533333333333  0.577420162075  2.00864162266e-05  0.422559751509  0.9  -0.2  0.154880496983     4.01728324531e-05  1360.0  8.53272496379  -1.16020321644  -1.13292096249
0.366666666667  0.166666666667  -0.533333333333  0.577657432867  1.8412548207e-05   0.422324154585  0.9  -0.2  0.15535169083      3.68250964141e-05  1370.0  8.47044229982  -1.15968049451  -1.13282298457
0.366666666667  0.166666666667  -0.533333333333  0.578103797672  1.71571471934e-05  0.421879045181  0.9  -0.2  0.156241909638     3.43142943867e-05  1380.0  8.40906228315  -1.15870646055  -1.1326506497
0.366666666667  0.166666666667  -0.533333333333  0.578411091942  1.67386801885e-05  0.421572169378  0.9  -0.2  0.156855661245     3.3477360377e-05   1390.0  8.34856543219  -1.15800870504  -1.13250543802
0.366666666667  0.166666666667  -0.533333333333  0.57859856516   2.27367072559e-05  0.421378698132  0.9  -0.2  0.157242603735     4.54734145117e-05  1400.0  8.28893282196  -1.15756533797  -1.13240791998
0.366666666667  0.166666666667  -0.533333333333  0.578872800537  2.30156852588e-05  0.421104183777  0.9  -0.2  0.157791632445     4.60313705176e-05  1410.0  8.23014606436  -1.15692589349  -1.13226248975
0.366666666667  0.166666666667  -0.533333333333  0.579154289343  1.91099932148e-05  0.420826600664  0.9  -0.2  0.158346798672     3.82199864297e-05  1420.0  8.17218728926  -1.15631467828  -1.13215248642
0.366666666667  0.166666666667  -0.533333333333  0.579456004053  2.65029102988e-05  0.420517493037  0.9  -0.2  0.158965013927     5.30058205977e-05  1430.0  8.1150391264   -1.1556646235   -1.1320558682
0.366666666667  0.166666666667  -0.533333333333  0.579648917342  3.3337871376e-05   0.420317744786  0.9  -0.2  0.159364510427     6.6675742752e-05   1440.0  8.05868468802  -1.15513229398  -1.13188035154
0.366666666667  0.166666666667  -0.533333333333  0.580110625937  2.91532013281e-05  0.419860220861  0.9  -0.2  0.160279558277     5.83064026562e-05  1450.0  8.00310755224  -1.15415654196  -1.13172981646
0.366666666667  0.166666666667  -0.533333333333  0.58041345656   3.6964585416e-05   0.419549578855  0.9  -0.2  0.16090084229      7.3929170832e-05   1460.0  7.94829174709  -1.15343785392  -1.13156715948
0.366666666667  0.166666666667  -0.533333333333  0.580644868813  3.47327613916e-05  0.419320398425  0.9  -0.2  0.16135920315      6.94655227832e-05  1470.0  7.8942217352   -1.15290369717  -1.13144642024
0.366666666667  0.166666666667  -0.533333333333  0.580961648336  4.65893265244e-05  0.418991762338  0.9  -0.2  0.162016475325     9.31786530488e-05  1480.0  7.84088239916  -1.15219020277  -1.13131972817
0.366666666667  0.166666666667  -0.533333333333  0.581238394515  4.71472825312e-05  0.418714458202  0.9  -0.2  0.162571083595     9.42945650625e-05  1490.0  7.78825902735  -1.15150670648  -1.13113515614
0.366666666667  0.166666666667  -0.533333333333  0.581376209649  4.51944365088e-05  0.418578595915  0.9  -0.2  0.16284280817      9.03888730176e-05  1500.0  7.7363373005   -1.15119394101  -1.13106772392
0.366666666667  0.166666666667  -0.533333333333  0.581789934027  4.28231234824e-05  0.418167242849  0.9  -0.2  0.163665514302     8.56462469648e-05  1510.0  7.68510327864  -1.15026417732  -1.13087934428
0.366666666667  0.166666666667  -0.533333333333  0.582016464166  5.14714415801e-05  0.417932064393  0.9  -0.2  0.164135871215     0.00010294288316   1520.0  7.63454338865  -1.14970367366  -1.13073870251
0.366666666667  0.166666666667  -0.533333333333  0.582120941428  6.05382266816e-05  0.417818520345  0.9  -0.2  0.164362959309     0.000121076453363  1530.0  7.58464441225  -1.14940937266  -1.13064515409
0.366666666667  0.166666666667  -0.533333333333  0.582531736538  5.81669136553e-05  0.417410096549  0.9  -0.2  0.165179806903     0.000116333827311  1540.0  7.53539347451  -1.14846737342  -1.1304392662
0.366666666667  0.166666666667  -0.533333333333  0.582807227316  5.88643586631e-05  0.417133908326  0.9  -0.2  0.165732183349     0.000117728717326  1550.0  7.48677803274  -1.14786778966  -1.13033654226
0.366666666667  0.166666666667  -0.533333333333  0.583107268158  5.64930456367e-05  0.416836238796  0.9  -0.2  0.166327522408     0.000112986091273  1560.0  7.43878586587  -1.14718545311  -1.13019095939
0.366666666667  0.166666666667  -0.533333333333  0.583398660682  6.54203417373e-05  0.416535918976  0.9  -0.2  0.166928162048     0.000130840683475  1570.0  7.39140506417  -1.14652806211  -1.13007057315
0.366666666667  0.166666666667  -0.533333333333  0.583636628919  7.51845718467e-05  0.416288186509  0.9  -0.2  0.167423626982     0.000150369143693  1580.0  7.34462401946  -1.14594212411  -1.1299266479
0.366666666667  0.166666666667  -0.533333333333  0.583877386936  8.1322087916e-05   0.416041290976  0.9  -0.2  0.167917418047     0.000162644175832  1590.0  7.29843141557  -1.14531976921  -1.12974624995
0.366666666667  0.166666666667  -0.533333333333  0.58424145323   7.96482198975e-05  0.41567889855   0.9  -0.2  0.1686422029       0.000159296439795  1600.0  7.25281621922  -1.14451993753  -1.12959939418
0.366666666667  0.166666666667  -0.533333333333  0.584401726093  8.62042029707e-05  0.415512069704  0.9  -0.2  0.168975860591     0.000172408405941  1610.0  7.20776767127  -1.14409332741  -1.12947045359
0.366666666667  0.166666666667  -0.533333333333  0.584679588184  8.80175599912e-05  0.415232394256  0.9  -0.2  0.169535211488     0.000176035119982  1620.0  7.16327527824  -1.14346240854  -1.12934222519
0.366666666667  0.166666666667  -0.533333333333  0.584830794262  9.55499660762e-05  0.415073655772  0.9  -0.2  0.169852688455     0.000191099932152  1630.0  7.11932880414  -1.14310920301  -1.12927173597
0.366666666667  0.166666666667  -0.533333333333  0.585204764275  0.000100432081131  0.414694803644  0.9  -0.2  0.170610392712     0.000200864162262  1640.0  7.07591826265  -1.14217269705  -1.12901521099
0.366666666667  0.166666666667  -0.533333333333  0.585444964335  0.000114241492287  0.414440794172  0.9  -0.2  0.171118411655     0.000228482984574  1650.0  7.03303390954  -1.14159358498  -1.1288877922
0.366666666667  0.166666666667  -0.533333333333  0.585541630214  0.000115217915298  0.414343151871  0.9  -0.2  0.171313696258     0.000230435830596  1660.0  6.99066623539  -1.14134196333  -1.12881153613
0.366666666667  0.166666666667  -0.533333333333  0.585955215103  0.000120518497357  0.413924266399  0.9  -0.2  0.172151467201     0.000241036994715  1670.0  6.94880595853  -1.14039485066  -1.12861629707
0.366666666667  0.166666666667  -0.533333333333  0.586311330524  0.000130143238466  0.413558526237  0.9  -0.2  0.172882947525     0.000260286476932  1680.0  6.9074440183   -1.13954226218  -1.12841819099
0.366666666667  0.166666666667  -0.533333333333  0.586570919556  0.000125121634409  0.413303958809  0.9  -0.2  0.173392082381     0.000250243268818  1690.0  6.86657156849  -1.13895379802  -1.12828995684
0.366666666667  0.166666666667  -0.533333333333  0.586740956649  0.000134467397515  0.413124575953  0.9  -0.2  0.173750848093     0.000268934795029  1700.0  6.82617997103  -1.13848558805  -1.12814089771
0.366666666667  0.166666666667  -0.533333333333  0.586921315928  0.00013669922154   0.41294198485   0.9  -0.2  0.174116030299     0.00027339844308   1710.0  6.78626078991  -1.13807063525  -1.12805371616
0.366666666667  0.166666666667  -0.533333333333  0.587102372652  0.000153856368733  0.412743770979  0.9  -0.2  0.174512458042     0.000307712737467  1720.0  6.74680578532  -1.13754068666  -1.12787368968
0.366666666667  0.166666666667  -0.533333333333  0.587496289593  0.000154693302742  0.412349017105  0.9  -0.2  0.175301965791     0.000309386605484  1730.0  6.70780690795  -1.13665823933  -1.12770146455
0.366666666667  0.166666666667  -0.533333333333  0.587673859092  0.000182451614055  0.412143689294  0.9  -0.2  0.175712621411     0.000364903228109  1740.0  6.66925629353  -1.13607165999  -1.12747337195
0.366666666667  0.166666666667  -0.533333333333  0.587934564035  0.000173803295958  0.411891632669  0.9  -0.2  0.176216734663     0.000347606591916  1750.0  6.63114625757  -1.13553678643  -1.12739565964
0.366666666667  0.166666666667  -0.533333333333  0.588260968299  0.000167665779889  0.411571365921  0.9  -0.2  0.176857268158     0.000335331559777  1760.0  6.5934692902   -1.13480709448  -1.12724490285
0.366666666667  0.166666666667  -0.533333333333  0.588573981619  0.000185799350093  0.411240219031  0.9  -0.2  0.177519561938     0.000371598700186  1770.0  6.55621805127  -1.13403065992  -1.12705727926
0.366666666667  0.166666666667  -0.533333333333  0.588661162245  0.00018998402014   0.411148853735  0.9  -0.2  0.17770229253      0.000379968040279  1780.0  6.51938536559  -1.13374770754  -1.12693711054
0.366666666667  0.166666666667  -0.533333333333  0.588921867189  0.000193052778175  0.410885080033  0.9  -0.2  0.178229839934     0.00038610555635   1790.0  6.4829642183   -1.13315022655  -1.12681319471
0.366666666667  0.166666666667  -0.533333333333  0.588961761043  0.000220811089487  0.410817427867  0.9  -0.2  0.178365144265     0.000441622178975  1800.0  6.44694775042  -1.13288072784  -1.12665436657
0.366666666667  0.166666666667  -0.533333333333  0.589419842924  0.000215510507428  0.410364646568  0.9  -0.2  0.179270706863     0.000431021014855  1810.0  6.41132925456  -1.13191918297  -1.12650994828
0.366666666667  0.166666666667  -0.533333333333  0.589624333801  0.000224716781531  0.410150949418  0.9  -0.2  0.179698101164     0.000449433563063  1820.0  6.37610217074  -1.13135865605  -1.12633039371
0.366666666667  0.166666666667  -0.533333333333  0.589933441428  0.000248987867805  0.409817570704  0.9  -0.2  0.180364858592     0.000497975735609  1830.0  6.34126008238  -1.13053631091  -1.12609842183
0.366666666667  0.166666666667  -0.533333333333  0.590059957952  0.00026461063598   0.409675431412  0.9  -0.2  0.180649137177     0.000529221271961  1840.0  6.30679671236  -1.130171682    -1.12598339453
0.366666666667  0.166666666667  -0.533333333333  0.590414260016  0.000274793333096  0.40931094665   0.9  -0.2  0.181378106699     0.000549586666191  1850.0  6.27270591932  -1.12929590829  -1.12575962032
0.366666666667  0.166666666667  -0.533333333333  0.590530035888  0.000261820855949  0.409208143256  0.9  -0.2  0.181583713487     0.000523641711898  1860.0  6.23898169395  -1.12905694304  -1.12571089017
0.366666666667  0.166666666667  -0.533333333333  0.590785021783  0.000291671502285  0.408923306715  0.9  -0.2  0.18215338657      0.00058334300457   1870.0  6.20561815548  -1.12834002604  -1.12549473869
0.366666666667  0.166666666667  -0.533333333333  0.591021176662  0.000289579167262  0.40868924417   0.9  -0.2  0.182621511659     0.000579158334523  1880.0  6.17260954827  -1.12780044901  -1.12537731117
0.366666666667  0.166666666667  -0.533333333333  0.591185913173  0.000296832595344  0.408517254232  0.9  -0.2  0.182965491537     0.000593665190688  1890.0  6.13995023849  -1.12740848481  -1.12529202749
0.366666666667  0.166666666667  -0.533333333333  0.591567973548  0.000316361055563  0.408115665396  0.9  -0.2  0.183768669208     0.000632722111127  1900.0  6.10763471092  -1.12642160053  -1.12502019173
0.366666666667  0.166666666667  -0.533333333333  0.591674682635  0.000325427840666  0.407999889525  0.9  -0.2  0.184000220951     0.000650855681332  1910.0  6.07565756584  -1.12610349024  -1.12490685129
0.366666666667  0.166666666667  -0.533333333333  0.591904002553  0.000342027031853  0.407753970415  0.9  -0.2  0.18449205917      0.000684054063705  1920.0  6.04401351602  -1.12544964647  -1.12468902225
0.366666666667  0.166666666667  -0.533333333333  0.592197626902  0.000367414030139  0.407434959068  0.9  -0.2  0.185130081863     0.000734828060277  1930.0  6.01269738381  -1.12468470184  -1.12448814324
0.366666666667  0.166666666667  -0.533333333333  0.592430852512  0.000360579069062  0.407208568419  0.9  -0.2  0.185582863162     0.000721158138123  1940.0  5.98170409833  -1.1241728015   -1.12438648005
0.366666666667  0.166666666667  -0.533333333333  0.592607585077  0.000401309857521  0.406991105065  0.9  -0.2  0.186017789869     0.000802619715041  1950.0  5.95102869269  -1.12357348923  -1.12416230951
0.366666666667  0.166666666667  -0.533333333333  0.592732427734  0.000387221468361  0.406880350798  0.9  -0.2  0.186239298404     0.000774442936723  1960.0  5.9206663014   -1.12332943293  -1.12412324624
0.366666666667  0.166666666667  -0.533333333333  0.593068038271  0.000422651674761  0.406509310054  0.9  -0.2  0.186981379892     0.000845303349521  1970.0  5.89061215774  -1.12237131396  -1.12381882852
0.366666666667  0.166666666667  -0.533333333333  0.593314654826  0.000418606493715  0.40626673868   0.9  -0.2  0.18746652264      0.00083721298743   1980.0  5.86086159129  -1.12177046402  -1.12365622514
0.366666666667  0.166666666667  -0.533333333333  0.593569082765  0.000437437508928  0.405993479726  0.9  -0.2  0.188013040548     0.000874875017855  1990.0  5.8314100255   -1.12110313218  -1.123473227
0.366666666667  0.166666666667  -0.533333333333  0.593738422413  0.000457802903156  0.405803774684  0.9  -0.2  0.188392450632     0.000915605806312  2000.0  5.80225297537  -1.12055973715  -1.12326315489
0.366666666667  0.166666666667  -0.533333333333  0.593796868305  0.000465335309241  0.405737796386  0.9  -0.2  0.188524407228     0.000930670618482  2010.0  5.77338604515  -1.1204033692   -1.12322253491
0.366666666667  0.166666666667  -0.533333333333  0.594200967942  0.000503136828667  0.405295895229  0.9  -0.2  0.189408209541     0.00100627365733   2020.0  5.74480492611  -1.11934875842  -1.12294822561
0.366666666667  0.166666666667  -0.533333333333  0.594374910727  0.000505926608699  0.405119162664  0.9  -0.2  0.189761674671     0.0010118532174    2030.0  5.71650539446  -1.11891516213  -1.12283163202
0.366666666667  0.166666666667  -0.533333333333  0.594489291708  0.000560885275317  0.404949823016  0.9  -0.2  0.190100353967     0.00112177055063   2040.0  5.68848330919  -1.11835989951  -1.1225591973
0.366666666667  0.166666666667  -0.533333333333  0.594905666378  0.000543588639123  0.404550744983  0.9  -0.2  0.190898510034     0.00108717727825   2050.0  5.66073461012  -1.11742664221  -1.12235119912
0.366666666667  0.166666666667  -0.533333333333  0.594941096584  0.000567441258392  0.404491462157  0.9  -0.2  0.191017075686     0.00113488251678   2060.0  5.6332553159   -1.11724282635  -1.12226455129
0.366666666667  0.166666666667  -0.533333333333  0.595036925528  0.000613333139908  0.404349741332  0.9  -0.2  0.191300517337     0.00122666627982   2070.0  5.6060415221   -1.11678905137  -1.12204751705
0.366666666667  0.166666666667  -0.533333333333  0.595410756053  0.000612356716897  0.40397688723   0.9  -0.2  0.192046225539     0.00122471343379   2080.0  5.5790893994   -1.11594924369  -1.12187923732
0.366666666667  0.166666666667  -0.533333333333  0.595492775586  0.000615843941937  0.403891380472  0.9  -0.2  0.192217239055     0.00123168788387   2090.0  5.55239519175  -1.11573683309  -1.121819344
0.366666666667  0.166666666667  -0.533333333333  0.59583577904   0.000649181813313  0.403515039146  0.9  -0.2  0.192969921708     0.00129836362663   2100.0  5.52595521464  -1.11476344707  -1.12151003721
0.366666666667  0.166666666667  -0.533333333333  0.596064262025  0.000680008882659  0.403255729092  0.9  -0.2  0.193488541815     0.00136001776532   2110.0  5.49976585344  -1.11407115948  -1.12127217689
0.366666666667  0.166666666667  -0.533333333333  0.596271821659  0.000686564865733  0.403041613475  0.9  -0.2  0.19391677305      0.00137312973147   2120.0  5.47382356168  -1.1135679466   -1.12115174973
0.366666666667  0.166666666667  -0.533333333333  0.596397780228  0.000684751508713  0.402917468263  0.9  -0.2  0.194165063473     0.00136950301743   2130.0  5.44812485951  -1.11324509301  -1.12105308287
0.366666666667  0.166666666667  -0.533333333333  0.596627797591  0.000742081488358  0.40263012092   0.9  -0.2  0.19473975816      0.00148416297672   2140.0  5.42266633213  -1.11249497953  -1.12079726262
0.366666666667  0.166666666667  -0.533333333333  0.596806483002  0.000789647237895  0.40240386976   0.9  -0.2  0.195192260481     0.00157929447579   2150.0  5.39744462826  -1.11183440527  -1.12052491414
0.366666666667  0.166666666667  -0.533333333333  0.5970094395    0.000795226797957  0.402195333702  0.9  -0.2  0.195609332595     0.00159045359591   2160.0  5.37245645868  -1.11129645811  -1.12036010006
0.366666666667  0.166666666667  -0.533333333333  0.597263448972  0.000807362341094  0.401929188687  0.9  -0.2  0.196141622625     0.00161472468219   2170.0  5.34769859482  -1.11062499732  -1.12016284608
0.366666666667  0.166666666667  -0.533333333333  0.597143767408  0.000838886855449  0.402017345736  0.9  -0.2  0.195965308527     0.0016777737109    2180.0  5.32316786732  -1.11070598489  -1.12007254116
0.366666666667  0.166666666667  -0.533333333333  0.597592503526  0.00084865108556   0.401558845388  0.9  -0.2  0.196882309224     0.00169730217112   2190.0  5.29886116473  -1.10962826325  -1.11981621445
0.366666666667  0.166666666667  -0.533333333333  0.597755845147  0.000863715897729  0.401380438955  0.9  -0.2  0.19723912209      0.00172743179546   2200.0  5.27477543216  -1.10917408196  -1.11967713881
0.366666666667  0.166666666667  -0.533333333333  0.597965357627  0.000887150049993  0.401147492323  0.9  -0.2  0.197705015355     0.00177430009999   2210.0  5.25090767002  -1.10857450595  -1.11948749308
0.366666666667  0.166666666667  -0.533333333333  0.598122422243  0.000931089085487  0.400946488671  0.9  -0.2  0.198107022657     0.00186217817097   2220.0  5.22725493277  -1.10793761005  -1.11919482814
0.366666666667  0.166666666667  -0.533333333333  0.598464449275  0.000944340540637  0.400591210184  0.9  -0.2  0.198817579631     0.00188868108127   2230.0  5.20381432769  -1.10716989914  -1.11906131792
0.366666666667  0.166666666667  -0.533333333333  0.598581759525  0.000992882713184  0.400425357761  0.9  -0.2  0.199149284477     0.00198576542637   2240.0  5.18058301373  -1.10662713742  -1.11879767369
0.366666666667  0.166666666667  -0.533333333333  0.59884093009   0.0010119927064    0.400147077203  0.9  -0.2  0.199705845593     0.0020239854128    2250.0  5.15755820033  -1.10591175576  -1.11857555304
0.366666666667  0.166666666667  -0.533333333333  0.598873849495  0.00101952511248   0.400106625393  0.9  -0.2  0.199786749214     0.00203905022497   2260.0  5.13473714635  -1.10576178479  -1.11849538238
0.366666666667  0.166666666667  -0.533333333333  0.599194953176  0.00106778830703   0.399737258517  0.9  -0.2  0.200525482967     0.00213557661405   2270.0  5.11211715892  -1.10476935176  -1.11814850445
0.366666666667  0.166666666667  -0.533333333333  0.599439616885  0.00109666253035   0.399463720585  0.9  -0.2  0.201072558831     0.00219332506071   2280.0  5.08969559243  -1.10405087701  -1.11791084828
0.366666666667  0.166666666667  -0.533333333333  0.599576037129  0.00110154464541   0.399322418226  0.9  -0.2  0.201355163548     0.00220308929082   2290.0  5.06746984749  -1.10377169991  -1.11788406258
0.366666666667  0.166666666667  -0.533333333333  0.599528471379  0.00115022630696   0.399321302314  0.9  -0.2  0.201357395372     0.00230045261391   2300.0  5.04543736989  -1.10358359862  -1.11767849727
0.366666666667  0.166666666667  -0.533333333333  0.599855991555  0.00119430483145   0.398949703614  0.9  -0.2  0.202100592772     0.00238860966291   2310.0  5.02359564968  -1.10262221842  -1.11736836332
0.366666666667  0.166666666667  -0.533333333333  0.59987621746   0.00122290007677   0.398900882463  0.9  -0.2  0.202198235074     0.00244580015355   2320.0  5.00194222015  -1.1023811179   -1.11720370277
0.366666666667  0.166666666667  -0.533333333333  0.600188254357  0.00123698846593   0.398574757178  0.9  -0.2  0.202850485645     0.00247397693187   2330.0  4.98047465697  -1.1015866502   -1.11699062523
0.366666666667  0.166666666667  -0.533333333333  0.600462489734  0.00125972517319   0.398277785093  0.9  -0.2  0.203444429814     0.00251945034638   2340.0  4.95919057724  -1.10088203282  -1.11681146292
0.366666666667  0.166666666667  -0.533333333333  0.600525259784  0.00131984493287   0.398154895283  0.9  -0.2  0.203690209434     0.00263968986573   2350.0  4.93808763862  -1.1004054474   -1.11653203125
0.366666666667  0.166666666667  -0.533333333333  0.600802842897  0.00130756990073   0.397889587202  0.9  -0.2  0.204220825596     0.00261513980146   2360.0  4.91716353845  -1.09983361679  -1.1164426652
0.366666666667  0.166666666667  -0.533333333333  0.600914015632  0.00136350499036   0.397722479378  0.9  -0.2  0.204555041244     0.00272700998072   2370.0  4.89641601298  -1.09925664481  -1.11614411327
0.366666666667  0.166666666667  -0.533333333333  0.60112938665   0.00142320628303   0.397447407067  0.9  -0.2  0.205105185866     0.00284641256606   2380.0  4.87584283645  -1.0984743976   -1.1158331157
0.366666666667  0.166666666667  -0.533333333333  0.601281150684  0.00145347539637   0.39726537392   0.9  -0.2  0.20546925216      0.00290695079274   2390.0  4.8554418204   -1.09796929618  -1.1156435663
0.366666666667  0.166666666667  -0.533333333333  0.601429985449  0.00151192128803   0.397058093263  0.9  -0.2  0.205883813473     0.00302384257606   2400.0  4.83521081281  -1.09734230784  -1.11536630479
