#mu0            mu1              mu2             x0              x1                 x2              mua  mub   xa                 xb                 T       b              u               phi
0.566666666667  -0.833333333333  0.266666666667  0.5             0.0                0.5             0.3  -1.4  0.0                0.0                30.0    386.816865025  -1.31774118     -2.15107451333
0.566666666667  -0.833333333333  0.266666666667  0.5             0.0                0.5             0.3  -1.4  0.0                0.0                40.0    290.112648769  -1.31774118     -2.15107451333
0.566666666667  -0.833333333333  0.266666666667  0.5             0.0                0.5             0.3  -1.4  0.0                0.0                50.0    232.090119015  -1.31774118     -2.15107451333
0.566666666667  -0.833333333333  0.266666666667  0.5             0.0                0.5             0.3  -1.4  0.0                0.0                60.0    193.408432513  -1.31774118     -2.15107451333
0.566666666667  -0.833333333333  0.266666666667  0.5             0.0                0.5             0.3  -1.4  0.0                0.0                70.0    165.778656439  -1.31774118     -2.15107451333
0.566666666667  -0.833333333333  0.266666666667  0.5             0.0                0.5             0.3  -1.4  0.0                0.0                80.0    145.056324384  -1.31774118     -2.15107451333
0.566666666667  -0.833333333333  0.266666666667  0.5             0.0                0.5             0.3  -1.4  0.0                0.0                90.0    128.938955008  -1.31774118     -2.15107451333
0.566666666667  -0.833333333333  0.266666666667  0.5             0.0                0.5             0.3  -1.4  0.0                0.0                100.0   116.045059507  -1.31774118     -2.15107451333
0.566666666667  -0.833333333333  0.266666666667  0.5             0.0                0.5             0.3  -1.4  0.0                0.0                110.0   105.495508643  -1.31774118     -2.15107451333
0.566666666667  -0.833333333333  0.266666666667  0.5             0.0                0.5             0.3  -1.4  0.0                0.0                120.0   96.7042162563  -1.31774118     -2.15107451333
0.566666666667  -0.833333333333  0.266666666667  0.5             0.0                0.5             0.3  -1.4  0.0                0.0                130.0   89.2654303904  -1.31774118     -2.15107451333
0.566666666667  -0.833333333333  0.266666666667  0.5             0.0                0.5             0.3  -1.4  0.0                0.0                140.0   82.8893282196  -1.31774118     -2.15107451333
0.566666666667  -0.833333333333  0.266666666667  0.5             0.0                0.5             0.3  -1.4  0.0                0.0                150.0   77.363373005   -1.31774118     -2.15107451333
0.566666666667  -0.833333333333  0.266666666667  0.5             0.0                0.5             0.3  -1.4  0.0                0.0                160.0   72.5281621922  -1.31774118     -2.15107451333
0.566666666667  -0.833333333333  0.266666666667  0.5             0.0                0.5             0.3  -1.4  0.0                0.0                170.0   68.2617997103  -1.31774118     -2.15107451333
0.566666666667  -0.833333333333  0.266666666667  0.5             0.0                0.5             0.3  -1.4  0.0                0.0                180.0   64.4694775042  -1.31774118     -2.15107451333
0.566666666667  -0.833333333333  0.266666666667  0.5             0.0                0.5             0.3  -1.4  0.0                0.0                190.0   61.0763471092  -1.31774118     -2.15107451333
0.566666666667  -0.833333333333  0.266666666667  0.5             0.0                0.5             0.3  -1.4  0.0                0.0                200.0   58.0225297537  -1.31774118     -2.15107451333
0.566666666667  -0.833333333333  0.266666666667  0.5             0.0                0.5             0.3  -1.4  0.0                0.0                210.0   55.2595521464  -1.31774118     -2.15107451333
0.566666666667  -0.833333333333  0.266666666667  0.5             0.0                0.5             0.3  -1.4  0.0                0.0                220.0   52.7477543216  -1.31774118     -2.15107451333
0.566666666667  -0.833333333333  0.266666666667  0.5             0.0                0.5             0.3  -1.4  0.0                0.0                230.0   50.4543736989  -1.31774118     -2.15107451333
0.566666666667  -0.833333333333  0.266666666667  0.5             0.0                0.5             0.3  -1.4  0.0                0.0                240.0   48.3521081281  -1.31774118     -2.15107451333
0.566666666667  -0.833333333333  0.266666666667  0.5             0.0                0.5             0.3  -1.4  0.0                0.0                250.0   46.418023803   -1.31774118     -2.15107451333
0.566666666667  -0.833333333333  0.266666666667  0.5             0.0                0.5             0.3  -1.4  0.0                0.0                260.0   44.6327151952  -1.31774118     -2.15107451333
0.566666666667  -0.833333333333  0.266666666667  0.5             0.0                0.5             0.3  -1.4  0.0                0.0                270.0   42.9796516694  -1.31774118     -2.15107451333
0.566666666667  -0.833333333333  0.266666666667  0.5             0.0                0.5             0.3  -1.4  0.0                0.0                280.0   41.4446641098  -1.31774118     -2.15107451333
0.566666666667  -0.833333333333  0.266666666667  0.5             0.0                0.5             0.3  -1.4  0.0                0.0                290.0   40.0155377612  -1.31774118     -2.15107451333
0.566666666667  -0.833333333333  0.266666666667  0.5             0.0                0.5             0.3  -1.4  0.0                0.0                300.0   38.6816865025  -1.31774118     -2.15107451333
0.566666666667  -0.833333333333  0.266666666667  0.5             0.0                0.5             0.3  -1.4  0.0                0.0                310.0   37.4338901637  -1.31774118     -2.15107451333
0.566666666667  -0.833333333333  0.266666666667  0.5             0.0                0.5             0.3  -1.4  0.0                0.0                320.0   36.2640810961  -1.31774118     -2.15107451333
0.566666666667  -0.833333333333  0.266666666667  0.5             0.0                0.5             0.3  -1.4  0.0                0.0                330.0   35.1651695477  -1.31774118     -2.15107451333
0.566666666667  -0.833333333333  0.266666666667  0.5             0.0                0.5             0.3  -1.4  0.0                0.0                340.0   34.1308998551  -1.31774118     -2.15107451333
0.566666666667  -0.833333333333  0.266666666667  0.5             0.0                0.5             0.3  -1.4  0.0                0.0                350.0   33.1557312879  -1.31774118     -2.15107451333
0.566666666667  -0.833333333333  0.266666666667  0.5             0.0                0.5             0.3  -1.4  0.0                0.0                360.0   32.2347387521  -1.31774118     -2.15107451333
0.566666666667  -0.833333333333  0.266666666667  0.5             0.0                0.5             0.3  -1.4  0.0                0.0                370.0   31.3635295966  -1.31774118     -2.15107451333
0.566666666667  -0.833333333333  0.266666666667  0.5             0.0                0.5             0.3  -1.4  0.0                0.0                380.0   30.5381735546  -1.31774118     -2.15107451333
0.566666666667  -0.833333333333  0.266666666667  0.5             0.0                0.5             0.3  -1.4  0.0                0.0                390.0   29.7551434635  -1.31774118     -2.15107451333
0.566666666667  -0.833333333333  0.266666666667  0.5             0.0                0.5             0.3  -1.4  0.0                0.0                400.0   29.0112648769  -1.31774118     -2.15107451333
0.566666666667  -0.833333333333  0.266666666667  0.5             0.0                0.5             0.3  -1.4  0.0                0.0                410.0   28.3036730506  -1.31774118     -2.15107451333
0.566666666667  -0.833333333333  0.266666666667  0.5             0.0                0.5             0.3  -1.4  0.0                0.0                420.0   27.6297760732  -1.31774118     -2.15107451333
0.566666666667  -0.833333333333  0.266666666667  0.5             0.0                0.5             0.3  -1.4  0.0                0.0                430.0   26.9872231413  -1.31774118     -2.15107451333
0.566666666667  -0.833333333333  0.266666666667  0.5             0.0                0.5             0.3  -1.4  0.0                0.0                440.0   26.3738771608  -1.31774118     -2.15107451333
0.566666666667  -0.833333333333  0.266666666667  0.5             0.0                0.5             0.3  -1.4  0.0                0.0                450.0   25.7877910017  -1.31774118     -2.15107451333
0.566666666667  -0.833333333333  0.266666666667  0.5             0.0                0.5             0.3  -1.4  0.0                0.0                460.0   25.2271868495  -1.31774118     -2.15107451333
0.566666666667  -0.833333333333  0.266666666667  0.5             0.0                0.5             0.3  -1.4  0.0                0.0                470.0   24.6904381931  -1.31774118     -2.15107451333
0.566666666667  -0.833333333333  0.266666666667  0.5             0.0                0.5             0.3  -1.4  0.0                0.0                480.0   24.1760540641  -1.31774118     -2.15107451333
0.566666666667  -0.833333333333  0.266666666667  0.5             0.0                0.5             0.3  -1.4  0.0                0.0                490.0   23.6826652056  -1.31774118     -2.15107451333
0.566666666667  -0.833333333333  0.266666666667  0.5             0.0                0.5             0.3  -1.4  0.0                0.0                500.0   23.2090119015  -1.31774118     -2.15107451333
0.566666666667  -0.833333333333  0.266666666667  0.5             0.0                0.5             0.3  -1.4  0.0                0.0                510.0   22.7539332368  -1.31774118     -2.15107451333
0.566666666667  -0.833333333333  0.266666666667  0.5             0.0                0.5             0.3  -1.4  0.0                0.0                520.0   22.3163575976  -1.31774118     -2.15107451333
0.566666666667  -0.833333333333  0.266666666667  0.500000139489  0.0                0.499999860511  0.3  -1.4  2.78978003809e-07  0.0                530.0   21.8952942467  -1.31774089958  -2.15107431661
0.566666666667  -0.833333333333  0.266666666667  0.5             0.0                0.5             0.3  -1.4  0.0                0.0                540.0   21.4898258347  -1.31774118     -2.15107451333
0.566666666667  -0.833333333333  0.266666666667  0.5             0.0                0.5             0.3  -1.4  0.0                0.0                550.0   21.0991017286  -1.31774118     -2.15107451333
0.566666666667  -0.833333333333  0.266666666667  0.500000278978  0.0                0.499999721022  0.3  -1.4  5.57956005842e-07  0.0                560.0   20.7223320549  -1.31774061917  -2.15107411989
0.566666666667  -0.833333333333  0.266666666667  0.500000418467  0.0                0.499999581533  0.3  -1.4  8.36934009874e-07  0.0                570.0   20.3587823697  -1.31774033875  -2.15107392316
0.566666666667  -0.833333333333  0.266666666667  0.500000418467  0.0                0.499999581533  0.3  -1.4  8.36934009874e-07  0.0                580.0   20.0077688806  -1.31774033875  -2.15107392316
0.566666666667  -0.833333333333  0.266666666667  0.500000278978  0.0                0.499999721022  0.3  -1.4  5.57956005842e-07  0.0                590.0   19.6686541538  -1.31774061917  -2.15107411989
0.566666666667  -0.833333333333  0.266666666667  0.500000697445  0.0                0.499999302555  0.3  -1.4  1.39489001572e-06  0.0                600.0   19.3408432512  -1.31773977792  -2.15107352972
0.566666666667  -0.833333333333  0.266666666667  0.500000418467  0.0                0.499999581533  0.3  -1.4  8.36934009874e-07  0.0                610.0   19.0237802471  -1.31774033875  -2.15107392316
0.566666666667  -0.833333333333  0.266666666667  0.500001673868  0.0                0.499998326132  0.3  -1.4  3.34773603705e-06  0.0                620.0   18.7169450819  -1.317737815    -2.15107215265
0.566666666667  -0.833333333333  0.266666666667  0.500000418467  0.0                0.499999581533  0.3  -1.4  8.36934009874e-07  0.0                630.0   18.4198507155  -1.31774033875  -2.15107392316
0.566666666667  -0.833333333333  0.266666666667  0.500001673868  0.0                0.499998326132  0.3  -1.4  3.34773603705e-06  0.0                640.0   18.132040548   -1.317737815    -2.15107215265
0.566666666667  -0.833333333333  0.266666666667  0.500001673868  0.0                0.499998326132  0.3  -1.4  3.34773603705e-06  0.0                650.0   17.8530860781  -1.317737815    -2.15107215265
0.566666666667  -0.833333333333  0.266666666667  0.500001813357  0.0                0.499998186643  0.3  -1.4  3.62671404108e-06  0.0                660.0   17.5825847739  -1.31773753458  -2.15107195593
0.566666666667  -0.833333333333  0.266666666667  0.500000697445  0.0                0.499999302555  0.3  -1.4  1.39489001572e-06  0.0                670.0   17.3201581354  -1.31773977792  -2.15107352972
0.566666666667  -0.833333333333  0.266666666667  0.500003208247  0.0                0.499996791753  0.3  -1.4  6.41649407218e-06  0.0                680.0   17.0654499276  -1.31773473042  -2.1510699887
0.566666666667  -0.833333333333  0.266666666667  0.500003068758  0.0                0.499996931242  0.3  -1.4  6.13751606826e-06  0.0                690.0   16.8181245663  -1.31773501083  -2.15107018542
0.566666666667  -0.833333333333  0.266666666667  0.500004742626  0.0                0.499995257374  0.3  -1.4  9.48525210731e-06  0.0                700.0   16.5778656439  -1.31773164583  -2.15106782474
0.566666666667  -0.833333333333  0.266666666667  0.500005021604  0.0                0.499994978396  0.3  -1.4  1.00432081132e-05  0.0                710.0   16.3443745785  -1.317731085    -2.1510674313
0.566666666667  -0.833333333333  0.266666666667  0.500005998027  0.0                0.499994001973  0.3  -1.4  1.19960541348e-05  0.0                720.0   16.117369376   -1.31772912208  -2.15106605423
0.566666666667  -0.833333333333  0.266666666667  0.500006834961  0.0                0.499993165039  0.3  -1.4  1.36699221542e-05  0.0                730.0   15.8965834942  -1.31772743958  -2.15106487389
0.566666666667  -0.833333333333  0.266666666667  0.500007253428  0.0                0.499992746572  0.3  -1.4  1.45068561642e-05  0.0                740.0   15.6817647983  -1.31772659833  -2.15106428372
0.566666666667  -0.833333333333  0.266666666667  0.500013251455  0.0                0.499986748545  0.3  -1.4  2.65029102988e-05  0.0                750.0   15.472674601   -1.31771454042  -2.15105582462
0.566666666667  -0.833333333333  0.266666666667  0.500009345763  0.0                0.499990654237  0.3  -1.4  1.8691526211e-05   0.0                760.0   15.2690867773  -1.31772239208  -2.15106133287
0.566666666667  -0.833333333333  0.266666666667  0.500014088389  0.0                0.499985911611  0.3  -1.4  2.81767783175e-05  0.0                770.0   15.070786949   -1.31771285792  -2.15105464428
0.566666666667  -0.833333333333  0.266666666667  0.500009624741  0.0                0.499990375259  0.3  -1.4  1.92494822169e-05  0.0                780.0   14.8775717317  -1.31772183125  -2.15106093943
0.566666666667  -0.833333333333  0.266666666667  0.500018970504  0.0                0.499981029496  0.3  -1.4  3.79410084276e-05  0.0                790.0   14.6892480389  -1.31770304333  -2.15104775897
0.566666666667  -0.833333333333  0.266666666667  0.500016180724  0.0                0.499983819276  0.3  -1.4  3.23614483654e-05  0.0                800.0   14.5056324384  -1.31770865167  -2.15105169343
0.566666666667  -0.833333333333  0.266666666667  0.500020783861  0.0                0.499979216139  0.3  -1.4  4.15677224687e-05  0.0                810.0   14.3265505565  -1.31769939792  -2.15104520157
0.566666666667  -0.833333333333  0.266666666667  0.500030129624  0.0                0.499969870376  0.3  -1.4  6.02592486789e-05  0.0                820.0   14.1518365253  -1.31768061     -2.15103202111
0.566666666667  -0.833333333333  0.266666666667  0.500024131597  0.0                0.499975868403  0.3  -1.4  4.82631945431e-05  0.0                830.0   13.9813324708  -1.31769266792  -2.15104048021
0.566666666667  -0.833333333333  0.266666666667  0.500026363421  0.0                0.499973636579  0.3  -1.4  5.27268425938e-05  0.0                840.0   13.8148880366  -1.31768818125  -2.15103733263
0.566666666667  -0.833333333333  0.266666666667  0.500036406629  0.0                0.499963593371  0.3  -1.4  7.28132588205e-05  0.0                850.0   13.6523599421  -1.31766799368  -2.151023171
0.566666666667  -0.833333333333  0.266666666667  0.500035988162  0.0                0.499964011838  0.3  -1.4  7.19763248105e-05  0.0                860.0   13.4936115706  -1.3176688325   -2.15102375873
0.566666666667  -0.833333333333  0.266666666667  0.500045752393  0.0                0.499954247607  0.3  -1.4  9.15047850312e-05  0.0                870.0   13.3385125871  -1.31764920333  -2.1510099881
0.566666666667  -0.833333333333  0.266666666667  0.500044915459  0.0                0.499955084541  0.3  -1.4  8.98309170116e-05  0.0                880.0   13.1869385804  -1.31765088583  -2.15101116844
0.566666666667  -0.833333333333  0.266666666667  0.500055098156  0.0                0.499944901844  0.3  -1.4  0.000110196311241  0.0                890.0   13.0387707312  -1.31763043236  -2.15099682458
0.566666666667  -0.833333333333  0.266666666667  0.500054121733  0.0                0.499945878267  0.3  -1.4  0.000108243465219  0.0                900.0   12.8938955008  -1.31763238352  -2.15099818989
0.566666666667  -0.833333333333  0.266666666667  0.500058166914  0.0                0.499941833086  0.3  -1.4  0.00011633382731   0.0                910.0   12.7522043415  -1.31762424806  -2.15099248154
0.566666666667  -0.833333333333  0.266666666667  0.500073789682  0.0                0.499926210318  0.3  -1.4  0.000147579363662  0.0                920.0   12.6135934247  -1.31759284135  -2.15097044849
0.566666666667  -0.833333333333  0.266666666667  0.500078532308  0.0                0.499921467692  0.3  -1.4  0.000157064615769  0.0                930.0   12.4779633879  -1.31758331002  -2.15096376274
0.566666666667  -0.833333333333  0.266666666667  0.500078113841  0.0                0.499921886159  0.3  -1.4  0.00015622768176   0.0                940.0   12.3452190965  -1.31758414629  -2.15096434793
0.566666666667  -0.833333333333  0.266666666667  0.500090946829  0.0                0.499909053171  0.3  -1.4  0.000181893658049  0.0                950.0   12.2152694218  -1.3175583524   -2.15094625383
0.566666666667  -0.833333333333  0.266666666667  0.500101687482  0.0                0.499898312518  0.3  -1.4  0.000203374964291  0.0                960.0   12.088027032   -1.31753670431  -2.15093105014
0.566666666667  -0.833333333333  0.266666666667  0.500110475289  0.0                0.499889524711  0.3  -1.4  0.000220950578488  0.0                970.0   11.9634081967  -1.31751908716  -2.15091870567
0.566666666667  -0.833333333333  0.266666666667  0.50011591536   0.0                0.49988408464   0.3  -1.4  0.000231830720611  0.0                980.0   11.8413326028  -1.31750816489  -2.15091104744
0.566666666667  -0.833333333333  0.266666666667  0.50013125915   0.0                0.49986874085   0.3  -1.4  0.000262518300957  0.0                990.0   11.7217231826  -1.31747730176  -2.15088939059
0.566666666667  -0.833333333333  0.266666666667  0.500136420244  0.0                0.499863579756  0.3  -1.4  0.000272840487074  0.0                1000.0  11.6045059507  -1.31746694213  -2.15088212761
0.566666666667  -0.833333333333  0.266666666667  0.500150229655  0.0                0.499849770345  0.3  -1.4  0.000300459309385  0.0                1010.0  11.4896098522  -1.31743918465  -2.15086265578
0.566666666667  -0.833333333333  0.266666666667  0.500156646149  0.0                0.499843353851  0.3  -1.4  0.000313292297529  0.0                1020.0  11.3769666184  -1.31742629483  -2.15085361585
0.566666666667  -0.833333333333  0.266666666667  0.500176593076  0.0                0.499823406924  0.3  -1.4  0.000353186151979  0.0                1030.0  11.2665106318  -1.31738619697  -2.15082548615
0.566666666667  -0.833333333333  0.266666666667  0.500182312125  0.0                0.499817687875  0.3  -1.4  0.000364624250107  0.0                1040.0  11.1581787988  -1.3173746885   -2.15081740911
0.566666666667  -0.833333333333  0.266666666667  0.500213139194  0.0                0.499786860806  0.3  -1.4  0.000426278388801  0.0                1050.0  11.0519104293  -1.31731274048  -2.15077395733
0.566666666667  -0.833333333333  0.266666666667  0.500216347441  0.0                0.499783652559  0.3  -1.4  0.000432694882873  0.0                1060.0  10.9476471233  -1.31730623252  -2.15076937431
0.566666666667  -0.833333333333  0.266666666667  0.500233225611  0.0                0.499766774389  0.3  -1.4  0.000466451221254  0.0                1070.0  10.8453326643  -1.31727231019  -2.15074557889
0.566666666667  -0.833333333333  0.266666666667  0.500262936768  0.0                0.499737063232  0.3  -1.4  0.000525873535924  0.0                1080.0  10.7449129174  -1.31721263395  -2.15070372935
0.566666666667  -0.833333333333  0.266666666667  0.500289718656  0.0                0.499710281344  0.3  -1.4  0.000579437312527  0.0                1090.0  10.6463357346  -1.31715882127  -2.1506659858
0.566666666667  -0.833333333333  0.266666666667  0.500284557563  0.0                0.499715442437  0.3  -1.4  0.00056911512641   0.0                1100.0  10.5495508643  -1.31716918713  -2.150673255
0.566666666667  -0.833333333333  0.266666666667  0.500318732369  0.0                0.499681267631  0.3  -1.4  0.00063746473718   0.0                1110.0  10.4545098655  -1.31710050923  -2.15062508199
0.566666666667  -0.833333333333  0.266666666667  0.500319150836  0.0                0.499680849164  0.3  -1.4  0.00063830167119   0.0                1120.0  10.3611660275  -1.31709963078  -2.15062445461
0.566666666667  -0.833333333333  0.266666666667  0.500353744108  0.0                0.499646255892  0.3  -1.4  0.000707488215969  0.0                1130.0  10.2694742927  -1.31703000758  -2.15057558738
0.566666666667  -0.833333333333  0.266666666667  0.500387779424  0.0                0.499612220576  0.3  -1.4  0.000775558848736  0.0                1140.0  10.1793911849  -1.31696177261  -2.15052777359
0.566666666667  -0.833333333333  0.266666666667  0.500401449347  0.0                0.499598550653  0.3  -1.4  0.000802898693044  0.0                1150.0  10.0908747398  -1.31693413568  -2.15050833862
0.566666666667  -0.833333333333  0.266666666667  0.500417490582  0.0                0.499582509418  0.3  -1.4  0.000834981163404  0.0                1160.0  10.0038844403  -1.31690196751  -2.15048579519
0.566666666667  -0.833333333333  0.266666666667  0.500441622179  0.0                0.499558377821  0.3  -1.4  0.000883244357949  0.0                1170.0  9.91838115449  -1.31685349402  -2.15045180066
0.566666666667  -0.833333333333  0.266666666667  0.500509274345  0.0                0.499490725655  0.3  -1.4  0.00101854868947   0.0                1180.0  9.83432707691  -1.31671741264  -2.15035631058
0.566666666667  -0.833333333333  0.266666666667  0.500495185956  0.0                0.499504814044  0.3  -1.4  0.000990371911156  0.0                1190.0  9.7516856729   -1.31674584351  -2.15037628842
0.566666666667  -0.833333333333  0.266666666667  0.500538706524  0.0                0.499461293476  0.3  -1.4  0.00107741304814   0.0                1200.0  9.67042162562  -1.31665820603  -2.15031476328
0.566666666667  -0.833333333333  0.266666666667  0.500597710372  0.0                0.499402289628  0.3  -1.4  0.00119542074346   0.0                1210.0  9.59050078574  -1.31653960459  -2.15023156414
0.566666666667  -0.833333333333  0.266666666667  0.500588504098  0.0                0.499411495902  0.3  -1.4  0.00117700819526   0.0                1220.0  9.51189012357  -1.31655819469  -2.15024463048
0.566666666667  -0.833333333333  0.266666666667  0.500642207363  0.0                0.499357792637  0.3  -1.4  0.00128441472647   0.0                1230.0  9.43455768354  -1.31645005245  -2.1501687102
0.566666666667  -0.833333333333  0.266666666667  0.500721018649  0.0                0.499278981351  0.3  -1.4  0.00144203729824   0.0                1240.0  9.35847254093  -1.31629169481  -2.15005763933
0.566666666667  -0.833333333333  0.266666666667  0.500712370331  0.0                0.499287629669  0.3  -1.4  0.00142474066205   0.0                1250.0  9.2836047606   -1.31630926952  -2.15007002505
0.566666666667  -0.833333333333  0.266666666667  0.500761609949  0.0                0.499238390051  0.3  -1.4  0.00152321989716   0.0                1260.0  9.20992535774  -1.31621028099  -2.15000058029
0.566666666667  -0.833333333333  0.266666666667  0.500769421333  0.0                0.499230578667  0.3  -1.4  0.00153884266533   0.0                1270.0  9.13740626043  -1.31619464553  -2.14998963166
0.566666666667  -0.833333333333  0.266666666667  0.500812244456  0.0                0.499187755544  0.3  -1.4  0.0016244889123    0.0                1280.0  9.06602027402  -1.31610840614  -2.14992908615
0.566666666667  -0.833333333333  0.266666666667  0.500874456551  0.0                0.499125543449  0.3  -1.4  0.0017489131017    0.0                1290.0  8.99574104709  -1.31598333401  -2.14984134127
0.566666666667  -0.833333333333  0.266666666667  0.50090388873   0.0                0.49909611127   0.3  -1.4  0.00180777746036   0.0                1300.0  8.92654303904  -1.31592400509  -2.14979967167
0.566666666667  -0.833333333333  0.266666666667  0.500932065508  0.0                0.499067934492  0.3  -1.4  0.001864131017     0.0                1310.0  8.85840148912  -1.31586746944  -2.14976004208
0.566666666667  -0.833333333333  0.266666666667  0.501023988761  0.0                0.498976011239  0.3  -1.4  0.00204797752107   0.0                1320.0  8.79129238693  -1.31568273369  -2.14963046028
0.566666666667  -0.833333333333  0.266666666667  0.501087456256  0.0                0.498912543744  0.3  -1.4  0.0021749125125    0.0                1330.0  8.72519244417  -1.31555520892  -2.149541016
0.566666666667  -0.833333333333  0.266666666667  0.501097638953  0.0                0.498902361047  0.3  -1.4  0.00219527790673   0.0                1340.0  8.66007906772  -1.31553464099  -2.14952655769
0.566666666667  -0.833333333333  0.266666666667  0.501164733163  0.0                0.498835266837  0.3  -1.4  0.00232946632624   0.0                1350.0  8.59593033389  -1.31539972599  -2.14943189922
0.566666666667  -0.833333333333  0.266666666667  0.501226805769  0.0                0.498773194231  0.3  -1.4  0.00245361153764   0.0                1360.0  8.53272496379  -1.3152752036   -2.1493446204
0.566666666667  -0.833333333333  0.266666666667  0.501257911816  0.0                0.498742088184  0.3  -1.4  0.00251582363234   0.0                1370.0  8.47044229982  -1.31521217074  -2.14930025117
0.566666666667  -0.833333333333  0.266666666667  0.501325703471  0.0                0.498674296529  0.3  -1.4  0.00265140694187   0.0                1380.0  8.40906228315  -1.31507592859  -2.14920468401
0.566666666667  -0.833333333333  0.266666666667  0.501361133677  0.0                0.498638866323  0.3  -1.4  0.00272226735466   0.0                1390.0  8.34856543219  -1.31500499422  -2.14915500776
0.566666666667  -0.833333333333  0.266666666667  0.50144873277   0.0                0.49855126723   0.3  -1.4  0.00289746554064   0.0                1400.0  8.28893282196  -1.31482862995  -2.14903120295
0.566666666667  -0.833333333333  0.266666666667  0.501503133481  0.0                0.498496866519  0.3  -1.4  0.00300626696186   0.0                1410.0  8.23014606436  -1.31471957314  -2.14895478656
0.566666666667  -0.833333333333  0.266666666667  0.501573296449  0.0                0.498426703551  0.3  -1.4  0.00314659289744   0.0                1420.0  8.17218728926  -1.31457840834  -2.14885571955
0.566666666667  -0.833333333333  0.266666666667  0.501580828855  0.0                0.498419171145  0.3  -1.4  0.00316165770961   0.0                1430.0  8.1150391264   -1.31456276559  -2.14884459623
0.566666666667  -0.833333333333  0.266666666667  0.501713203917  0.0                0.498286796083  0.3  -1.4  0.0034264078346    0.0                1440.0  8.05868468802  -1.31429682636  -2.14865808205
0.566666666667  -0.833333333333  0.266666666667  0.501765372804  0.0                0.498234627196  0.3  -1.4  0.00353074560777   0.0                1450.0  8.00310755224  -1.31419220568  -2.14858476269
0.566666666667  -0.833333333333  0.266666666667  0.501823400229  0.0                0.498176599771  0.3  -1.4  0.00364680045708   0.0                1460.0  7.94829174709  -1.31407524679  -2.14850262026
0.566666666667  -0.833333333333  0.266666666667  0.501852692919  0.0                0.498147307081  0.3  -1.4  0.00370538583774   0.0                1470.0  7.8942217352   -1.31401700924  -2.14846195833
0.566666666667  -0.833333333333  0.266666666667  0.501976140685  0.0                0.498023859315  0.3  -1.4  0.00395228137052   0.0                1480.0  7.84088239916  -1.31376834313  -2.14828736087
0.566666666667  -0.833333333333  0.266666666667  0.502014779139  0.0                0.497985220861  0.3  -1.4  0.00402955827739   0.0                1490.0  7.78825902735  -1.31369107721  -2.14823327803
0.566666666667  -0.833333333333  0.266666666667  0.502061926421  0.0                0.497938073579  0.3  -1.4  0.00412385284245   0.0                1500.0  7.7363373005   -1.3135953161   -2.14816580528
0.566666666667  -0.833333333333  0.266666666667  0.502174912512  0.0                0.497825087488  0.3  -1.4  0.004349825025     0.0                1510.0  7.68510327864  -1.31336882212  -2.14800710296
0.566666666667  -0.833333333333  0.266666666667  0.502295291521  0.0                0.497704708479  0.3  -1.4  0.00459058304171   0.0                1520.0  7.63454338865  -1.31312677414  -2.14783728238
0.566666666667  -0.833333333333  0.266666666667  0.50235276099   0.0                0.49764723901   0.3  -1.4  0.004705521979     0.0                1530.0  7.58464441225  -1.31301071833  -2.14775570826
0.566666666667  -0.833333333333  0.266666666667  0.502411764837  0.0                0.497588235163  0.3  -1.4  0.00482352967433   0.0                1540.0  7.53539347451  -1.31289294086  -2.14767333309
0.566666666667  -0.833333333333  0.266666666667  0.50250075882   0.0                0.49749924118   0.3  -1.4  0.00500151764034   0.0                1550.0  7.48677803274  -1.31271276611  -2.14754655473
0.566666666667  -0.833333333333  0.266666666667  0.502569805876  0.0                0.497430194124  0.3  -1.4  0.00513961175189   0.0                1560.0  7.43878586587  -1.3125737547   -2.14744897156
0.566666666667  -0.833333333333  0.266666666667  0.50265587059   0.0                0.49734412941   0.3  -1.4  0.00531174117983   0.0                1570.0  7.39140506417  -1.31240108536  -2.14732794105
0.566666666667  -0.833333333333  0.266666666667  0.502715013927  0.0                0.497284986073  0.3  -1.4  0.00543002785316   0.0                1580.0  7.34462401946  -1.31228297278  -2.14724531447
0.566666666667  -0.833333333333  0.266666666667  0.502872775987  0.0                0.497127224013  0.3  -1.4  0.00574555197472   0.0                1590.0  7.29843141557  -1.31196438897  -2.14702138789
0.566666666667  -0.833333333333  0.266666666667  0.502863290735  0.0                0.497136709265  0.3  -1.4  0.0057265814705    0.0                1600.0  7.25281621922  -1.31198411256  -2.14703542034
0.566666666667  -0.833333333333  0.266666666667  0.503073221683  0.0                0.496926778317  0.3  -1.4  0.00614644336523   0.0                1610.0  7.20776767127  -1.31156165169  -2.14673891803
0.566666666667  -0.833333333333  0.266666666667  0.503133480931  0.0                0.496866519069  0.3  -1.4  0.00626696186259   0.0                1620.0  7.16327527824  -1.31144001612  -2.14665343801
0.566666666667  -0.833333333333  0.266666666667  0.503198343317  0.0                0.496801656683  0.3  -1.4  0.00639668663405   0.0                1630.0  7.11932880414  -1.31131082779  -2.14656316711
0.566666666667  -0.833333333333  0.266666666667  0.503270877598  1.39489001953e-07  0.496728982913  0.3  -1.4  0.00654203417369   2.78978003906e-07  1640.0  7.07591826265  -1.31116418398  -2.146459737
0.566666666667  -0.833333333333  0.266666666667  0.503429476593  0.0                0.496570523407  0.3  -1.4  0.00685895318526   0.0                1650.0  7.03303390954  -1.31084511115  -2.14623613044
0.566666666667  -0.833333333333  0.266666666667  0.503544694508  0.0                0.496455305492  0.3  -1.4  0.00708938901586   0.0                1660.0  6.99066623539  -1.31061311529  -2.14607326533
0.566666666667  -0.833333333333  0.266666666667  0.503638291628  0.0                0.496361708372  0.3  -1.4  0.00727658325596   0.0                1670.0  6.94880595853  -1.31042492279  -2.1459412311
0.566666666667  -0.833333333333  0.266666666667  0.503706362261  0.0                0.496293637739  0.3  -1.4  0.0074127245215    0.0                1680.0  6.9074440183   -1.31028910011  -2.1458462508
0.566666666667  -0.833333333333  0.266666666667  0.503819487841  0.0                0.496180512159  0.3  -1.4  0.00763897568204   0.0                1690.0  6.86657156849  -1.31005922598  -2.14568425202
0.566666666667  -0.833333333333  0.266666666667  0.503893138034  0.0                0.496106861966  0.3  -1.4  0.0077862760677    0.0                1700.0  6.82617997103  -1.30991291096  -2.14558212711
0.566666666667  -0.833333333333  0.266666666667  0.504078379428  0.0                0.495921620572  0.3  -1.4  0.00815675885588   0.0                1710.0  6.78626078991  -1.3095390152   -2.14531937619
0.566666666667  -0.833333333333  0.266666666667  0.504148263418  2.7897800293e-07   0.495851457604  0.3  -1.4  0.00829708479146   5.57956005859e-07  1720.0  6.74680578532  -1.30939834373  -2.14522002137
0.566666666667  -0.833333333333  0.266666666667  0.504326390873  2.7897800293e-07   0.495673330149  0.3  -1.4  0.00865333970147   5.57956005859e-07  1730.0  6.70780690795  -1.30904007262  -2.14496862673
0.566666666667  -0.833333333333  0.266666666667  0.504381907495  0.0                0.495618092505  0.3  -1.4  0.00876381499071   0.0                1740.0  6.66925629353  -1.30892794331  -2.14489042114
0.566666666667  -0.833333333333  0.266666666667  0.504490150961  0.0                0.495509849039  0.3  -1.4  0.00898030192115   0.0                1750.0  6.63114625757  -1.30871123222  -2.14473865613
0.566666666667  -0.833333333333  0.266666666667  0.504658095718  0.0                0.495341904282  0.3  -1.4  0.00931619143694   0.0                1760.0  6.5934692902   -1.30837424897  -2.14450243973
0.566666666667  -0.833333333333  0.266666666667  0.504803861725  0.0                0.495196138275  0.3  -1.4  0.00960772345022   0.0                1770.0  6.55621805127  -1.30807955818  -2.14429520855
0.566666666667  -0.833333333333  0.266666666667  0.504832038503  0.0                0.495167961497  0.3  -1.4  0.00966407700686   0.0                1780.0  6.51938536559  -1.30802036039  -2.14425291683
0.566666666667  -0.833333333333  0.266666666667  0.504986313339  0.0                0.495013686661  0.3  -1.4  0.00997262667833   0.0                1790.0  6.4829642183   -1.30771179952  -2.14403692086
0.566666666667  -0.833333333333  0.266666666667  0.505103344611  0.0                0.494896655389  0.3  -1.4  0.010206689223     0.0                1800.0  6.44694775042  -1.3074744917   -2.1438698318
0.566666666667  -0.833333333333  0.266666666667  0.505261943606  0.0                0.494738056394  0.3  -1.4  0.0105238872125    0.0                1810.0  6.41132925456  -1.30715837355  -2.14364887305
0.566666666667  -0.833333333333  0.266666666667  0.505370047582  2.7897800293e-07   0.49462967344   0.3  -1.4  0.010740653121     5.57956005859e-07  1820.0  6.37610217074  -1.30693768735  -2.14349243548
0.566666666667  -0.833333333333  0.266666666667  0.505467550395  0.0                0.494532449605  0.3  -1.4  0.0109351007892    0.0                1830.0  6.34126008238  -1.30673963591  -2.14335349948
0.566666666667  -0.833333333333  0.266666666667  0.505599228012  1.39489001953e-07  0.494400632499  0.3  -1.4  0.0111987350021    2.78978003906e-07  1840.0  6.30679671236  -1.30647712323  -2.14316968649
0.566666666667  -0.833333333333  0.266666666667  0.505664648354  2.7897800293e-07   0.494335072668  0.3  -1.4  0.0113298546636    5.57956005859e-07  1850.0  6.27270591932  -1.30634470979  -2.14307621839
0.566666666667  -0.833333333333  0.266666666667  0.505809995893  0.0                0.494190004107  0.3  -1.4  0.0116199917869    0.0                1860.0  6.23898169395  -1.30605326827  -2.14287259914
0.566666666667  -0.833333333333  0.266666666667  0.506028156692  1.39489001953e-07  0.493971703819  0.3  -1.4  0.0120565923618    2.78978003906e-07  1870.0  6.20561815548  -1.30561308421  -2.14256300468
0.566666666667  -0.833333333333  0.266666666667  0.506134447311  0.0                0.493865552689  0.3  -1.4  0.0122688946222    0.0                1880.0  6.17260954827  -1.30539900044  -2.14241300216
0.566666666667  -0.833333333333  0.266666666667  0.506267938286  0.0                0.493732061714  0.3  -1.4  0.0125358765712    0.0                1890.0  6.13995023849  -1.3051293862   -2.1422234825
0.566666666667  -0.833333333333  0.266666666667  0.506413704292  1.39489001953e-07  0.493586156219  0.3  -1.4  0.0128276875625    2.78978003906e-07  1900.0  6.10763471092  -1.30483603049  -2.14201727953
0.566666666667  -0.833333333333  0.266666666667  0.506502279808  5.57956005859e-07  0.493497162236  0.3  -1.4  0.0130056755285    1.11591201172e-06  1910.0  6.07565756584  -1.30465416198  -2.14188763569
0.566666666667  -0.833333333333  0.266666666667  0.506602293422  0.0                0.493397706578  0.3  -1.4  0.0132045868447    0.0                1920.0  6.04401351602  -1.30445555764  -2.14175026703
0.566666666667  -0.833333333333  0.266666666667  0.506925070972  0.0                0.493074929028  0.3  -1.4  0.013850141944     0.0                1930.0  6.01269738381  -1.30380459244  -2.14129296836
0.566666666667  -0.833333333333  0.266666666667  0.506927442285  6.97445007813e-07  0.49307186027   0.3  -1.4  0.0138562794601    1.39489001563e-06  1940.0  5.98170409833  -1.303798634    -2.14128689833
0.566666666667  -0.833333333333  0.266666666667  0.507170990082  0.0                0.492829009918  0.3  -1.4  0.0143419801635    0.0                1950.0  5.95102869269  -1.30330686901  -2.14094279639
0.566666666667  -0.833333333333  0.266666666667  0.507228041083  0.0                0.492771958917  0.3  -1.4  0.0144560821668    0.0                1960.0  5.9206663014   -1.30319523157  -2.14086538955
0.566666666667  -0.833333333333  0.266666666667  0.507471449391  4.18467004883e-07  0.492528132142  0.3  -1.4  0.0149437357163    8.36934009766e-07  1970.0  5.89061215774  -1.30270148382  -2.14051676616
0.566666666667  -0.833333333333  0.266666666667  0.507458337425  2.7897800293e-07   0.492541383597  0.3  -1.4  0.014917232806     5.57956005859e-07  1980.0  5.86086159129  -1.30272789979  -2.14053562182
0.566666666667  -0.833333333333  0.266666666667  0.507719460836  6.97445007813e-07  0.492279841719  0.3  -1.4  0.0154403165619    1.39489001563e-06  1990.0  5.8314100255   -1.30219883459  -2.14016231005
0.566666666667  -0.833333333333  0.266666666667  0.507812221022  1.39489001953e-07  0.492187639489  0.3  -1.4  0.015624721022     2.78978003906e-07  2000.0  5.80225297537  -1.30201344951  -2.14003380858
0.566666666667  -0.833333333333  0.266666666667  0.508019083211  2.7897800293e-07   0.491980637811  0.3  -1.4  0.0160387243787    5.57956005859e-07  2010.0  5.77338604515  -1.301597255    -2.1397414245
0.566666666667  -0.833333333333  0.266666666667  0.508173776514  9.76423010742e-07  0.491825247063  0.3  -1.4  0.0163495058742    1.95284602148e-06  2020.0  5.74480492611  -1.30128150236  -2.13951695347
0.566666666667  -0.833333333333  0.266666666667  0.508262631008  4.18467004883e-07  0.491736950525  0.3  -1.4  0.0165260989502    8.36934009766e-07  2030.0  5.71650539446  -1.30110692247  -2.13939691378
0.566666666667  -0.833333333333  0.266666666667  0.508478002026  4.18467004883e-07  0.491521579506  0.3  -1.4  0.016956840987     8.36934009766e-07  2040.0  5.68848330919  -1.30067135104  -2.13909056496
0.566666666667  -0.833333333333  0.266666666667  0.50858094491   6.97445007813e-07  0.491418357645  0.3  -1.4  0.0171632847093    1.39489001563e-06  2050.0  5.66073461012  -1.30046053005  -2.13894089595
0.566666666667  -0.833333333333  0.266666666667  0.508824074239  1.67386801855e-06  0.491174251893  0.3  -1.4  0.0176514962148    3.34773603711e-06  2060.0  5.6332553159   -1.29996779688  -2.13859189225
0.566666666667  -0.833333333333  0.266666666667  0.508985881481  6.97445007813e-07  0.491013421074  0.3  -1.4  0.0179731578524    1.39489001563e-06  2070.0  5.6060415221   -1.29964752091  -2.13837084875
0.566666666667  -0.833333333333  0.266666666667  0.509090358743  6.97445007813e-07  0.490908943812  0.3  -1.4  0.0181821123768    1.39489001563e-06  2080.0  5.5790893994   -1.29943244713  -2.13821846133
0.566666666667  -0.833333333333  0.266666666667  0.50927378678   9.76423010742e-07  0.490725236797  0.3  -1.4  0.0185495264069    1.95284602148e-06  2090.0  5.55239519175  -1.29905941396  -2.13795487123
0.566666666667  -0.833333333333  0.266666666667  0.509419273809  6.97445007813e-07  0.490580028746  0.3  -1.4  0.0188399425082    1.39489001563e-06  2100.0  5.52595521464  -1.29877003333  -2.13775339657
0.566666666667  -0.833333333333  0.266666666667  0.509673004303  1.1159120127e-06   0.490325879785  0.3  -1.4  0.0193482404299    2.23182402539e-06  2110.0  5.49976585344  -1.29825653837  -2.13739121927
0.566666666667  -0.833333333333  0.266666666667  0.509705644729  8.36934009766e-07  0.490293518337  0.3  -1.4  0.0194129633267    1.67386801953e-06  2120.0  5.47382356168  -1.29818357644  -2.13733845535
0.566666666667  -0.833333333333  0.266666666667  0.50995142435   4.18467004883e-07  0.490048157183  0.3  -1.4  0.0199036856342    8.36934009766e-07  2130.0  5.44812485951  -1.29769222845  -2.13699549577
0.566666666667  -0.833333333333  0.266666666667  0.510173490841  6.97445007813e-07  0.489825811714  0.3  -1.4  0.0203483765712    1.39489001563e-06  2140.0  5.42266633213  -1.29724885413  -2.13668474759
0.566666666667  -0.833333333333  0.266666666667  0.510337669395  1.67386801855e-06  0.489660656737  0.3  -1.4  0.0206786865269    3.34773603711e-06  2150.0  5.39744462826  -1.29690784735  -2.13644009981
0.566666666667  -0.833333333333  0.266666666667  0.510449260597  1.39489001953e-07  0.489550599914  0.3  -1.4  0.0208988001714    2.78978003906e-07  2160.0  5.37245645868  -1.29668775088  -2.1362903337
0.566666666667  -0.833333333333  0.266666666667  0.510512867581  9.76423010742e-07  0.489486155996  0.3  -1.4  0.0210276880089    1.95284602148e-06  2170.0  5.34769859482  -1.29655277147  -2.13619167722
0.566666666667  -0.833333333333  0.266666666667  0.510824486011  9.76423010742e-07  0.489174537566  0.3  -1.4  0.0216509248679    1.95284602148e-06  2180.0  5.32316786732  -1.29592330467  -2.13574918148
0.566666666667  -0.833333333333  0.266666666667  0.510849175564  1.67386801855e-06  0.489149150568  0.3  -1.4  0.0217016988644    3.34773603711e-06  2190.0  5.29886116473  -1.29587060799  -2.13570976415
0.566666666667  -0.833333333333  0.266666666667  0.511200827337  1.95284602246e-06  0.488797219817  0.3  -1.4  0.0224055603664    3.90569204492e-06  2200.0  5.27477543216  -1.29515962135  -2.13520915483
0.566666666667  -0.833333333333  0.266666666667  0.511357473486  1.39489001563e-06  0.488641131624  0.3  -1.4  0.0227177367519    2.78978003125e-06  2210.0  5.25090767002  -1.29484577797  -2.13499052663
0.566666666667  -0.833333333333  0.266666666667  0.511374770122  5.57956005859e-07  0.488624671922  0.3  -1.4  0.0227506561563    1.11591201172e-06  2220.0  5.22725493277  -1.29481454921  -2.13497151711
0.566666666667  -0.833333333333  0.266666666667  0.511651376812  1.95284602246e-06  0.488346670342  0.3  -1.4  0.0233066593165    3.90569204492e-06  2230.0  5.20381432769  -1.29424449328  -2.13456435644
0.566666666667  -0.833333333333  0.266666666667  0.511708288325  1.67386801855e-06  0.488290037807  0.3  -1.4  0.0234199243858    3.34773603711e-06  2240.0  5.18058301373  -1.29413238533  -2.13448700915
0.566666666667  -0.833333333333  0.266666666667  0.511895901032  1.39489001563e-06  0.488102704078  0.3  -1.4  0.023794591844     2.78978003125e-06  2250.0  5.15755820033  -1.29375146895  -2.13421927415
0.566666666667  -0.833333333333  0.266666666667  0.512146004812  1.81335702051e-06  0.487852181831  0.3  -1.4  0.0242956363377    3.62671404102e-06  2260.0  5.13473714635  -1.29324168518  -2.13385863201
0.566666666667  -0.833333333333  0.266666666667  0.512376998598  1.1159120127e-06   0.48762188549   0.3  -1.4  0.0247562290209    2.23182402539e-06  2270.0  5.11211715892  -1.2927885481   -2.13354562558
0.566666666667  -0.833333333333  0.266666666667  0.51253462117   1.67386801855e-06  0.487463704962  0.3  -1.4  0.0250725900764    3.34773603711e-06  2280.0  5.08969559243  -1.2924594111   -2.13330983463
0.566666666667  -0.833333333333  0.266666666667  0.512694615055  2.09233502344e-06  0.48730329261   0.3  -1.4  0.02539341478      4.18467004688e-06  2290.0  5.06746984749  -1.29213482625  -2.13308032548
0.566666666667  -0.833333333333  0.266666666667  0.512991866117  9.76423010742e-07  0.48700715746   0.3  -1.4  0.0259856850807    1.95284602148e-06  2300.0  5.04543736989  -1.29154348101  -2.13266978588
0.566666666667  -0.833333333333  0.266666666667  0.513126473004  1.95284602246e-06  0.48687157415   0.3  -1.4  0.0262568516998    3.90569204492e-06  2310.0  5.02359564968  -1.29125487471  -2.13245979558
0.566666666667  -0.833333333333  0.266666666667  0.513337101396  8.36934009766e-07  0.48666206167   0.3  -1.4  0.0266758766605    1.67386801953e-06  2320.0  5.00194222015  -1.29083903633  -2.13217278924
0.566666666667  -0.833333333333  0.266666666667  0.513476590398  2.37131302637e-06  0.486521038289  0.3  -1.4  0.0269579234217    4.74262605273e-06  2330.0  4.98047465697  -1.29055228519  -2.13196635587
0.566666666667  -0.833333333333  0.266666666667  0.513613429108  4.0451810459e-06   0.486382525711  0.3  -1.4  0.0272349485788    8.0903620918e-06   2340.0  4.95919057724  -1.29026662278  -2.13175911418
0.566666666667  -0.833333333333  0.266666666667  0.513832984797  2.9292690332e-06   0.486164085934  0.3  -1.4  0.0276718281317    5.85853806641e-06  2350.0  4.93808763862  -1.28982003361  -2.13144671343
0.566666666667  -0.833333333333  0.266666666667  0.51408685478   2.09233502344e-06  0.485911052885  0.3  -1.4  0.0281778942294    4.18467004688e-06  2360.0  4.91716353845  -1.289303092    -2.13108393507
0.566666666667  -0.833333333333  0.266666666667  0.514154506945  2.23182402539e-06  0.485843261231  0.3  -1.4  0.0283134775389    4.46364805078e-06  2370.0  4.89641601298  -1.28916882378  -2.13098995127
0.566666666667  -0.833333333333  0.266666666667  0.514377549859  3.20824703613e-06  0.485619241894  0.3  -1.4  0.028761516212     6.41649407227e-06  2380.0  4.87584283645  -1.28871269561  -2.13066550072
0.566666666667  -0.833333333333  0.266666666667  0.514493046752  1.67386801855e-06  0.48550527938   0.3  -1.4  0.0289894412405    3.34773603711e-06  2390.0  4.8554418204   -1.28849063307  -2.13051611195
0.566666666667  -0.833333333333  0.266666666667  0.514685402085  2.23182402539e-06  0.485312366091  0.3  -1.4  0.0293752678189    4.46364805078e-06  2400.0  4.83521081281  -1.2880946414   -2.13023430597
