#mu0             mu1             mu2              x0              x1                 x2              mua   mub  xa                  xb                 T       b              u               phi
-0.333333333333  0.566666666667  -0.233333333333  0.5             0.0                0.5             -0.1  0.9  0.0                 0.0                30.0    386.816865025  -1.31774118     -0.751074513333
-0.333333333333  0.566666666667  -0.233333333333  0.5             0.0                0.5             -0.1  0.9  0.0                 0.0                40.0    290.112648769  -1.31774118     -0.751074513333
-0.333333333333  0.566666666667  -0.233333333333  0.5             0.0                0.5             -0.1  0.9  0.0                 0.0                50.0    232.090119015  -1.31774118     -0.751074513333
-0.333333333333  0.566666666667  -0.233333333333  0.5             0.0                0.5             -0.1  0.9  0.0                 0.0                60.0    193.408432513  -1.31774118     -0.751074513333
-0.333333333333  0.566666666667  -0.233333333333  0.5             0.0                0.5             -0.1  0.9  0.0                 0.0                70.0    165.778656439  -1.31774118     -0.751074513333
-0.333333333333  0.566666666667  -0.233333333333  0.5             0.0                0.5             -0.1  0.9  0.0                 0.0                80.0    145.056324384  -1.31774118     -0.751074513333
-0.333333333333  0.566666666667  -0.233333333333  0.5             0.0                0.5             -0.1  0.9  0.0                 0.0                90.0    128.938955008  -1.31774118     -0.751074513333
-0.333333333333  0.566666666667  -0.233333333333  0.5             0.0                0.5             -0.1  0.9  0.0                 0.0                100.0   116.045059507  -1.31774118     -0.751074513333
-0.333333333333  0.566666666667  -0.233333333333  0.499999721022  2.7897800293e-07   0.5             -0.1  0.9  8.59441979932e-18   5.57956005859e-07  110.0   105.495508643  -1.317740589    -0.751074424493
-0.333333333333  0.566666666667  -0.233333333333  0.5             0.0                0.5             -0.1  0.9  0.0                 0.0                120.0   96.7042162563  -1.31774118     -0.751074513333
-0.333333333333  0.566666666667  -0.233333333333  0.499999581533  4.18467004883e-07  0.5             -0.1  0.9  5.70836678978e-17   8.36934009766e-07  130.0   89.2654303904  -1.3177402935   -0.751074380073
-0.333333333333  0.566666666667  -0.233333333333  0.499997768176  2.23182402539e-06  0.5             -0.1  0.9  2.34789062649e-17   4.46364805078e-06  140.0   82.8893282196  -1.317736452    -0.751073802612
-0.333333333333  0.566666666667  -0.233333333333  0.499997907665  2.09233502344e-06  0.5             -0.1  0.9  -2.50103418336e-17  4.18467004688e-06  150.0   77.363373005   -1.3177367475   -0.751073847032
-0.333333333333  0.566666666667  -0.233333333333  0.49999581533   4.18467004688e-06  0.5             -0.1  0.9  -5.00206836672e-17  8.36934009375e-06  160.0   72.5281621922  -1.31773231499  -0.751073180731
-0.333333333333  0.566666666667  -0.233333333333  0.499991351682  8.64831809766e-06  0.5             -0.1  0.9  -3.06287113727e-18  1.72966361953e-05  170.0   68.2617997103  -1.31772285898  -0.751071759289
-0.333333333333  0.566666666667  -0.233333333333  0.499986609056  1.33909441504e-05  0.5             -0.1  0.9  -3.58955622387e-17  2.67818883008e-05  180.0   64.4694775042  -1.31771281197  -0.751070249007
-0.333333333333  0.566666666667  -0.233333333333  0.499970288843  2.9711157335e-05   0.5             -0.1  0.9  -5.27193306371e-18  5.94223146699e-05  190.0   61.0763471092  -1.31767823674  -0.751065050153
-0.333333333333  0.566666666667  -0.233333333333  0.499954108118  4.58918815166e-05  0.5             -0.1  0.9  -5.01443504775e-19  9.17837630332e-05  200.0   58.0225297537  -1.31764397447  -0.75105991319
-0.333333333333  0.566666666667  -0.233333333333  0.499916446088  8.35539119414e-05  0.5             -0.1  0.9  -7.45117943041e-17  0.000167107823883  210.0   55.2595521464  -1.31756421302  -0.751047943398
-0.333333333333  0.566666666667  -0.233333333333  0.499883108217  0.000116891783316  0.5             -0.1  0.9  -1.33356867216e-17  0.000233783566633  220.0   52.7477543216  -1.31749362296  -0.7510373615
-0.333333333333  0.566666666667  -0.233333333333  0.49982954444   0.00017045555992   0.5             -0.1  0.9  1.98408997565e-17   0.00034091111984   230.0   50.4543736989  -1.31738026708  -0.751020420425
-0.333333333333  0.566666666667  -0.233333333333  0.499781141757  0.000218858243465  0.5             -0.1  0.9  5.14182880301e-17   0.00043771648693   240.0   48.3521081281  -1.31727784158  -0.751005119747
-0.333333333333  0.566666666667  -0.233333333333  0.499656159611  0.000343840388873  0.5             -0.1  0.9  1.78351257374e-17   0.000687680777746  250.0   46.418023803   -1.31701343958  -0.750965685609
-0.333333333333  0.566666666667  -0.233333333333  0.499557261909  0.000442738090987  0.5             -0.1  0.9  3.33392168039e-17   0.000885476181975  260.0   44.6327151952  -1.316804068    -0.750934329896
-0.333333333333  0.566666666667  -0.233333333333  0.499418191374  0.000581808625554  0.5             -0.1  0.9  -8.15320033709e-17  0.00116361725111   270.0   42.9796516694  -1.31651015995  -0.750890748813
-0.333333333333  0.566666666667  -0.233333333333  0.499270890989  0.000729109011213  0.5             -0.1  0.9  -3.43692088678e-17  0.00145821802243   280.0   41.4446641098  -1.31619906622  -0.750844795771
-0.333333333333  0.566666666667  -0.233333333333  0.499081604414  0.000918395586345  0.5             -0.1  0.9  -4.02239005992e-17  0.00183679117269   290.0   40.0155377612  -1.31579917294  -0.750785618331
-0.333333333333  0.566666666667  -0.233333333333  0.49881810969   0.00118189031031   0.5             -0.1  0.9  3.8814437775e-17    0.00236378062062   300.0   38.6816865025  -1.31524326034  -0.750703996231
-0.333333333333  0.566666666667  -0.233333333333  0.49857358547   0.00142641453007   0.5             -0.1  0.9  7.2424705122e-17    0.00285282906013   310.0   37.4338901637  -1.31472729665  -0.750628176134
-0.333333333333  0.566666666667  -0.233333333333  0.498235045663  0.00176495433688   0.5             -0.1  0.9  1.75640751943e-17   0.00352990867376   320.0   36.2640810961  -1.31401478394  -0.750525035078
-0.333333333333  0.566666666667  -0.233333333333  0.497863586452  0.00213641354806   0.5             -0.1  0.9  7.762887555e-17     0.00427282709613   330.0   35.1651695477  -1.31323261754  -0.75041149526
-0.333333333333  0.566666666667  -0.233333333333  0.497467437687  0.00253256231253   0.5             -0.1  0.9  6.85215773011e-17   0.00506512462505   340.0   34.1308998551  -1.31239992257  -0.750291868066
-0.333333333333  0.566666666667  -0.233333333333  0.49689985694   0.00310014305992   0.5             -0.1  0.9  1.99493199737e-17   0.00620028611984   350.0   33.1557312879  -1.31120855156  -0.750122142402
-0.333333333333  0.566666666667  -0.233333333333  0.496385282013  0.00361471798672   0.5             -0.1  0.9  -4.46691295064e-17  0.00722943597343   360.0   32.2347387521  -1.31013007052  -0.749969896225
-0.333333333333  0.566666666667  -0.233333333333  0.495767485225  0.00423251477467   0.5             -0.1  0.9  1.56125112838e-17   0.00846502954935   370.0   31.3635295966  -1.30883574455  -0.74978760448
-0.333333333333  0.566666666667  -0.233333333333  0.495050511757  0.00494948824275   0.5             -0.1  0.9  -1.12757025938e-17  0.0098989764855    380.0   30.5381735546  -1.30733788601  -0.749580298185
-0.333333333333  0.566666666667  -0.233333333333  0.494262956854  0.00573704314562   0.5             -0.1  0.9  3.46944695195e-18   0.0114740862912    390.0   29.7551434635  -1.30569612332  -0.749356134319
-0.333333333333  0.566666666667  -0.233333333333  0.493555468638  0.00644453136159   0.5             -0.1  0.9  -2.34187669257e-17  0.0128890627232    400.0   29.0112648769  -1.30421984994  -0.749153339719
-0.333333333333  0.566666666667  -0.233333333333  0.492400360216  0.0075996397836    0.5             -0.1  0.9  -2.42861286637e-17  0.0151992795672    410.0   28.3036730506  -1.3018210706   -0.748833755546
-0.333333333333  0.566666666667  -0.233333333333  0.491461459747  0.00853854025318   0.5             -0.1  0.9  5.03069808033e-17   0.0170770805064    420.0   27.6297760732  -1.29987640448  -0.748579110266
-0.333333333333  0.566666666667  -0.233333333333  0.490292681403  0.00970731859734   0.5             -0.1  0.9  2.25514051877e-17   0.0194146371947    430.0   26.9872231413  -1.29746428042  -0.748270787231
-0.333333333333  0.566666666667  -0.233333333333  0.488859850379  0.0111401496215    0.5             -0.1  0.9  -4.33680868994e-17  0.022280299243     440.0   26.3738771608  -1.29450762478  -0.747893227435
-0.333333333333  0.566666666667  -0.233333333333  0.487459520292  0.0125404797083    0.5             -0.1  0.9  7.8062556419e-17    0.0250809594165    450.0   25.7877910017  -1.29163540699  -0.747541603801
-0.333333333333  0.566666666667  -0.233333333333  0.486200353075  0.0137996469254    0.5             -0.1  0.9  6.93889390391e-18   0.0275992938509    460.0   25.2271868495  -1.28904977919  -0.747222476991
-0.333333333333  0.566666666667  -0.233333333333  0.484372349709  0.015627650291     0.5             -0.1  0.9  7.97972798949e-17   0.0312553005821    470.0   24.6904381931  -1.28532426935  -0.746787373209
-0.333333333333  0.566666666667  -0.233333333333  0.482709222343  0.0172907776568    0.5             -0.1  0.9  -6.93889390391e-18  0.0345815553135    480.0   24.1760540641  -1.28193801882  -0.746394751934
-0.333333333333  0.566666666667  -0.233333333333  0.481056277675  0.0189437223254    0.5             -0.1  0.9  -4.85722573274e-17  0.0378874446508    490.0   23.6826652056  -1.27858341812  -0.746015451639
-0.333333333333  0.566666666667  -0.233333333333  0.478980681331  0.0210193186688    0.5             -0.1  0.9  -3.46944695195e-18  0.0420386373375    500.0   23.2090119015  -1.27440141011  -0.745569517046
-0.333333333333  0.566666666667  -0.233333333333  0.477108878419  0.0228911215808    0.5             -0.1  0.9  -1.73472347598e-17  0.0457822431617    510.0   22.7539332368  -1.27063173747  -0.74516908965
-0.333333333333  0.566666666667  -0.233333333333  0.475224800475  0.0247751995251    0.5             -0.1  0.9  3.46944695195e-17   0.0495503990501    520.0   22.3163575976  -1.26684672076  -0.744775413235
-0.333333333333  0.566666666667  -0.233333333333  0.406630665485  0.0933693345147    0.5             -0.1  0.9  -5.55111512313e-17  0.186738669029     530.0   21.8952942467  -1.15215924104  -0.7535573765
-0.333333333333  0.566666666667  -0.233333333333  0.376207277309  0.123792722691     0.5             -0.1  0.9  6.93889390391e-17   0.247585445383     540.0   21.4898258347  -1.10153796214  -0.757698196313
-0.333333333333  0.566666666667  -0.233333333333  0.376255122036  0.123744877964     0.5             -0.1  0.9  -5.55111512313e-17  0.247489755928     550.0   21.0991017286  -1.10160394203  -0.757678055699
-0.333333333333  0.566666666667  -0.233333333333  0.376368108127  0.123631891873     0.5             -0.1  0.9  1.38777878078e-17   0.247263783745     560.0   20.7223320549  -1.10175711382  -0.75762785252
-0.333333333333  0.566666666667  -0.233333333333  0.376536471352  0.123463528648     0.5             -0.1  0.9  8.32667268469e-17   0.246927057295     570.0   20.3587823697  -1.10198889022  -0.757556575122
-0.333333333333  0.566666666667  -0.233333333333  0.376692699034  0.123307300966     0.5             -0.1  0.9  2.77555756156e-17   0.246614601932     580.0   20.0077688806  -1.10220311148  -0.757489586549
-0.333333333333  0.566666666667  -0.233333333333  0.376855064232  0.123144935768     0.5             -0.1  0.9  1.38777878078e-17   0.246289871536     590.0   19.6686541538  -1.10242503718  -0.757419254891
-0.333333333333  0.566666666667  -0.233333333333  0.376970840103  0.123029159897     0.5             -0.1  0.9  4.16333634234e-17   0.246058319794     600.0   19.3408432512  -1.10258364228  -0.757369463423
-0.333333333333  0.566666666667  -0.233333333333  0.377154965585  0.122845034415     0.5             -0.1  0.9  6.93889390391e-17   0.245690068829     610.0   19.0237802471  -1.10283833877  -0.757292734048
-0.333333333333  0.566666666667  -0.233333333333  0.377304637284  0.122695362716     0.5             -0.1  0.9  4.16333634234e-17   0.245390725432     620.0   18.7169450819  -1.10304268867  -0.757227674889
-0.333333333333  0.566666666667  -0.233333333333  0.377449287379  0.122550712621     0.5             -0.1  0.9  -1.38777878078e-17  0.245101425243     630.0   18.4198507155  -1.10324278839  -0.75716740444
-0.333333333333  0.566666666667  -0.233333333333  0.377625740966  0.122374259034     0.5             -0.1  0.9  -6.93889390391e-17  0.244748518069     640.0   18.132040548   -1.10348417652  -0.757091176114
-0.333333333333  0.566666666667  -0.233333333333  0.377844878187  0.122155121813     0.5             -0.1  0.9  1.38777878078e-17   0.244310243626     650.0   17.8530860781  -1.10378191956  -0.756994472156
-0.333333333333  0.566666666667  -0.233333333333  0.378150219611  0.121849780389     0.5             -0.1  0.9  -5.55111512313e-17  0.243699560777     660.0   17.5825847739  -1.10420302865  -0.756865966684
-0.333333333333  0.566666666667  -0.233333333333  0.378257347165  0.121742652835     0.5             -0.1  0.9  -4.16333634234e-17  0.243485305671     670.0   17.3201581354  -1.1043526856   -0.756822794037
-0.333333333333  0.566666666667  -0.233333333333  0.378507311456  0.121492688544     0.5             -0.1  0.9  2.77555756156e-17   0.242985377089     680.0   17.0654499276  -1.10468818891  -0.756708361628
-0.333333333333  0.566666666667  -0.233333333333  0.378710965398  0.121289034602     0.5             -0.1  0.9  2.77555756156e-17   0.242578069204     690.0   16.8181245663  -1.10497209     -0.756625685616
-0.333333333333  0.566666666667  -0.233333333333  0.378971530853  0.121028469147     0.5             -0.1  0.9  -8.32667268469e-17  0.242056938295     700.0   16.5778656439  -1.10533019971  -0.756514777507
-0.333333333333  0.566666666667  -0.233333333333  0.379153285022  0.120846714978     0.5             -0.1  0.9  2.77555756156e-17   0.241693429956     710.0   16.3443745785  -1.10558550764  -0.756442927938
-0.333333333333  0.566666666667  -0.233333333333  0.37944132981   0.12055867019      0.5             -0.1  0.9  -2.77555756156e-17  0.24111734038      720.0   16.117369376   -1.10598284269  -0.756321782365
-0.333333333333  0.566666666667  -0.233333333333  0.379759643712  0.120240356288     0.5             -0.1  0.9  0.0                 0.240480712577     730.0   15.8965834942  -1.10641278819  -0.756178762838
-0.333333333333  0.566666666667  -0.233333333333  0.380051315214  0.119948684786     0.5             -0.1  0.9  1.38777878078e-17   0.239897369572     740.0   15.6817647983  -1.10682166531  -0.756062631255
-0.333333333333  0.566666666667  -0.233333333333  0.380288864984  0.119711135016     0.5             -0.1  0.9  6.93889390391e-17   0.239422270033     750.0   15.472674601   -1.10714325025  -0.755956626615
-0.333333333333  0.566666666667  -0.233333333333  0.380676923386  0.119323076614     0.5             -0.1  0.9  -4.16333634234e-17  0.238646153228     760.0   15.2690867773  -1.107674979    -0.755789850238
-0.333333333333  0.566666666667  -0.233333333333  0.381051590844  0.118948409156     0.5             -0.1  0.9  2.77555756156e-17   0.237896818312     770.0   15.070786949   -1.1081824385   -0.755622908318
-0.333333333333  0.566666666667  -0.233333333333  0.381363488252  0.118636651237     0.499999860511  -0.1  0.9  2.78978003906e-07   0.237273302475     780.0   14.8775717317  -1.10862013247  -0.755499410136
-0.333333333333  0.566666666667  -0.233333333333  0.381715697981  0.118284302019     0.5             -0.1  0.9  2.77555756156e-17   0.236568604039     790.0   14.6892480389  -1.10909529184  -0.755340368806
-0.333333333333  0.566666666667  -0.233333333333  0.382006672038  0.117993327962     0.5             -0.1  0.9  8.32667268469e-17   0.235986655924     800.0   14.5056324384  -1.10950519602  -0.755226519684
-0.333333333333  0.566666666667  -0.233333333333  0.382449410129  0.117550589871     0.5             -0.1  0.9  5.55111512313e-17   0.235101179742     810.0   14.3265505565  -1.11011080792  -0.75503520302
-0.333333333333  0.566666666667  -0.233333333333  0.382864947865  0.117135331113     0.499999721022  -0.1  0.9  5.57956005828e-07   0.234270662227     820.0   14.1518365253  -1.11066778881  -0.754844662356
-0.333333333333  0.566666666667  -0.233333333333  0.383336281201  0.116663718799     0.5             -0.1  0.9  -5.55111512313e-17  0.233327437598     830.0   13.9813324708  -1.11133127362  -0.754659300794
-0.333333333333  0.566666666667  -0.233333333333  0.383827003508  0.116172996492     0.5             -0.1  0.9  -4.16333634234e-17  0.232345992983     840.0   13.8148880366  -1.11199546207  -0.754440189085
-0.333333333333  0.566666666667  -0.233333333333  0.38451552122   0.11548447878      0.5             -0.1  0.9  0.0                 0.23096895756      850.0   13.6523599421  -1.1129404109   -0.754145806032
-0.333333333333  0.566666666667  -0.233333333333  0.384880703426  0.11511985453      0.499999442044  -0.1  0.9  1.11591201168e-06   0.230239709059     860.0   13.4936115706  -1.11343943039  -0.753988390289
-0.333333333333  0.566666666667  -0.233333333333  0.385467394167  0.114532745322     0.499999860511  -0.1  0.9  2.7897800281e-07    0.229065490644     870.0   13.3385125871  -1.11422570154  -0.753717948551
-0.333333333333  0.566666666667  -0.233333333333  0.386103882481  0.113896396497     0.499999721022  -0.1  0.9  5.57956005939e-07   0.227792792994     880.0   13.1869385804  -1.11510073557  -0.753447526803
-0.333333333333  0.566666666667  -0.233333333333  0.431692235931  0.0683086010034    0.499999163066  -0.1  0.9  1.67386801854e-06   0.136617202007     890.0   13.0387707312  -1.18450940707  -0.740798054827
-0.333333333333  0.566666666667  -0.233333333333  0.440284758427  0.0597156600396    0.499999581533  -0.1  0.9  8.36934008798e-07   0.119431320079     900.0   12.8938955008  -1.19748347411  -0.738304911821
-0.333333333333  0.566666666667  -0.233333333333  0.439918460309  0.0600819581578    0.499999581533  -0.1  0.9  8.36934008722e-07   0.120163916316     910.0   12.7522043415  -1.19671498223  -0.738195756557
-0.333333333333  0.566666666667  -0.233333333333  0.439931711764  0.0600691251696    0.499999163066  -0.1  0.9  1.67386801853e-06   0.120138250339     920.0   12.6135934247  -1.19668120171  -0.738138792964
-0.333333333333  0.566666666667  -0.233333333333  0.439547698543  0.06045467277      0.499997628687  -0.1  0.9  4.74262605371e-06   0.12090934554      930.0   12.4779633879  -1.19586711993  -0.738018389982
-0.333333333333  0.566666666667  -0.233333333333  0.439132997741  0.0608683971486    0.49999860511   -0.1  0.9  2.78978003215e-06   0.121736794297     940.0   12.3452190965  -1.19502577147  -0.737921940693
-0.333333333333  0.566666666667  -0.233333333333  0.438842860618  0.0611590922279    0.499998047154  -0.1  0.9  3.90569204498e-06   0.122318184456     950.0   12.2152694218  -1.19439352735  -0.737812836121
-0.333333333333  0.566666666667  -0.233333333333  0.438322287664  0.0616795256928    0.499998186643  -0.1  0.9  3.62671404109e-06   0.123359051386     960.0   12.088027032   -1.19335684545  -0.737712962357
-0.333333333333  0.566666666667  -0.233333333333  0.438031174118  0.061970360261     0.499998465621  -0.1  0.9  3.06875803523e-06   0.123940720522     970.0   11.9634081967  -1.19273295273  -0.737612627659
-0.333333333333  0.566666666667  -0.233333333333  0.437993512088  0.0620088592255    0.499997628687  -0.1  0.9  4.74262605282e-06   0.124017718451     980.0   11.8413326028  -1.19256650053  -0.737515306207
-0.333333333333  0.566666666667  -0.233333333333  0.437806596825  0.0621957744876    0.499997628687  -0.1  0.9  4.74262605282e-06   0.124391548975     990.0   11.7217231826  -1.19215178058  -0.737437033731
-0.333333333333  0.566666666667  -0.233333333333  0.43732535977   0.062676872054     0.499997768176  -0.1  0.9  4.46364805085e-06   0.125353744108     1000.0  11.6045059507  -1.19115285356  -0.737304110224
-0.333333333333  0.566666666667  -0.233333333333  0.437313642694  0.0626880311741    0.499998326132  -0.1  0.9  3.34773603819e-06   0.125376062348     1010.0  11.4896098522  -1.19106141     -0.737232864676
-0.333333333333  0.566666666667  -0.233333333333  0.436693335104  0.0633093151871    0.499997349709  -0.1  0.9  5.30058206047e-06   0.126618630374     1020.0  11.3769666184  -1.18982997617  -0.737119546777
-0.333333333333  0.566666666667  -0.233333333333  0.436585370617  0.0634167217183    0.499997907665  -0.1  0.9  4.18467004697e-06   0.126833443437     1030.0  11.2665106318  -1.18953977681  -0.737022790765
-0.333333333333  0.566666666667  -0.233333333333  0.43619229061   0.0638104991698    0.49999721022   -0.1  0.9  5.57956006247e-06   0.12762099834      1040.0  11.1581787988  -1.18870528545  -0.736896959333
-0.333333333333  0.566666666667  -0.233333333333  0.435959762445  0.0640442827364    0.499995954819  -0.1  0.9  8.09036209085e-06   0.128088565473     1050.0  11.0519104293  -1.18816810312  -0.736780336346
-0.333333333333  0.566666666667  -0.233333333333  0.435603926002  0.0644010956024    0.499994978396  -0.1  0.9  1.00432081133e-05   0.128802191205     1060.0  10.9476471233  -1.18741661964  -0.73667092074
-0.333333333333  0.566666666667  -0.233333333333  0.435594022283  0.0644115572775    0.49999442044   -0.1  0.9  1.11591201258e-05   0.128823114555     1070.0  10.8453326643  -1.18736153276  -0.736634553284
-0.333333333333  0.566666666667  -0.233333333333  0.435129802885  0.0648770320758    0.499993165039  -0.1  0.9  1.36699221532e-05   0.129754064152     1080.0  10.7449129174  -1.18637035257  -0.736480976647
-0.333333333333  0.566666666667  -0.233333333333  0.435061871742  0.0649469160656    0.499991212193  -0.1  0.9  1.75756141983e-05   0.129893832131     1090.0  10.6463357346  -1.1861784302   -0.736414454889
-0.333333333333  0.566666666667  -0.233333333333  0.43470450092   0.0653030314866    0.499992467594  -0.1  0.9  1.506481217e-05     0.130606062973     1100.0  10.5495508643  -1.18543206278  -0.736309346303
-0.333333333333  0.566666666667  -0.233333333333  0.434500149532  0.0655097541869    0.499990096281  -0.1  0.9  1.98074382235e-05   0.131019508374     1110.0  10.4545098655  -1.18496463402  -0.73621354415
-0.333333333333  0.566666666667  -0.233333333333  0.434224519265  0.065784268542     0.499991212193  -0.1  0.9  1.75756141972e-05   0.131568537084     1120.0  10.3611660275  -1.18439259842  -0.736135857567
-0.333333333333  0.566666666667  -0.233333333333  0.434180301252  0.0658315553135    0.499988143435  -0.1  0.9  2.37131302666e-05   0.131663110627     1130.0  10.2694742927  -1.1841864126   -0.736014174184
-0.333333333333  0.566666666667  -0.233333333333  0.433681070115  0.0663310654282    0.499987864457  -0.1  0.9  2.42710862734e-05   0.132662130856     1140.0  10.1793911849  -1.1831632624   -0.735890086399
-0.333333333333  0.566666666667  -0.233333333333  0.4335798011    0.0664323344433    0.499987864457  -0.1  0.9  2.42710862735e-05   0.132864668887     1150.0  10.0908747398  -1.18287406552  -0.735783173744
-0.333333333333  0.566666666667  -0.233333333333  0.433190766274  0.0668245775157    0.49998465621   -0.1  0.9  3.06875803457e-05   0.133649155031     1160.0  10.0038844403  -1.18204995023  -0.735664454334
-0.333333333333  0.566666666667  -0.233333333333  0.432814703926  0.0671995239519    0.499985772122  -0.1  0.9  2.84557563203e-05   0.134399047904     1170.0  9.91838115449  -1.18122324858  -0.735512879451
-0.333333333333  0.566666666667  -0.233333333333  0.432686095067  0.0673284117894    0.499985493144  -0.1  0.9  2.90137123272e-05   0.134656823579     1180.0  9.83432707691  -1.18091053244  -0.735432105619
-0.333333333333  0.566666666667  -0.233333333333  0.432557625696  0.0674598104289    0.499982563875  -0.1  0.9  3.48722503926e-05   0.134919620858     1190.0  9.7516856729   -1.18058918962  -0.735346694504
-0.333333333333  0.566666666667  -0.233333333333  0.43234895015   0.0676712757552    0.499979774095  -0.1  0.9  4.04518104551e-05   0.13534255151      1200.0  9.67042162562  -1.18012412278  -0.735261707293
-0.333333333333  0.566666666667  -0.233333333333  0.43206815879   0.0679572282085    0.499974613002  -0.1  0.9  5.07739965723e-05   0.135914456417     1210.0  9.59050078574  -1.17943550108  -0.735086767788
-0.333333333333  0.566666666667  -0.233333333333  0.431869107985  0.0681571159477    0.499973776068  -0.1  0.9  5.24478645898e-05   0.136314231895     1220.0  9.51189012357  -1.1789942156   -0.735005112855
-0.333333333333  0.566666666667  -0.233333333333  0.431582597575  0.0684419524889    0.499975449936  -0.1  0.9  4.91001285527e-05   0.136883904978     1230.0  9.43455768354  -1.17834292894  -0.734866866745
-0.333333333333  0.566666666667  -0.233333333333  0.431380059545  0.0686447694972    0.499975170958  -0.1  0.9  4.96580845596e-05   0.137289538994     1240.0  9.35847254093  -1.17788901997  -0.734777972588
-0.333333333333  0.566666666667  -0.233333333333  0.43114460211   0.0688872013819    0.499968196508  -0.1  0.9  6.36069847167e-05   0.137774402764     1250.0  9.2836047606   -1.17730462775  -0.734628562876
-0.333333333333  0.566666666667  -0.233333333333  0.430797413986  0.0692339710399    0.499968614975  -0.1  0.9  6.2770050707e-05    0.13846794208      1260.0  9.20992535774  -1.17659741415  -0.734545618354
-0.333333333333  0.566666666667  -0.233333333333  0.430731017221  0.0693052499197    0.49996373286   -0.1  0.9  7.25342808164e-05   0.138610499839     1270.0  9.13740626043  -1.17633006859  -0.734405598355
-0.333333333333  0.566666666667  -0.233333333333  0.430426931197  0.069606546163     0.49996652264   -0.1  0.9  6.69547207539e-05   0.139213092326     1280.0  9.06602027402  -1.17569394801  -0.734312368963
-0.333333333333  0.566666666667  -0.233333333333  0.430179059242  0.069865158772     0.499955781987  -0.1  0.9  8.84360269961e-05   0.139730317544     1290.0  8.99574104709  -1.17508156579  -0.734163341315
-0.333333333333  0.566666666667  -0.233333333333  0.430202353905  0.0698374004606    0.499960245635  -0.1  0.9  7.95087308966e-05   0.139674800921     1300.0  8.92654303904  -1.17508483729  -0.734117540581
-0.333333333333  0.566666666667  -0.233333333333  0.429830755205  0.0702170895229    0.499952155272  -0.1  0.9  9.56894550781e-05   0.140434179046     1310.0  8.85840148912  -1.17422984755  -0.733944373075
-0.333333333333  0.566666666667  -0.233333333333  0.429592089523  0.0704632876107    0.499944622866  -0.1  0.9  0.000110754267247   0.140926575221     1320.0  8.79129238693  -1.17362723991  -0.733783415516
-0.333333333333  0.566666666667  -0.233333333333  0.429392480762  0.070670986734     0.499936532504  -0.1  0.9  0.00012693499143    0.141341973468     1330.0  8.72519244417  -1.17316168494  -0.733690100896
-0.333333333333  0.566666666667  -0.233333333333  0.429116850495  0.070930157299     0.499952992206  -0.1  0.9  9.40155870586e-05   0.141860314598     1340.0  8.66007906772  -1.17258665143  -0.733584866342
-0.333333333333  0.566666666667  -0.233333333333  0.42886744416   0.071200765962     0.499931789878  -0.1  0.9  0.000136420243537   0.142401531924     1350.0  8.59593033389  -1.17192539502  -0.733406465058
-0.333333333333  0.566666666667  -0.233333333333  0.428720980708  0.0713408129196    0.499938206372  -0.1  0.9  0.000123587255393   0.142681625839     1360.0  8.53272496379  -1.17159610356  -0.733330541425
-0.333333333333  0.566666666667  -0.233333333333  0.428524580194  0.0715430719719    0.499932347834  -0.1  0.9  0.000135304331524   0.143086143944     1370.0  8.47044229982  -1.17111276482  -0.733210097271
-0.333333333333  0.566666666667  -0.233333333333  0.428362772952  0.0717179911798    0.499919235868  -0.1  0.9  0.000161528263819   0.14343598236      1380.0  8.40906228315  -1.17069071101  -0.733100275645
-0.333333333333  0.566666666667  -0.233333333333  0.428081563125  0.072000456408     0.499917980467  -0.1  0.9  0.000164039065848   0.144000912816     1390.0  8.34856543219  -1.17002001669  -0.732937767651
-0.333333333333  0.566666666667  -0.233333333333  0.42784610569   0.0722402380017    0.499913656308  -0.1  0.9  0.000172687383945   0.144480476003     1400.0  8.28893282196  -1.16947109046  -0.732819583462
-0.333333333333  0.566666666667  -0.233333333333  0.427633105985  0.0724549115751    0.49991198244   -0.1  0.9  0.000176035119982   0.14490982315      1410.0  8.23014606436  -1.16895541775  -0.732689988402
-0.333333333333  0.566666666667  -0.233333333333  0.427451491305  0.0726441981503    0.499904310545  -0.1  0.9  0.000191378910156   0.145288396301     1420.0  8.17218728926  -1.16848454941  -0.732558301523
-0.333333333333  0.566666666667  -0.233333333333  0.427314094638  0.0727877323329    0.499898173029  -0.1  0.9  0.000203653942293   0.145575464666     1430.0  8.1150391264   -1.16808177874  -0.732412664881
-0.333333333333  0.566666666667  -0.233333333333  0.42711964697   0.0729902703632    0.499890082667  -0.1  0.9  0.000219834666477   0.145980540726     1440.0  8.05868468802  -1.16764469353  -0.732338530049
-0.333333333333  0.566666666667  -0.233333333333  0.426868427278  0.07324358239      0.499887990332  -0.1  0.9  0.000224019336523   0.14648716478      1450.0  8.00310755224  -1.16703447745  -0.732183857156
-0.333333333333  0.566666666667  -0.233333333333  0.426633667289  0.0734992657299    0.499867066982  -0.1  0.9  0.000265866036994   0.14699853146      1460.0  7.94829174709  -1.16636978889  -0.731975213932
-0.333333333333  0.566666666667  -0.233333333333  0.426614836273  0.0735141910531    0.499870972674  -0.1  0.9  0.000258054652906   0.147028382106     1470.0  7.8942217352   -1.16627891643  -0.731911988196
-0.333333333333  0.566666666667  -0.233333333333  0.426264858368  0.0738788153032    0.499856326328  -0.1  0.9  0.000287347343236   0.147757630606     1480.0  7.84088239916  -1.16542387588  -0.731710342025
-0.333333333333  0.566666666667  -0.233333333333  0.426039862609  0.0741102275568    0.499849909834  -0.1  0.9  0.000300180331381   0.148220455114     1490.0  7.78825902735  -1.16492512254  -0.731626847447
-0.333333333333  0.566666666667  -0.233333333333  0.42601043043   0.0741430074721    0.499846562098  -0.1  0.9  0.000306875803456   0.148286014944     1500.0  7.7363373005   -1.16473138885  -0.731491448057
-0.333333333333  0.566666666667  -0.233333333333  0.425631020345  0.0745309263855    0.499838053269  -0.1  0.9  0.000323893461649   0.149061852771     1510.0  7.68510327864  -1.16388187091  -0.731338482393
-0.333333333333  0.566666666667  -0.233333333333  0.42551440754   0.0746454468558    0.499840145604  -0.1  0.9  0.000319708791602   0.149290893712     1520.0  7.63454338865  -1.16355585413  -0.731219020924
-0.333333333333  0.566666666667  -0.233333333333  0.42533558264   0.0748495192651    0.499814898095  -0.1  0.9  0.000370203810171   0.14969903853      1530.0  7.58464441225  -1.16300707454  -0.731032522168
-0.333333333333  0.566666666667  -0.233333333333  0.425169172261  0.0750277862091    0.49980304153   -0.1  0.9  0.000393916940438   0.150055572418     1540.0  7.53539347451  -1.16253983101  -0.730883787824
-0.333333333333  0.566666666667  -0.233333333333  0.424889357324  0.0753222474914    0.499788395185  -0.1  0.9  0.000423209630767   0.150644494983     1550.0  7.48677803274  -1.16183710812  -0.730708165973
-0.333333333333  0.566666666667  -0.233333333333  0.424750984234  0.075463410361     0.499785605405  -0.1  0.9  0.00042878919083    0.150926820722     1560.0  7.43878586587  -1.16145613375  -0.730580726813
-0.333333333333  0.566666666667  -0.233333333333  0.42462167793   0.0755948090005    0.49978351307   -0.1  0.9  0.000432973860877   0.151189618001     1570.0  7.39140506417  -1.1611420269   -0.730502719051
-0.333333333333  0.566666666667  -0.233333333333  0.424330564384  0.075908798743     0.499760636873  -0.1  0.9  0.000478726253393   0.151817597486     1580.0  7.34462401946  -1.16037192217  -0.730293220612
-0.333333333333  0.566666666667  -0.233333333333  0.424213254133  0.0760212268783    0.499765518988  -0.1  0.9  0.000468962023282   0.152042453757     1590.0  7.29843141557  -1.16007027769  -0.730194923204
-0.333333333333  0.566666666667  -0.233333333333  0.423925069856  0.0763419120929    0.499733018051  -0.1  0.9  0.000533963898014   0.152683824186     1600.0  7.25281621922  -1.15924884364  -0.729944222349
-0.333333333333  0.566666666667  -0.233333333333  0.423701887454  0.0765684422315    0.499729670315  -0.1  0.9  0.00054065937009    0.153136884463     1610.0  7.20776767127  -1.15879783567  -0.729900299086
-0.333333333333  0.566666666667  -0.233333333333  0.423546217728  0.0767515912905    0.499702190982  -0.1  0.9  0.000595618036709   0.153503182581     1620.0  7.16327527824  -1.15818988789  -0.729616523741
-0.333333333333  0.566666666667  -0.233333333333  0.423364742537  0.0769426912227    0.499692566241  -0.1  0.9  0.000614867518926   0.153885382445     1630.0  7.11932880414  -1.15776960779  -0.729538298577
-0.333333333333  0.566666666667  -0.233333333333  0.423241852726  0.0770863648943    0.499671782379  -0.1  0.9  0.000656435241395   0.154172729789     1640.0  7.07591826265  -1.15729192543  -0.729315072046
-0.333333333333  0.566666666667  -0.233333333333  0.423051729217  0.0772735591344    0.499674711648  -0.1  0.9  0.000650576703328   0.154547118269     1650.0  7.03303390954  -1.15684885504  -0.729209537147
-0.333333333333  0.566666666667  -0.233333333333  0.422920609556  0.0774283919262    0.499650998518  -0.1  0.9  0.000698002963862   0.154856783852     1660.0  6.99066623539  -1.1564404653   -0.72907510381
-0.333333333333  0.566666666667  -0.233333333333  0.422684175698  0.0776736135909    0.499642210711  -0.1  0.9  0.000715578578061   0.155347227182     1670.0  6.94880595853  -1.15585994008  -0.728934220017
-0.333333333333  0.566666666667  -0.233333333333  0.422512325248  0.0778659689241    0.499621705828  -0.1  0.9  0.000756588344522   0.155731937848     1680.0  6.9074440183   -1.15537933016  -0.728795748722
-0.333333333333  0.566666666667  -0.233333333333  0.422401152514  0.0779993204096    0.499599527076  -0.1  0.9  0.000800945847021   0.155998640819     1690.0  6.86657156849  -1.15495222899  -0.728604244477
-0.333333333333  0.566666666667  -0.233333333333  0.421912941008  0.0785186379624    0.499568421029  -0.1  0.9  0.000863157941723   0.157037275925     1700.0  6.82617997103  -1.15373726081  -0.728317826684
-0.333333333333  0.566666666667  -0.233333333333  0.421969434054  0.0784712117019    0.499559354244  -0.1  0.9  0.000881291511927   0.156942423404     1710.0  6.78626078991  -1.15376162575  -0.728255010991
-0.333333333333  0.566666666667  -0.233333333333  0.421679715398  0.0787695786763    0.499550705926  -0.1  0.9  0.000898588148122   0.157539157353     1720.0  6.74680578532  -1.15299951096  -0.7280282271
-0.333333333333  0.566666666667  -0.233333333333  0.421494055537  0.0789761618876    0.499529782576  -0.1  0.9  0.000940434848594   0.157952323775     1730.0  6.70780690795  -1.15246165961  -0.727858040852
-0.333333333333  0.566666666667  -0.233333333333  0.421369491858  0.0791128611091    0.499517647033  -0.1  0.9  0.000964705934866   0.158225722218     1740.0  6.66925629353  -1.15202860033  -0.727668613068
-0.333333333333  0.566666666667  -0.233333333333  0.421134034424  0.0793808194811    0.499485146095  -0.1  0.9  0.0010297078096     0.158761638962     1750.0  6.63114625757  -1.15134609763  -0.727461935252
-0.333333333333  0.566666666667  -0.233333333333  0.420830366867  0.0796815577685    0.499488075364  -0.1  0.9  0.00102384927153    0.159363115537     1760.0  6.5934692902   -1.15069402928  -0.727351781666
-0.333333333333  0.566666666667  -0.233333333333  0.420859799047  0.0796962041137    0.49944399684   -0.1  0.9  0.00111200632053    0.159392408227     1770.0  6.55621805127  -1.15050761526  -0.727182915371
-0.333333333333  0.566666666667  -0.233333333333  0.420717520265  0.0798508974164    0.499431582319  -0.1  0.9  0.0011368353628     0.159701794833     1780.0  6.51938536559  -1.15009922809  -0.72705049324
-0.333333333333  0.566666666667  -0.233333333333  0.420524885954  0.080079380401     0.499395733645  -0.1  0.9  0.00120853270961    0.160158760802     1790.0  6.4829642183   -1.14946609613  -0.726821460917
-0.333333333333  0.566666666667  -0.233333333333  0.42028370947   0.080348454685     0.499367835845  -0.1  0.9  0.00126432831024    0.16069690937      1800.0  6.44694775042  -1.14880600504  -0.726640123972
-0.333333333333  0.566666666667  -0.233333333333  0.420137943463  0.0804841774836    0.499377879053  -0.1  0.9  0.00124424189402    0.160968354967     1810.0  6.41132925456  -1.14848407457  -0.726564503185
-0.333333333333  0.566666666667  -0.233333333333  0.41992048011   0.0807673401568    0.499312179733  -0.1  0.9  0.0013756405335     0.161534680314     1820.0  6.37610217074  -1.14762205729  -0.726199038858
-0.333333333333  0.566666666667  -0.233333333333  0.419993572347  0.0807222852093    0.499284142444  -0.1  0.9  0.00143171511213    0.161444570419     1830.0  6.34126008238  -1.14760014493  -0.726090420133
-0.333333333333  0.566666666667  -0.233333333333  0.419510242956  0.0811837148265    0.499306042217  -0.1  0.9  0.00138791556563    0.162367429653     1840.0  6.30679671236  -1.1466105053   -0.725935733765
-0.333333333333  0.566666666667  -0.233333333333  0.419403673359  0.0813321311241    0.499264195517  -0.1  0.9  0.00147160896658    0.162664262248     1850.0  6.27270591932  -1.14610207908  -0.725686087536
-0.333333333333  0.566666666667  -0.233333333333  0.419340345352  0.0814582291815    0.499201425466  -0.1  0.9  0.00159714906799    0.162916458363     1860.0  6.23898169395  -1.14567706079  -0.725475491743
-0.333333333333  0.566666666667  -0.233333333333  0.419024542253  0.0817572936009    0.499218164146  -0.1  0.9  0.00156367170761    0.163514587202     1870.0  6.20561815548  -1.1449961608   -0.725336255449
-0.333333333333  0.566666666667  -0.233333333333  0.418941964764  0.0818892501964    0.49916878504   -0.1  0.9  0.00166242992073    0.163778500393     1880.0  6.17260954827  -1.1445904213   -0.725158161997
-0.333333333333  0.566666666667  -0.233333333333  0.418779878544  0.0820743521015    0.499145769354  -0.1  0.9  0.00170846129124    0.164148704203     1890.0  6.13995023849  -1.14399264649  -0.724888967475
-0.333333333333  0.566666666667  -0.233333333333  0.418471607851  0.0824324203685    0.499095971781  -0.1  0.9  0.00180805643837    0.164864840737     1900.0  6.10763471092  -1.14310124467  -0.724632129021
-0.333333333333  0.566666666667  -0.233333333333  0.418368664968  0.0825289467576    0.499102388275  -0.1  0.9  0.00179522345022    0.165057893515     1910.0  6.07565756584  -1.14281566301  -0.72452157816
-0.333333333333  0.566666666667  -0.233333333333  0.418266140551  0.0826695516712    0.499064307777  -0.1  0.9  0.00187138444508    0.165339103342     1920.0  6.04401351602  -1.14231116428  -0.724262552173
-0.333333333333  0.566666666667  -0.233333333333  0.4182845531    0.0827175358877    0.498997911013  -0.1  0.9  0.00200417797458    0.165435071775     1930.0  6.01269738381  -1.14212031718  -0.724144797312
-0.333333333333  0.566666666667  -0.233333333333  0.41793387775   0.083100293708     0.498965828542  -0.1  0.9  0.0020683429153     0.166200587416     1940.0  5.98170409833  -1.14112128888  -0.7238283166
-0.333333333333  0.566666666667  -0.233333333333  0.417807221736  0.0832643327739    0.49892844549   -0.1  0.9  0.00214310902014    0.166528665548     1950.0  5.95102869269  -1.14063748825  -0.723632309677
-0.333333333333  0.566666666667  -0.233333333333  0.417690050975  0.0834336724218    0.498876276603  -0.1  0.9  0.00224744679331    0.166867344844     1960.0  5.9206663014   -1.14014440661  -0.723433605625
-0.333333333333  0.566666666667  -0.233333333333  0.417518479503  0.0836175189259    0.498864001571  -0.1  0.9  0.00227199685759    0.167235037852     1970.0  5.89061215774  -1.13961533769  -0.723233005407
-0.333333333333  0.566666666667  -0.233333333333  0.417298365858  0.0838499076025    0.498851726539  -0.1  0.9  0.00229654692187    0.167699815205     1980.0  5.86086159129  -1.13903787751  -0.723071389838
-0.333333333333  0.566666666667  -0.233333333333  0.417172128312  0.0840294299475    0.49879844174   -0.1  0.9  0.00240311651907    0.168058859895     1990.0  5.8314100255   -1.13846466548  -0.722810661064
-0.333333333333  0.566666666667  -0.233333333333  0.416948666932  0.0842888794904    0.498762453578  -0.1  0.9  0.00247509284388    0.168577758981     2000.0  5.80225297537  -1.13777097227  -0.722576779405
-0.333333333333  0.566666666667  -0.233333333333  0.416734969781  0.0845543270604    0.498710703158  -0.1  0.9  0.00257859368304    0.169108654121     2010.0  5.77338604515  -1.13700483117  -0.722278093849
-0.333333333333  0.566666666667  -0.233333333333  0.416762867581  0.0845460972093    0.498691035209  -0.1  0.9  0.00261792958149    0.169092194419     2020.0  5.74480492611  -1.1369015954   -0.722156110755
-0.333333333333  0.566666666667  -0.233333333333  0.416415818946  0.0849476860449    0.49863649501   -0.1  0.9  0.00272700998072    0.16989537209      2030.0  5.71650539446  -1.1358903852   -0.72185685242
-0.333333333333  0.566666666667  -0.233333333333  0.416264194401  0.0851659863323    0.498569819267  -0.1  0.9  0.00286036146622    0.170331972665     2040.0  5.68848330919  -1.13527818719  -0.721624259779
-0.333333333333  0.566666666667  -0.233333333333  0.416227787771  0.0852187131749    0.498553499054  -0.1  0.9  0.00289300189259    0.17043742635      2050.0  5.66073461012  -1.13502297024  -0.721460687095
-0.333333333333  0.566666666667  -0.233333333333  0.415965966915  0.0855498600646    0.49848417302   -0.1  0.9  0.00303165396015    0.171099720129     2060.0  5.6332553159   -1.13402999812  -0.721049914174
-0.333333333333  0.566666666667  -0.233333333333  0.415998328364  0.0855393983895    0.498462273247  -0.1  0.9  0.00307545350664    0.171078796779     2070.0  5.6060415221   -1.13394448424  -0.720941189327
-0.333333333333  0.566666666667  -0.233333333333  0.415732601816  0.0858889578275    0.498378440357  -0.1  0.9  0.00324311928653    0.171777915655     2080.0  5.5790893994   -1.13296310994  -0.720572255433
-0.333333333333  0.566666666667  -0.233333333333  0.415605945802  0.086029841719     0.498364212479  -0.1  0.9  0.00327157504285    0.172059683438     2090.0  5.55239519175  -1.13261177899  -0.720471669911
-0.333333333333  0.566666666667  -0.233333333333  0.415442185715  0.0862221970522    0.498335617233  -0.1  0.9  0.0033287655335     0.172444394104     2100.0  5.52595521464  -1.13204953594  -0.720249947414
-0.333333333333  0.566666666667  -0.233333333333  0.415377462818  0.0863475976646    0.498274939518  -0.1  0.9  0.00345012096486    0.172695195329     2110.0  5.49976585344  -1.13161760644  -0.720031603477
-0.333333333333  0.566666666667  -0.233333333333  0.415159720486  0.0865975619554    0.498242717558  -0.1  0.9  0.00351456488359    0.173195123911     2120.0  5.47382356168  -1.13095286901  -0.719810357374
-0.333333333333  0.566666666667  -0.233333333333  0.415009630321  0.0867890803546    0.498201289325  -0.1  0.9  0.00359742135052    0.173578160709     2130.0  5.44812485951  -1.13037660646  -0.719570542293
-0.333333333333  0.566666666667  -0.233333333333  0.414899573498  0.0870150525371    0.498085373964  -0.1  0.9  0.00382925207113    0.174030105074     2140.0  5.42266633213  -1.12960912793  -0.719186630629
-0.333333333333  0.566666666667  -0.233333333333  0.414831363377  0.0870965141141    0.498072122509  -0.1  0.9  0.00385575498143    0.174193028228     2150.0  5.39744462826  -1.12927893572  -0.719000418963
-0.333333333333  0.566666666667  -0.233333333333  0.414576237993  0.0873859537923    0.498037808215  -0.1  0.9  0.0039243835702     0.174771907585     2160.0  5.37245645868  -1.12848340459  -0.718719016396
-0.333333333333  0.566666666667  -0.233333333333  0.41456131267   0.0875054958667    0.497933191464  -0.1  0.9  0.00413361707256    0.175010991733     2170.0  5.34769859482  -1.12799625397  -0.71842611816
-0.333333333333  0.566666666667  -0.233333333333  0.414254018399  0.0878381771354    0.497907804465  -0.1  0.9  0.00418439106913    0.175676354271     2180.0  5.32316786732  -1.12714726364  -0.718170876709
-0.333333333333  0.566666666667  -0.233333333333  0.414229886802  0.0879020630981    0.4978680501    -0.1  0.9  0.00426389980003    0.175804126196     2190.0  5.29886116473  -1.12685573762  -0.717986394547
-0.333333333333  0.566666666667  -0.233333333333  0.414177159959  0.0880302534906    0.49779258655   -0.1  0.9  0.00441482689973    0.176060506981     2200.0  5.27477543216  -1.12633619229  -0.717682499214
-0.333333333333  0.566666666667  -0.233333333333  0.413954256535  0.0883051863127    0.497740557153  -0.1  0.9  0.0045188856949     0.176610372625     2210.0  5.25090767002  -1.12560622789  -0.717437008016
-0.333333333333  0.566666666667  -0.233333333333  0.413878653496  0.088419427805     0.497701918699  -0.1  0.9  0.00459616260177    0.17683885561      2220.0  5.22725493277  -1.12519284188  -0.717221529007
-0.333333333333  0.566666666667  -0.233333333333  0.413606928921  0.0887452741126    0.497647796967  -0.1  0.9  0.00470440606699    0.177490548225     2230.0  5.20381432769  -1.12427830123  -0.716882687359
-0.333333333333  0.566666666667  -0.233333333333  0.41367974218   0.088774845781     0.497545412039  -0.1  0.9  0.0049091759213     0.177549691562     2240.0  5.18058301373  -1.1240175308   -0.716654668948
-0.333333333333  0.566666666667  -0.233333333333  0.413350269158  0.089136401273     0.497513329569  -0.1  0.9  0.00497334086202    0.178272802546     2250.0  5.15755820033  -1.12311655609  -0.716398077632
-0.333333333333  0.566666666667  -0.233333333333  0.41314884704   0.0893846916958    0.497466461264  -0.1  0.9  0.00506707747108    0.178769383392     2260.0  5.13473714635  -1.12233524283  -0.716054313472
-0.333333333333  0.566666666667  -0.233333333333  0.412962071267  0.0896004811813    0.497437447552  -0.1  0.9  0.00512510489573    0.179200962363     2270.0  5.11211715892  -1.12182927025  -0.715930959216
-0.333333333333  0.566666666667  -0.233333333333  0.412904741287  0.089753361127     0.497341897586  -0.1  0.9  0.00531620482788    0.179506722254     2280.0  5.08969559243  -1.12114695486  -0.715504717737
-0.333333333333  0.566666666667  -0.233333333333  0.412712385954  0.0899983038137    0.497289310232  -0.1  0.9  0.00542137953507    0.179996607627     2290.0  5.06746984749  -1.12049323109  -0.715281373333
-0.333333333333  0.566666666667  -0.233333333333  0.41278143301   0.0899964904567    0.497222076534  -0.1  0.9  0.00555584693258    0.179992980913     2300.0  5.04543736989  -1.12030631592  -0.715077747383
-0.333333333333  0.566666666667  -0.233333333333  0.412686162021  0.0901541130285    0.49715972495   -0.1  0.9  0.00568055009999    0.180308226057     2310.0  5.02359564968  -1.11971757673  -0.714760258505
-0.333333333333  0.566666666667  -0.233333333333  0.412356131044  0.0905815073293    0.497062361627  -0.1  0.9  0.00587527674618    0.181163014659     2320.0  5.00194222015  -1.1185242925   -0.714316811355
-0.333333333333  0.566666666667  -0.233333333333  0.412410810732  0.0905610024461    0.497028186822  -0.1  0.9  0.00594362635695    0.181122004892     2330.0  4.98047465697  -1.11847861375  -0.714227388854
-0.333333333333  0.566666666667  -0.233333333333  0.412127229592  0.0909345539923    0.496938216416  -0.1  0.9  0.00612356716898    0.181869107985     2340.0  4.95919057724  -1.11734561927  -0.713748793069
-0.333333333333  0.566666666667  -0.233333333333  0.411992343728  0.091085202114     0.496922454158  -0.1  0.9  0.00615509168333    0.182170404228     2350.0  4.93808763862  -1.11689276574  -0.713563953715
-0.333333333333  0.566666666667  -0.233333333333  0.411924133606  0.0913240072847    0.496751859109  -0.1  0.9  0.00649628178117    0.182648014569     2360.0  4.91716353845  -1.11600958593  -0.713076504198
-0.333333333333  0.566666666667  -0.233333333333  0.411828723129  0.0914563823472    0.496714894524  -0.1  0.9  0.00657021095201    0.182912764694     2370.0  4.89641601298  -1.11560703989  -0.71290484035
-0.333333333333  0.566666666667  -0.233333333333  0.411796501169  0.0915883389427    0.496615159888  -0.1  0.9  0.00676968022425    0.183176677885     2380.0  4.87584283645  -1.11500100908  -0.712516384492
-0.333333333333  0.566666666667  -0.233333333333  0.411661475816  0.0918306313384    0.496507892846  -0.1  0.9  0.00698421430867    0.183661262677     2390.0  4.8554418204   -1.11426342776  -0.712193476074
-0.333333333333  0.566666666667  -0.233333333333  0.411405931965  0.0921047272265    0.496489340808  -0.1  0.9  0.00702131838309    0.184209454453     2400.0  4.83521081281  -1.11350010847  -0.711919818974
