#mu0            mu1              mu2             x0              x1                 x2              mua   mub   xa                 xb                 T       b              u               phi
0.066666666667  -0.333333333333  0.266666666667  0.5             0.0                0.5             -0.2  -0.4  0.0                0.0                30.0    386.816865025  -1.31774118     -1.65107451333
0.066666666667  -0.333333333333  0.266666666667  0.5             0.0                0.5             -0.2  -0.4  0.0                0.0                40.0    290.112648769  -1.31774118     -1.65107451333
0.066666666667  -0.333333333333  0.266666666667  0.5             0.0                0.5             -0.2  -0.4  0.0                0.0                50.0    232.090119015  -1.31774118     -1.65107451333
0.066666666667  -0.333333333333  0.266666666667  0.5             0.0                0.5             -0.2  -0.4  0.0                0.0                60.0    193.408432513  -1.31774118     -1.65107451333
0.066666666667  -0.333333333333  0.266666666667  0.5             0.0                0.5             -0.2  -0.4  0.0                0.0                70.0    165.778656439  -1.31774118     -1.65107451333
0.066666666667  -0.333333333333  0.266666666667  0.5             0.0                0.5             -0.2  -0.4  0.0                0.0                80.0    145.056324384  -1.31774118     -1.65107451333
0.066666666667  -0.333333333333  0.266666666667  0.5             0.0                0.5             -0.2  -0.4  0.0                0.0                90.0    128.938955008  -1.31774118     -1.65107451333
0.066666666667  -0.333333333333  0.266666666667  0.5             0.0                0.5             -0.2  -0.4  0.0                0.0                100.0   116.045059507  -1.31774118     -1.65107451333
0.066666666667  -0.333333333333  0.266666666667  0.5             0.0                0.5             -0.2  -0.4  0.0                0.0                110.0   105.495508643  -1.31774118     -1.65107451333
0.066666666667  -0.333333333333  0.266666666667  0.5             0.0                0.5             -0.2  -0.4  0.0                0.0                120.0   96.7042162563  -1.31774118     -1.65107451333
0.066666666667  -0.333333333333  0.266666666667  0.5             0.0                0.5             -0.2  -0.4  0.0                0.0                130.0   89.2654303904  -1.31774118     -1.65107451333
0.066666666667  -0.333333333333  0.266666666667  0.5             0.0                0.5             -0.2  -0.4  0.0                0.0                140.0   82.8893282196  -1.31774118     -1.65107451333
0.066666666667  -0.333333333333  0.266666666667  0.5             0.0                0.5             -0.2  -0.4  0.0                0.0                150.0   77.363373005   -1.31774118     -1.65107451333
0.066666666667  -0.333333333333  0.266666666667  0.5             0.0                0.5             -0.2  -0.4  0.0                0.0                160.0   72.5281621922  -1.31774118     -1.65107451333
0.066666666667  -0.333333333333  0.266666666667  0.5             0.0                0.5             -0.2  -0.4  0.0                0.0                170.0   68.2617997103  -1.31774118     -1.65107451333
0.066666666667  -0.333333333333  0.266666666667  0.5             0.0                0.5             -0.2  -0.4  0.0                0.0                180.0   64.4694775042  -1.31774118     -1.65107451333
0.066666666667  -0.333333333333  0.266666666667  0.5             0.0                0.5             -0.2  -0.4  0.0                0.0                190.0   61.0763471092  -1.31774118     -1.65107451333
0.066666666667  -0.333333333333  0.266666666667  0.5             0.0                0.5             -0.2  -0.4  0.0                0.0                200.0   58.0225297537  -1.31774118     -1.65107451333
0.066666666667  -0.333333333333  0.266666666667  0.5             0.0                0.5             -0.2  -0.4  0.0                0.0                210.0   55.2595521464  -1.31774118     -1.65107451333
0.066666666667  -0.333333333333  0.266666666667  0.5             0.0                0.5             -0.2  -0.4  0.0                0.0                220.0   52.7477543216  -1.31774118     -1.65107451333
0.066666666667  -0.333333333333  0.266666666667  0.5             0.0                0.5             -0.2  -0.4  0.0                0.0                230.0   50.4543736989  -1.31774118     -1.65107451333
0.066666666667  -0.333333333333  0.266666666667  0.5             0.0                0.5             -0.2  -0.4  0.0                0.0                240.0   48.3521081281  -1.31774118     -1.65107451333
0.066666666667  -0.333333333333  0.266666666667  0.5             0.0                0.5             -0.2  -0.4  0.0                0.0                250.0   46.418023803   -1.31774118     -1.65107451333
0.066666666667  -0.333333333333  0.266666666667  0.5             0.0                0.5             -0.2  -0.4  0.0                0.0                260.0   44.6327151952  -1.31774118     -1.65107451333
0.066666666667  -0.333333333333  0.266666666667  0.5             0.0                0.5             -0.2  -0.4  0.0                0.0                270.0   42.9796516694  -1.31774118     -1.65107451333
0.066666666667  -0.333333333333  0.266666666667  0.5             0.0                0.5             -0.2  -0.4  0.0                0.0                280.0   41.4446641098  -1.31774118     -1.65107451333
0.066666666667  -0.333333333333  0.266666666667  0.5             0.0                0.5             -0.2  -0.4  0.0                0.0                290.0   40.0155377612  -1.31774118     -1.65107451333
0.066666666667  -0.333333333333  0.266666666667  0.5             0.0                0.5             -0.2  -0.4  0.0                0.0                300.0   38.6816865025  -1.31774118     -1.65107451333
0.066666666667  -0.333333333333  0.266666666667  0.5             0.0                0.5             -0.2  -0.4  0.0                0.0                310.0   37.4338901637  -1.31774118     -1.65107451333
0.066666666667  -0.333333333333  0.266666666667  0.5             0.0                0.5             -0.2  -0.4  0.0                0.0                320.0   36.2640810961  -1.31774118     -1.65107451333
0.066666666667  -0.333333333333  0.266666666667  0.5             0.0                0.5             -0.2  -0.4  0.0                0.0                330.0   35.1651695477  -1.31774118     -1.65107451333
0.066666666667  -0.333333333333  0.266666666667  0.5             0.0                0.5             -0.2  -0.4  0.0                0.0                340.0   34.1308998551  -1.31774118     -1.65107451333
0.066666666667  -0.333333333333  0.266666666667  0.5             0.0                0.5             -0.2  -0.4  0.0                0.0                350.0   33.1557312879  -1.31774118     -1.65107451333
0.066666666667  -0.333333333333  0.266666666667  0.5             0.0                0.5             -0.2  -0.4  0.0                0.0                360.0   32.2347387521  -1.31774118     -1.65107451333
0.066666666667  -0.333333333333  0.266666666667  0.5             0.0                0.5             -0.2  -0.4  0.0                0.0                370.0   31.3635295966  -1.31774118     -1.65107451333
0.066666666667  -0.333333333333  0.266666666667  0.5             0.0                0.5             -0.2  -0.4  0.0                0.0                380.0   30.5381735546  -1.31774118     -1.65107451333
0.066666666667  -0.333333333333  0.266666666667  0.5             0.0                0.5             -0.2  -0.4  0.0                0.0                390.0   29.7551434635  -1.31774118     -1.65107451333
0.066666666667  -0.333333333333  0.266666666667  0.5             0.0                0.5             -0.2  -0.4  0.0                0.0                400.0   29.0112648769  -1.31774118     -1.65107451333
0.066666666667  -0.333333333333  0.266666666667  0.5             0.0                0.5             -0.2  -0.4  0.0                0.0                410.0   28.3036730506  -1.31774118     -1.65107451333
0.066666666667  -0.333333333333  0.266666666667  0.5             0.0                0.5             -0.2  -0.4  0.0                0.0                420.0   27.6297760732  -1.31774118     -1.65107451333
0.066666666667  -0.333333333333  0.266666666667  0.5             0.0                0.5             -0.2  -0.4  0.0                0.0                430.0   26.9872231413  -1.31774118     -1.65107451333
0.066666666667  -0.333333333333  0.266666666667  0.5             0.0                0.5             -0.2  -0.4  0.0                0.0                440.0   26.3738771608  -1.31774118     -1.65107451333
0.066666666667  -0.333333333333  0.266666666667  0.5             0.0                0.5             -0.2  -0.4  0.0                0.0                450.0   25.7877910017  -1.31774118     -1.65107451333
0.066666666667  -0.333333333333  0.266666666667  0.5             0.0                0.5             -0.2  -0.4  0.0                0.0                460.0   25.2271868495  -1.31774118     -1.65107451333
0.066666666667  -0.333333333333  0.266666666667  0.5             0.0                0.5             -0.2  -0.4  0.0                0.0                470.0   24.6904381931  -1.31774118     -1.65107451333
0.066666666667  -0.333333333333  0.266666666667  0.5             0.0                0.5             -0.2  -0.4  0.0                0.0                480.0   24.1760540641  -1.31774118     -1.65107451333
0.066666666667  -0.333333333333  0.266666666667  0.5             0.0                0.5             -0.2  -0.4  0.0                0.0                490.0   23.6826652056  -1.31774118     -1.65107451333
0.066666666667  -0.333333333333  0.266666666667  0.5             0.0                0.5             -0.2  -0.4  0.0                0.0                500.0   23.2090119015  -1.31774118     -1.65107451333
0.066666666667  -0.333333333333  0.266666666667  0.5             0.0                0.5             -0.2  -0.4  0.0                0.0                510.0   22.7539332368  -1.31774118     -1.65107451333
0.066666666667  -0.333333333333  0.266666666667  0.5             0.0                0.5             -0.2  -0.4  0.0                0.0                520.0   22.3163575976  -1.31774118     -1.65107451333
0.066666666667  -0.333333333333  0.266666666667  0.5             0.0                0.5             -0.2  -0.4  0.0                0.0                530.0   21.8952942467  -1.31774118     -1.65107451333
0.066666666667  -0.333333333333  0.266666666667  0.5             0.0                0.5             -0.2  -0.4  0.0                0.0                540.0   21.4898258347  -1.31774118     -1.65107451333
0.066666666667  -0.333333333333  0.266666666667  0.5             0.0                0.5             -0.2  -0.4  0.0                0.0                550.0   21.0991017286  -1.31774118     -1.65107451333
0.066666666667  -0.333333333333  0.266666666667  0.5             0.0                0.5             -0.2  -0.4  0.0                0.0                560.0   20.7223320549  -1.31774118     -1.65107451333
0.066666666667  -0.333333333333  0.266666666667  0.5             0.0                0.5             -0.2  -0.4  0.0                0.0                570.0   20.3587823697  -1.31774118     -1.65107451333
0.066666666667  -0.333333333333  0.266666666667  0.5             0.0                0.5             -0.2  -0.4  0.0                0.0                580.0   20.0077688806  -1.31774118     -1.65107451333
0.066666666667  -0.333333333333  0.266666666667  0.5             0.0                0.5             -0.2  -0.4  0.0                0.0                590.0   19.6686541538  -1.31774118     -1.65107451333
0.066666666667  -0.333333333333  0.266666666667  0.5             0.0                0.5             -0.2  -0.4  0.0                0.0                600.0   19.3408432512  -1.31774118     -1.65107451333
0.066666666667  -0.333333333333  0.266666666667  0.5             0.0                0.5             -0.2  -0.4  0.0                0.0                610.0   19.0237802471  -1.31774118     -1.65107451333
0.066666666667  -0.333333333333  0.266666666667  0.5             0.0                0.5             -0.2  -0.4  0.0                0.0                620.0   18.7169450819  -1.31774118     -1.65107451333
0.066666666667  -0.333333333333  0.266666666667  0.5             0.0                0.5             -0.2  -0.4  0.0                0.0                630.0   18.4198507155  -1.31774118     -1.65107451333
0.066666666667  -0.333333333333  0.266666666667  0.5             0.0                0.5             -0.2  -0.4  0.0                0.0                640.0   18.132040548   -1.31774118     -1.65107451333
0.066666666667  -0.333333333333  0.266666666667  0.5             0.0                0.5             -0.2  -0.4  0.0                0.0                650.0   17.8530860781  -1.31774118     -1.65107451333
0.066666666667  -0.333333333333  0.266666666667  0.5             0.0                0.5             -0.2  -0.4  0.0                0.0                660.0   17.5825847739  -1.31774118     -1.65107451333
0.066666666667  -0.333333333333  0.266666666667  0.5             0.0                0.5             -0.2  -0.4  0.0                0.0                670.0   17.3201581354  -1.31774118     -1.65107451333
0.066666666667  -0.333333333333  0.266666666667  0.5             0.0                0.5             -0.2  -0.4  0.0                0.0                680.0   17.0654499276  -1.31774118     -1.65107451333
0.066666666667  -0.333333333333  0.266666666667  0.5             0.0                0.5             -0.2  -0.4  0.0                0.0                690.0   16.8181245663  -1.31774118     -1.65107451333
0.066666666667  -0.333333333333  0.266666666667  0.5             0.0                0.5             -0.2  -0.4  0.0                0.0                700.0   16.5778656439  -1.31774118     -1.65107451333
0.066666666667  -0.333333333333  0.266666666667  0.5             0.0                0.5             -0.2  -0.4  0.0                0.0                710.0   16.3443745785  -1.31774118     -1.65107451333
0.066666666667  -0.333333333333  0.266666666667  0.5             0.0                0.5             -0.2  -0.4  0.0                0.0                720.0   16.117369376   -1.31774118     -1.65107451333
0.066666666667  -0.333333333333  0.266666666667  0.5             0.0                0.5             -0.2  -0.4  0.0                0.0                730.0   15.8965834942  -1.31774118     -1.65107451333
0.066666666667  -0.333333333333  0.266666666667  0.5             0.0                0.5             -0.2  -0.4  0.0                0.0                740.0   15.6817647983  -1.31774118     -1.65107451333
0.066666666667  -0.333333333333  0.266666666667  0.5             0.0                0.5             -0.2  -0.4  0.0                0.0                750.0   15.472674601   -1.31774118     -1.65107451333
0.066666666667  -0.333333333333  0.266666666667  0.5             0.0                0.5             -0.2  -0.4  0.0                0.0                760.0   15.2690867773  -1.31774118     -1.65107451333
0.066666666667  -0.333333333333  0.266666666667  0.5             0.0                0.5             -0.2  -0.4  0.0                0.0                770.0   15.070786949   -1.31774118     -1.65107451333
0.066666666667  -0.333333333333  0.266666666667  0.5             0.0                0.5             -0.2  -0.4  0.0                0.0                780.0   14.8775717317  -1.31774118     -1.65107451333
0.066666666667  -0.333333333333  0.266666666667  0.5             0.0                0.5             -0.2  -0.4  0.0                0.0                790.0   14.6892480389  -1.31774118     -1.65107451333
0.066666666667  -0.333333333333  0.266666666667  0.500000139489  0.0                0.499999860511  -0.2  -0.4  2.78978003809e-07  0.0                800.0   14.5056324384  -1.31774089958  -1.65107417712
0.066666666667  -0.333333333333  0.266666666667  0.5             0.0                0.5             -0.2  -0.4  0.0                0.0                810.0   14.3265505565  -1.31774118     -1.65107451333
0.066666666667  -0.333333333333  0.266666666667  0.5             0.0                0.5             -0.2  -0.4  0.0                0.0                820.0   14.1518365253  -1.31774118     -1.65107451333
0.066666666667  -0.333333333333  0.266666666667  0.5             0.0                0.5             -0.2  -0.4  0.0                0.0                830.0   13.9813324708  -1.31774118     -1.65107451333
0.066666666667  -0.333333333333  0.266666666667  0.5             0.0                0.5             -0.2  -0.4  0.0                0.0                840.0   13.8148880366  -1.31774118     -1.65107451333
0.066666666667  -0.333333333333  0.266666666667  0.5             0.0                0.5             -0.2  -0.4  0.0                0.0                850.0   13.6523599421  -1.31774118     -1.65107451333
0.066666666667  -0.333333333333  0.266666666667  0.5             0.0                0.5             -0.2  -0.4  0.0                0.0                860.0   13.4936115706  -1.31774118     -1.65107451333
0.066666666667  -0.333333333333  0.266666666667  0.5             0.0                0.5             -0.2  -0.4  0.0                0.0                870.0   13.3385125871  -1.31774118     -1.65107451333
0.066666666667  -0.333333333333  0.266666666667  0.500000418467  0.0                0.499999581533  -0.2  -0.4  8.36934009874e-07  0.0                880.0   13.1869385804  -1.31774033875  -1.6510735047
0.066666666667  -0.333333333333  0.266666666667  0.5             0.0                0.5             -0.2  -0.4  0.0                0.0                890.0   13.0387707312  -1.31774118     -1.65107451333
0.066666666667  -0.333333333333  0.266666666667  0.5             0.0                0.5             -0.2  -0.4  0.0                0.0                900.0   12.8938955008  -1.31774118     -1.65107451333
0.066666666667  -0.333333333333  0.266666666667  0.500000278978  0.0                0.499999721022  -0.2  -0.4  5.57956005842e-07  0.0                910.0   12.7522043415  -1.31774061917  -1.65107384091
0.066666666667  -0.333333333333  0.266666666667  0.500000278978  0.0                0.499999721022  -0.2  -0.4  5.57956005842e-07  0.0                920.0   12.6135934247  -1.31774061917  -1.65107384091
0.066666666667  -0.333333333333  0.266666666667  0.500000139489  0.0                0.499999860511  -0.2  -0.4  2.78978003809e-07  0.0                930.0   12.4779633879  -1.31774089958  -1.65107417712
0.066666666667  -0.333333333333  0.266666666667  0.5             0.0                0.5             -0.2  -0.4  0.0                0.0                940.0   12.3452190965  -1.31774118     -1.65107451333
0.066666666667  -0.333333333333  0.266666666667  0.500000278978  0.0                0.499999721022  -0.2  -0.4  5.57956005842e-07  0.0                950.0   12.2152694218  -1.31774061917  -1.65107384091
0.066666666667  -0.333333333333  0.266666666667  0.5             0.0                0.5             -0.2  -0.4  0.0                0.0                960.0   12.088027032   -1.31774118     -1.65107451333
0.066666666667  -0.333333333333  0.266666666667  0.499999860511  1.39489001953e-07  0.5             -0.2  -0.4  4.84892480985e-17  2.78978003906e-07  970.0   11.9634081967  -1.3177408845   -1.65107410624
0.066666666667  -0.333333333333  0.266666666667  0.500000139489  0.0                0.499999860511  -0.2  -0.4  2.78978003809e-07  0.0                980.0   11.8413326028  -1.31774089958  -1.65107417712
0.066666666667  -0.333333333333  0.266666666667  0.500000278978  0.0                0.499999721022  -0.2  -0.4  5.57956005842e-07  0.0                990.0   11.7217231826  -1.31774061917  -1.65107384091
0.066666666667  -0.333333333333  0.266666666667  0.500000139489  0.0                0.499999860511  -0.2  -0.4  2.78978003809e-07  0.0                1000.0  11.6045059507  -1.31774089958  -1.65107417712
0.066666666667  -0.333333333333  0.266666666667  0.500000139489  0.0                0.499999860511  -0.2  -0.4  2.78978003809e-07  0.0                1010.0  11.4896098522  -1.31774089958  -1.65107417712
0.066666666667  -0.333333333333  0.266666666667  0.500000976423  0.0                0.499999023577  -0.2  -0.4  1.95284602156e-06  0.0                1020.0  11.3769666184  -1.31773921708  -1.65107215985
0.066666666667  -0.333333333333  0.266666666667  0.500000557956  0.0                0.499999442044  -0.2  -0.4  1.11591201168e-06  0.0                1030.0  11.2665106318  -1.31774005833  -1.65107316848
0.066666666667  -0.333333333333  0.266666666667  0.500000976423  0.0                0.499999023577  -0.2  -0.4  1.95284602156e-06  0.0                1040.0  11.1581787988  -1.31773921708  -1.65107215985
0.066666666667  -0.333333333333  0.266666666667  0.500002092335  0.0                0.499997907665  -0.2  -0.4  4.18467004693e-06  0.0                1050.0  11.0519104293  -1.31773697375  -1.65106947015
0.066666666667  -0.333333333333  0.266666666667  0.500000976423  0.0                0.499999023577  -0.2  -0.4  1.95284602156e-06  0.0                1060.0  10.9476471233  -1.31773921708  -1.65107215985
0.066666666667  -0.333333333333  0.266666666667  0.500000278978  0.0                0.499999721022  -0.2  -0.4  5.57956005842e-07  0.0                1070.0  10.8453326643  -1.31774061917  -1.65107384091
0.066666666667  -0.333333333333  0.266666666667  0.500000418467  0.0                0.499999581533  -0.2  -0.4  8.36934009874e-07  0.0                1080.0  10.7449129174  -1.31774033875  -1.6510735047
0.066666666667  -0.333333333333  0.266666666667  0.500000278978  1.39489001953e-07  0.499999581533  -0.2  -0.4  8.369340097e-07    2.78978003906e-07  1090.0  10.6463357346  -1.31774004325  -1.6510730976
0.066666666667  -0.333333333333  0.266666666667  0.500001255401  0.0                0.499998744599  -0.2  -0.4  2.5108020274e-06   0.0                1100.0  10.5495508643  -1.31773865625  -1.65107148742
0.066666666667  -0.333333333333  0.266666666667  0.500000836934  2.7897800293e-07   0.499998884088  -0.2  -0.4  2.23182402526e-06  5.57956005859e-07  1110.0  10.4545098655  -1.31773834567  -1.65107100945
0.066666666667  -0.333333333333  0.266666666667  0.500001534379  5.57956005859e-07  0.499997907665  -0.2  -0.4  4.18467004694e-06  1.11591201172e-06  1120.0  10.3611660275  -1.31773579175  -1.65106784178
0.066666666667  -0.333333333333  0.266666666667  0.500001952846  0.0                0.499998047154  -0.2  -0.4  3.90569204489e-06  0.0                1130.0  10.2694742927  -1.31773725417  -1.65106980636
0.066666666667  -0.333333333333  0.266666666667  0.500000557956  0.0                0.499999442044  -0.2  -0.4  1.11591201168e-06  0.0                1140.0  10.1793911849  -1.31774005833  -1.65107316848
0.066666666667  -0.333333333333  0.266666666667  0.500000836934  1.25540101367e-06  0.499997907665  -0.2  -0.4  4.18467004679e-06  2.51080202734e-06  1150.0  10.0908747398  -1.31773431425  -1.65106580633
0.066666666667  -0.333333333333  0.266666666667  0.500002092335  0.0                0.499997907665  -0.2  -0.4  4.18467004693e-06  0.0                1160.0  10.0038844403  -1.31773697375  -1.65106947015
0.066666666667  -0.333333333333  0.266666666667  0.500002231824  6.97445007813e-07  0.499997070731  -0.2  -0.4  5.8585380664e-06   1.39489001563e-06  1170.0  9.91838115449  -1.31773381375  -1.65106541742
0.066666666667  -0.333333333333  0.266666666667  0.500003208247  6.97445007813e-07  0.499996094308  -0.2  -0.4  7.81138408785e-06  1.39489001563e-06  1180.0  9.83432707691  -1.31773185083  -1.65106306393
0.066666666667  -0.333333333333  0.266666666667  0.500003626714  5.57956005859e-07  0.49999581533   -0.2  -0.4  8.36934009387e-06  1.11591201172e-06  1190.0  9.7516856729   -1.3177315855   -1.6510627986
0.066666666667  -0.333333333333  0.266666666667  0.500005998027  6.97445007813e-07  0.499993304528  -0.2  -0.4  1.33909441505e-05  1.39489001563e-06  1200.0  9.67042162562  -1.3177262425   -1.65105633969
0.066666666667  -0.333333333333  0.266666666667  0.500006137516  1.39489001953e-07  0.499993722995  -0.2  -0.4  1.25540101417e-05  2.78978003906e-07  1210.0  9.59050078574  -1.31772826575  -1.65105897669
0.066666666667  -0.333333333333  0.266666666667  0.500002650291  5.57956005859e-07  0.499996791753  -0.2  -0.4  6.4164940722e-06   1.11591201172e-06  1220.0  9.51189012357  -1.31773354842  -1.65106515209
0.066666666667  -0.333333333333  0.266666666667  0.500005440071  1.53437901758e-06  0.49999302555   -0.2  -0.4  1.39489001573e-05  3.06875803516e-06  1230.0  9.43455768354  -1.31772390866  -1.65105322471
0.066666666667  -0.333333333333  0.266666666667  0.500007392917  4.18467004883e-07  0.499992188616  -0.2  -0.4  1.56227681757e-05  8.36934009766e-07  1240.0  9.35847254093  -1.31772459017  -1.65105446417
0.066666666667  -0.333333333333  0.266666666667  0.500005719049  8.36934009766e-07  0.499993444017  -0.2  -0.4  1.31119661485e-05  1.67386801953e-06  1250.0  9.2836047606   -1.31772622741  -1.65105626881
0.066666666667  -0.333333333333  0.266666666667  0.500008787807  6.97445007813e-07  0.499990514748  -0.2  -0.4  1.89705042129e-05  1.39489001563e-06  1260.0  9.20992535774  -1.31772063416  -1.65104961544
0.066666666667  -0.333333333333  0.266666666667  0.500007671895  2.7897800293e-07   0.499992049127  -0.2  -0.4  1.59017461796e-05  5.57956005859e-07  1270.0  9.13740626043  -1.31772460525  -1.65105453505
0.066666666667  -0.333333333333  0.266666666667  0.500009206274  1.39489001953e-07  0.499990654237  -0.2  -0.4  1.86915262109e-05  2.78978003906e-07  1280.0  9.06602027402  -1.31772209658  -1.65105158002
0.066666666667  -0.333333333333  0.266666666667  0.500005998027  1.53437901758e-06  0.499992467594  -0.2  -0.4  1.506481217e-05    3.06875803516e-06  1290.0  8.99574104709  -1.317722787    -1.65105187986
0.066666666667  -0.333333333333  0.266666666667  0.50000976423   1.53437901758e-06  0.499988701391  -0.2  -0.4  2.25972182548e-05  3.06875803516e-06  1300.0  8.92654303904  -1.31771521575  -1.65104280213
0.066666666667  -0.333333333333  0.266666666667  0.50000976423   2.51080202832e-06  0.499987724968  -0.2  -0.4  2.45500642773e-05  5.02160405664e-06  1310.0  8.85840148912  -1.31771118433  -1.65103759901
0.066666666667  -0.333333333333  0.266666666667  0.500012832988  1.67386801855e-06  0.499985493144  -0.2  -0.4  2.90137123262e-05  3.34773603711e-06  1320.0  8.79129238693  -1.31770847066  -1.65103466216
0.066666666667  -0.333333333333  0.266666666667  0.500016041235  1.1159120127e-06   0.499982842853  -0.2  -0.4  3.43142943867e-05  2.23182402539e-06  1330.0  8.72519244417  -1.31770432475  -1.65102990249
0.066666666667  -0.333333333333  0.266666666667  0.500011298609  9.76423010742e-07  0.499987724968  -0.2  -0.4  2.45500642764e-05  1.95284602148e-06  1340.0  8.66007906772  -1.31771443981  -1.65104208199
0.066666666667  -0.333333333333  0.266666666667  0.500011996054  2.51080202832e-06  0.499985493144  -0.2  -0.4  2.90137123261e-05  5.02160405664e-06  1350.0  8.59593033389  -1.31770669766  -1.65103221961
0.066666666667  -0.333333333333  0.266666666667  0.500013111966  2.78978003125e-06  0.499984098254  -0.2  -0.4  3.18034923575e-05  5.5795600625e-06   1360.0  8.53272496379  -1.31770330249  -1.6510280433
0.066666666667  -0.333333333333  0.266666666667  0.50001952846   8.36934009766e-07  0.499979634606  -0.2  -0.4  4.07307884588e-05  1.67386801953e-06  1370.0  8.47044229982  -1.31769846616  -1.65102298379
0.066666666667  -0.333333333333  0.266666666667  0.500022876196  1.67386801855e-06  0.499975449936  -0.2  -0.4  4.91001285527e-05  3.34773603711e-06  1380.0  8.40906228315  -1.31768828066  -1.65101045488
0.066666666667  -0.333333333333  0.266666666667  0.500018691526  2.23182402539e-06  0.49997907665   -0.2  -0.4  4.18467004715e-05  4.46364805078e-06  1390.0  8.34856543219  -1.31769438949  -1.65101756803
0.066666666667  -0.333333333333  0.266666666667  0.500020504883  1.95284602246e-06  0.499977542271  -0.2  -0.4  4.49154585067e-05  3.90569204492e-06  1400.0  8.28893282196  -1.31769189591  -1.65101468388
0.066666666667  -0.333333333333  0.266666666667  0.500019807438  3.76620304199e-06  0.499976426359  -0.2  -0.4  4.71472825313e-05  7.53240608398e-06  1410.0  8.23014606436  -1.31768581108  -1.65100670199
0.066666666667  -0.333333333333  0.266666666667  0.500020086416  3.34773603809e-06  0.499976565848  -0.2  -0.4  4.68683045283e-05  6.69547207617e-06  1420.0  8.17218728926  -1.31768697799  -1.65100825948
0.066666666667  -0.333333333333  0.266666666667  0.500022597218  5.02160405664e-06  0.499972381178  -0.2  -0.4  5.5237644623e-05   1.00432081133e-05  1430.0  8.1150391264   -1.31767502033  -1.65099328885
0.066666666667  -0.333333333333  0.266666666667  0.500023434152  3.90569204395e-06  0.499972660156  -0.2  -0.4  5.46796886151e-05  7.81138408789e-06  1440.0  8.05868468802  -1.3176779493   -1.65099722215
0.066666666667  -0.333333333333  0.266666666667  0.500026084443  5.02160405664e-06  0.499968893953  -0.2  -0.4  6.22120947012e-05  1.00432081133e-05  1450.0  8.00310755224  -1.31766800907  -1.6509848827
0.066666666667  -0.333333333333  0.266666666667  0.50002929269   3.34773603809e-06  0.499967359574  -0.2  -0.4  6.52808527353e-05  6.69547207617e-06  1460.0  7.94829174709  -1.31766847012  -1.65098606909
0.066666666667  -0.333333333333  0.266666666667  0.50003487225   5.02160405664e-06  0.499960106146  -0.2  -0.4  7.97877088986e-05  1.00432081133e-05  1470.0  7.8942217352   -1.31765034464  -1.65096370314
0.066666666667  -0.333333333333  0.266666666667  0.500035569695  4.74262605371e-06  0.499959687679  -0.2  -0.4  8.06246429082e-05  9.48525210742e-06  1480.0  7.84088239916  -1.3176500962   -1.6509635105
0.066666666667  -0.333333333333  0.266666666667  0.500036825096  3.76620304199e-06  0.499959408701  -0.2  -0.4  8.11825989139e-05  7.53240608398e-06  1490.0  7.78825902735  -1.31765159411  -1.65096567796
0.066666666667  -0.333333333333  0.266666666667  0.50003766203   7.81138408789e-06  0.499954526585  -0.2  -0.4  9.09468290245e-05  1.56227681758e-05  1500.0  7.7363373005   -1.3176332188   -1.65094211367
0.066666666667  -0.333333333333  0.266666666667  0.500042683634  6.6954720752e-06   0.499950620893  -0.2  -0.4  9.87582131122e-05  1.33909441504e-05  1510.0  7.68510327864  -1.31762772848  -1.6509359538
0.066666666667  -0.333333333333  0.266666666667  0.500039196409  7.95087308984e-06  0.499952852717  -0.2  -0.4  9.42945650623e-05  1.59017461797e-05  1520.0  7.63454338865  -1.31762956435  -1.65093767807
0.066666666667  -0.333333333333  0.266666666667  0.500046449838  5.99802706738e-06  0.499947552135  -0.2  -0.4  0.000104895729182  1.19960541348e-05  1530.0  7.58464441225  -1.31762304045  -1.65093059621
0.066666666667  -0.333333333333  0.266666666667  0.500054679689  7.95087308984e-06  0.499937369438  -0.2  -0.4  0.000125261123411  1.59017461797e-05  1540.0  7.53539347451  -1.31759842913  -1.65090034954
0.066666666667  -0.333333333333  0.266666666667  0.500050076552  8.64831809766e-06  0.49994127513   -0.2  -0.4  0.000117449739323  1.72966361953e-05  1550.0  7.48677803274  -1.31760480553  -1.65090773026
0.066666666667  -0.333333333333  0.266666666667  0.500061235672  8.36934009473e-06  0.499930394988  -0.2  -0.4  0.000139210023568  1.67386801895e-05  1560.0  7.43878586587  -1.31758351163  -1.65088230748
0.066666666667  -0.333333333333  0.266666666667  0.500063328007  1.00432081133e-05  0.499926628785  -0.2  -0.4  0.000146742429653  2.00864162266e-05  1570.0  7.39140506417  -1.31757239577  -1.65086834605
0.066666666667  -0.333333333333  0.266666666667  0.500062630562  9.06678510254e-06  0.499928302653  -0.2  -0.4  0.000143394693615  1.81335702051e-05  1580.0  7.34462401946  -1.31757784657  -1.65087524754
0.066666666667  -0.333333333333  0.266666666667  0.50005732998   1.19960541348e-05  0.499930673966  -0.2  -0.4  0.000138652067561  2.39921082695e-05  1590.0  7.29843141557  -1.31757640496  -1.65087241104
0.066666666667  -0.333333333333  0.266666666667  0.500062770051  1.57622571777e-05  0.499921467692  -0.2  -0.4  0.00015706461577   3.15245143555e-05  1600.0  7.25281621922  -1.31754990159  -1.65083921219
0.066666666667  -0.333333333333  0.266666666667  0.500080066687  1.36699221543e-05  0.499906263391  -0.2  -0.4  0.000187473218112  2.73398443086e-05  1610.0  7.20776767127  -1.31752378705  -1.6508086898
0.066666666667  -0.333333333333  0.266666666667  0.500062770051  1.33909441504e-05  0.499923839005  -0.2  -0.4  0.000152321989715  2.67818883008e-05  1620.0  7.16327527824  -1.31755970588  -1.65085186206
0.066666666667  -0.333333333333  0.266666666667  0.500072952748  1.50648121699e-05  0.49991198244   -0.2  -0.4  0.000176035119983  3.01296243398e-05  1630.0  7.11932880414  -1.31753232245  -1.65081839691
0.066666666667  -0.333333333333  0.266666666667  0.500078950775  1.79940812031e-05  0.499903055144  -0.2  -0.4  0.000193889712185  3.59881624063e-05  1640.0  7.07591826265  -1.31750816574  -1.65078832587
0.066666666667  -0.333333333333  0.266666666667  0.500084111868  1.43673671621e-05  0.499901520765  -0.2  -0.4  0.000196958470219  2.87347343242e-05  1650.0  7.03303390954  -1.3175127937   -1.65079524144
0.066666666667  -0.333333333333  0.266666666667  0.500087878071  2.27367072559e-05  0.499889385222  -0.2  -0.4  0.000221229556492  4.54734145117e-05  1660.0  6.99066623539  -1.31747060684  -1.6507415049
0.066666666667  -0.333333333333  0.266666666667  0.500108801421  1.59017461787e-05  0.499875296833  -0.2  -0.4  0.000249406334809  3.18034923574e-05  1670.0  6.94880595853  -1.31745680196  -1.65072753263
0.066666666667  -0.333333333333  0.266666666667  0.50008522778   2.24577292529e-05  0.499892314491  -0.2  -0.4  0.000215371018426  4.49154585059e-05  1680.0  6.9074440183   -1.31747714042  -1.65074943336
0.066666666667  -0.333333333333  0.266666666667  0.50009917668   2.39921082705e-05  0.499876831212  -0.2  -0.4  0.000246337576775  4.7984216541e-05   1690.0  6.86657156849  -1.31744275975  -1.65070763188
0.066666666667  -0.333333333333  0.266666666667  0.50012010003   2.06443722324e-05  0.499859255597  -0.2  -0.4  0.00028148880517   4.12887444648e-05  1700.0  6.82617997103  -1.31741452718  -1.65067504725
0.066666666667  -0.333333333333  0.266666666667  0.500112288646  2.9711157335e-05   0.499858000196  -0.2  -0.4  0.000283999607199  5.94223146699e-05  1710.0  6.78626078991  -1.31739280741  -1.6506455719
0.066666666667  -0.333333333333  0.266666666667  0.500117728717  2.69213773037e-05  0.499855349905  -0.2  -0.4  0.000289300189259  5.38427546074e-05  1720.0  6.74680578532  -1.31739341418  -1.65064735037
0.066666666667  -0.333333333333  0.266666666667  0.500118844629  2.87347343232e-05  0.499852420636  -0.2  -0.4  0.000295158727324  5.74694686465e-05  1730.0  6.70780690795  -1.31738365476  -1.65063496856
0.066666666667  -0.333333333333  0.266666666667  0.500131119661  3.43142943867e-05  0.499834566044  -0.2  -0.4  0.000330867911727  6.86285887734e-05  1740.0  6.66925629353  -1.317335929    -1.65057563732
0.066666666667  -0.333333333333  0.266666666667  0.500137396667  3.3337871376e-05   0.499829265462  -0.2  -0.4  0.000341469075847  6.6675742752e-05   1750.0  6.63114625757  -1.31732737018  -1.6505657394
0.066666666667  -0.333333333333  0.266666666667  0.500141581337  3.50117393945e-05  0.499823406924  -0.2  -0.4  0.000353186151978  7.00234787891e-05  1760.0  6.5934692902   -1.31731204384  -1.65054673055
0.066666666667  -0.333333333333  0.266666666667  0.500153856369  2.66423992998e-05  0.499819501232  -0.2  -0.4  0.000360997536066  5.32847985996e-05  1770.0  6.55621805127  -1.31732192785  -1.65056174776
0.066666666667  -0.333333333333  0.266666666667  0.500149253232  4.11492554639e-05  0.499809597513  -0.2  -0.4  0.000380804974289  8.22985109277e-05  1780.0  6.51938536559  -1.31727129356  -1.65049554649
0.066666666667  -0.333333333333  0.266666666667  0.500181754169  3.75225414229e-05  0.49978072329   -0.2  -0.4  0.000438553420939  7.50450828457e-05  1790.0  6.4829642183   -1.31722091887  -1.65043652349
0.066666666667  -0.333333333333  0.266666666667  0.500165712934  4.17072114697e-05  0.499792579855  -0.2  -0.4  0.000414840290672  8.34144229395e-05  1800.0  6.44694775042  -1.31723588271  -1.65045288221
0.066666666667  -0.333333333333  0.266666666667  0.500163062643  4.88211505498e-05  0.499788116207  -0.2  -0.4  0.000423767586773  9.76423010996e-05  1810.0  6.41132925456  -1.31721182622  -1.65042134912
0.066666666667  -0.333333333333  0.266666666667  0.500184264971  4.4496991501e-05   0.499771238037  -0.2  -0.4  0.000457523925153  8.8993983002e-05   1820.0  6.37610217074  -1.31718696053  -1.65039319148
0.066666666667  -0.333333333333  0.266666666667  0.500182172636  4.72867715322e-05  0.499770540592  -0.2  -0.4  0.000458918815169  9.45735430645e-05  1830.0  6.34126008238  -1.31717975326  -1.65038347342
0.066666666667  -0.333333333333  0.266666666667  0.50020532781   4.95185955576e-05  0.499745153594  -0.2  -0.4  0.00050969281174   9.90371911152e-05  1840.0  6.30679671236  -1.31712398873  -1.65031576862
0.066666666667  -0.333333333333  0.266666666667  0.500191239421  6.50018747324e-05  0.499743758704  -0.2  -0.4  0.000512482591773  0.000130003749465  1850.0  6.27270591932  -1.31708841191  -1.65026724722
0.066666666667  -0.333333333333  0.266666666667  0.500191099932  5.39822436084e-05  0.499754917824  -0.2  -0.4  0.000490164351521  0.000107964487217  1860.0  6.23898169395  -1.31713419234  -1.65032630701
0.066666666667  -0.333333333333  0.266666666667  0.500226809117  5.21688865879e-05  0.499721021997  -0.2  -0.4  0.000557956006285  0.000104337773176  1870.0  6.20561815548  -1.31706984563  -1.65024985265
0.066666666667  -0.333333333333  0.266666666667  0.500233644078  6.06777156836e-05  0.499705678207  -0.2  -0.4  0.000588643586631  0.000121355431367  1880.0  6.17260954827  -1.31702096617  -1.65018802861
0.066666666667  -0.333333333333  0.266666666667  0.500227367073  6.48623857305e-05  0.499707770542  -0.2  -0.4  0.000584458916584  0.000129724771461  1890.0  6.13995023849  -1.31701628253  -1.65018083418
0.066666666667  -0.333333333333  0.266666666667  0.50025289356   6.45834077275e-05  0.499682523032  -0.2  -0.4  0.000634953935152  0.000129166815455  1900.0  6.10763471092  -1.31696615781  -1.65012083363
0.066666666667  -0.333333333333  0.266666666667  0.500275072311  6.50018747324e-05  0.499659925814  -0.2  -0.4  0.000680148371662  0.000130003749465  1910.0  6.07565756584  -1.31691983952  -1.65006514168
0.066666666667  -0.333333333333  0.266666666667  0.500283302162  6.90470557773e-05  0.499647650782  -0.2  -0.4  0.000704698435937  0.000138094111555  1920.0  6.04401351602  -1.31688659779  -1.65002375379
0.066666666667  -0.333333333333  0.266666666667  0.500287068365  6.96050117842e-05  0.499643326623  -0.2  -0.4  0.000713346754035  0.000139210023568  1930.0  6.01269738381  -1.31687646452  -1.6500114445
0.066666666667  -0.333333333333  0.266666666667  0.500272003553  8.38328899443e-05  0.499644163557  -0.2  -0.4  0.000711672886016  0.000167665779889  1940.0  5.98170409833  -1.31684835616  -1.6499722886
0.066666666667  -0.333333333333  0.266666666667  0.500284557563  8.53672689619e-05  0.499630075168  -0.2  -0.4  0.000739849664334  0.000170734537924  1950.0  5.95102869269  -1.31681677481  -1.64993384439
0.066666666667  -0.333333333333  0.266666666667  0.500316500545  8.56462469648e-05  0.499597853208  -0.2  -0.4  0.00080429358306   0.00017129249393   1960.0  5.9206663014   -1.31675127931  -1.64985523693
0.066666666667  -0.333333333333  0.266666666667  0.50032417244   9.9874125125e-05   0.499575953435  -0.2  -0.4  0.000848093129553  0.00019974825025   1970.0  5.89061215774  -1.31667717426  -1.64976098967
0.066666666667  -0.333333333333  0.266666666667  0.500308828649  0.000105035218184  0.499586136132  -0.2  -0.4  0.000827727735324  0.000210070436367  1980.0  5.86086159129  -1.31668657434  -1.64977033395
0.066666666667  -0.333333333333  0.266666666667  0.500357370822  9.42945650625e-05  0.499548334613  -0.2  -0.4  0.000903330774176  0.000188589130125  1990.0  5.8314100255   -1.31663353347  -1.649710765
0.066666666667  -0.333333333333  0.266666666667  0.500355836443  0.000103779817169  0.49954038374   -0.2  -0.4  0.000919232520354  0.000207559634338  2000.0  5.80225297537  -1.31659733947  -1.64966380245
0.066666666667  -0.333333333333  0.266666666667  0.500370622277  0.000103500839166  0.499525876884  -0.2  -0.4  0.000948246232682  0.000207001678332  2010.0  5.77338604515  -1.31656878615  -1.64962966957
0.066666666667  -0.333333333333  0.266666666667  0.500357789289  0.000106848575203  0.499535362136  -0.2  -0.4  0.000929275728467  0.000213697150406  2020.0  5.74480492611  -1.31658075831  -1.64964275764
0.066666666667  -0.333333333333  0.266666666667  0.500372714612  0.000110056822239  0.499517228566  -0.2  -0.4  0.000965542868875  0.000220113644479  2030.0  5.71650539446  -1.31653746362  -1.64958964292
0.066666666667  -0.333333333333  0.266666666667  0.500386384534  0.000130143238466  0.499483472227  -0.2  -0.4  0.00103305554564   0.000260286476932  2040.0  5.68848330919  -1.31642710984  -1.64944971747
0.066666666667  -0.333333333333  0.266666666667  0.500401867814  0.000132793529496  0.499465338657  -0.2  -0.4  0.00106932268604   0.000265587058992  2050.0  5.66073461012  -1.31638467053  -1.64939790451
0.066666666667  -0.333333333333  0.266666666667  0.500425301966  0.000119681563348  0.499455016471  -0.2  -0.4  0.00108996705828   0.000239363126695  2060.0  5.6332553159   -1.31639222154  -1.64941181621
0.066666666667  -0.333333333333  0.266666666667  0.500424883499  0.000148695275675  0.499426421226  -0.2  -0.4  0.00114715754892   0.00029739055135   2070.0  5.6060415221   -1.31627314767  -1.64925809328
0.066666666667  -0.333333333333  0.266666666667  0.500439390355  0.000158598994786  0.49940201065   -0.2  -0.4  0.00119597869947   0.000317197989572  2080.0  5.5790893994   -1.31620298921  -1.64917024761
0.066666666667  -0.333333333333  0.266666666667  0.500468543556  0.000137257177546  0.499394199266  -0.2  -0.4  0.00121160146765   0.000274514355092  2090.0  5.55239519175  -1.31623259527  -1.64921380256
0.066666666667  -0.333333333333  0.266666666667  0.500465614287  0.000153019434724  0.499381366278  -0.2  -0.4  0.00123726744394   0.000306038869447  2100.0  5.52595521464  -1.31617336415  -1.64913682845
0.066666666667  -0.333333333333  0.266666666667  0.500489187929  0.000170176581917  0.49934063549   -0.2  -0.4  0.00131872902085   0.000340353163834  2110.0  5.49976585344  -1.31605468724  -1.6489881335
0.066666666667  -0.333333333333  0.266666666667  0.500502578873  0.000168921180902  0.499328499946  -0.2  -0.4  0.00134300010713   0.000337842361805  2120.0  5.47382356168  -1.31603372897  -1.64896332534
0.066666666667  -0.333333333333  0.266666666667  0.500499091648  0.000189565553136  0.499311342799  -0.2  -0.4  0.00137731440151   0.000379131106271  2130.0  5.44812485951  -1.31595536827  -1.64886158628
0.066666666667  -0.333333333333  0.266666666667  0.500575392131  0.000182312125054  0.499242295743  -0.2  -0.4  0.00151540851307   0.000364624250107  2140.0  5.42266633213  -1.31583222623  -1.64871662816
0.066666666667  -0.333333333333  0.266666666667  0.500532429519  0.000194029201186  0.49927354128   -0.2  -0.4  0.00145291744037   0.000388058402371  2150.0  5.39744462826  -1.3158698767   -1.64875740318
0.066666666667  -0.333333333333  0.266666666667  0.500573857752  0.000197795404228  0.499228346843  -0.2  -0.4  0.00154330631338   0.000395590808455  2160.0  5.37245645868  -1.31577071585  -1.6486371516
0.066666666667  -0.333333333333  0.266666666667  0.500631327221  0.000203653942294  0.499165018837  -0.2  -0.4  0.00166996232681   0.000407307884588  2170.0  5.34769859482  -1.31563148692  -1.64846790463
0.066666666667  -0.333333333333  0.266666666667  0.500584319428  0.000217044886444  0.499198635686  -0.2  -0.4  0.00160272862805   0.000434089772889  2180.0  5.32316786732  -1.31567017217  -1.64850932387
0.066666666667  -0.333333333333  0.266666666667  0.500613193651  0.000215789485431  0.499171016864  -0.2  -0.4  0.00165796627268   0.000431578970861  2190.0  5.29886116473  -1.31561729685  -1.64844640534
0.066666666667  -0.333333333333  0.266666666667  0.500633140578  0.000224298314526  0.499142561107  -0.2  -0.4  0.00171487778532   0.000448596629053  2200.0  5.27477543216  -1.31554229629  -1.64835321541
0.066666666667  -0.333333333333  0.266666666667  0.500629234886  0.000242710862734  0.499128054251  -0.2  -0.4  0.00174389149764   0.000485421725469  2210.0  5.25090767002  -1.31547411655  -1.64826450289
0.066666666667  -0.333333333333  0.266666666667  0.500674150345  0.000243408307742  0.499082441348  -0.2  -0.4  0.00183511730467   0.000486816615484  2220.0  5.22725493277  -1.31538069502  -1.64815227824
0.066666666667  -0.333333333333  0.266666666667  0.500704977414  0.000253451515854  0.49904157107   -0.2  -0.4  0.00191685785959   0.000506903031709  2230.0  5.20381432769  -1.31527774638  -1.64802494692
0.066666666667  -0.333333333333  0.266666666667  0.500698700409  0.00025833363091   0.49904296596   -0.2  -0.4  0.00191406807956   0.00051666726182   2240.0  5.18058301373  -1.31526948409  -1.64801333691
0.066666666667  -0.333333333333  0.266666666667  0.500709580551  0.000272003553063  0.499018415896  -0.2  -0.4  0.00196316820811   0.000544007106127  2250.0  5.15755820033  -1.31519195869  -1.64791505554
0.066666666667  -0.333333333333  0.266666666667  0.500769979289  0.000269492751035  0.49896052796   -0.2  -0.4  0.00207894407942   0.00053898550207   2260.0  5.13473714635  -1.31508078209  -1.6477827324
0.066666666667  -0.333333333333  0.266666666667  0.500751985207  0.000280930849164  0.498967083943  -0.2  -0.4  0.00206583211327   0.000561861698328  2270.0  5.11211715892  -1.31506969552  -1.64776511775
0.066666666667  -0.333333333333  0.266666666667  0.500745150246  0.000293205881303  0.498961643872  -0.2  -0.4  0.00207671225539   0.000586411762605  2280.0  5.08969559243  -1.31503263595  -1.64771606213
0.066666666667  -0.333333333333  0.266666666667  0.500815313214  0.000294182304313  0.498890504482  -0.2  -0.4  0.00221899103699   0.000588364608627  2290.0  5.06746984749  -1.31488786346  -1.64754205275
0.066666666667  -0.333333333333  0.266666666667  0.500822008686  0.000315942588559  0.498862048725  -0.2  -0.4  0.00227590254963   0.000631885177117  2300.0  5.04543736989  -1.31478466083  -1.64741005958
0.066666666667  -0.333333333333  0.266666666667  0.500813918324  0.000338400317812  0.498847681358  -0.2  -0.4  0.00230463728396   0.000676800635623  2310.0  5.02359564968  -1.31470790313  -1.64730958875
0.066666666667  -0.333333333333  0.266666666667  0.500899983038  0.00033379718076   0.498766219781  -0.2  -0.4  0.00246756043779   0.00066759436152   2320.0  5.00194222015  -1.31455412035  -1.64712690385
0.066666666667  -0.333333333333  0.266666666667  0.50089691428   0.00035067534995   0.49875241037   -0.2  -0.4  0.00249517926011   0.0007013506999    2330.0  4.98047465697  -1.31448962445  -1.64704338165
0.066666666667  -0.333333333333  0.266666666667  0.500860926118  0.000373412057206  0.498765661825  -0.2  -0.4  0.00246867634981   0.000746824114412  2340.0  4.95919057724  -1.31446797908  -1.6470088475
0.066666666667  -0.333333333333  0.266666666667  0.500898030192  0.000358765712041  0.498743204096  -0.2  -0.4  0.00251359180831   0.000717531424082  2350.0  4.93808763862  -1.31445440469  -1.64699800709
0.066666666667  -0.333333333333  0.266666666667  0.500941550761  0.000369227387159  0.498689221852  -0.2  -0.4  0.00262155629553   0.000738454774318  2360.0  4.91716353845  -1.31432335876  -1.64683699892
0.066666666667  -0.333333333333  0.266666666667  0.500956336595  0.000389174314384  0.498654489091  -0.2  -0.4  0.00269102181831   0.000778348628768  2370.0  4.89641601298  -1.31421101817  -1.64669480768
0.066666666667  -0.333333333333  0.266666666667  0.500974191187  0.00040577350557   0.498620035307  -0.2  -0.4  0.00275992938509   0.000811547011141  2380.0  4.87584283645  -1.31410761925  -1.6465643479
0.066666666667  -0.333333333333  0.266666666667  0.501017711755  0.000413863867662  0.498568424377  -0.2  -0.4  0.00286315124625   0.000827727735324  2390.0  4.8554418204   -1.3139859603   -1.64641557229
0.066666666667  -0.333333333333  0.266666666667  0.501065835461  0.000434647728896  0.49849951681   -0.2  -0.4  0.0030009663798    0.000869295457791  2400.0  4.83521081281  -1.31380420385  -1.64618962572
