#mu0  mu1   mu2  x0              x1                 x2              mua   mub   xa                 xb                 T       b              u               phi
0.0   -0.7  0.7  0.5             0.0                0.5             -0.7  -0.7  0.0                0.0                30.0    386.816865025  -1.31774118     -2.01774118
0.0   -0.7  0.7  0.5             0.0                0.5             -0.7  -0.7  0.0                0.0                40.0    290.112648769  -1.31774118     -2.01774118
0.0   -0.7  0.7  0.5             0.0                0.5             -0.7  -0.7  0.0                0.0                50.0    232.090119015  -1.31774118     -2.01774118
0.0   -0.7  0.7  0.5             0.0                0.5             -0.7  -0.7  0.0                0.0                60.0    193.408432513  -1.31774118     -2.01774118
0.0   -0.7  0.7  0.5             0.0                0.5             -0.7  -0.7  0.0                0.0                70.0    165.778656439  -1.31774118     -2.01774118
0.0   -0.7  0.7  0.5             0.0                0.5             -0.7  -0.7  0.0                0.0                80.0    145.056324384  -1.31774118     -2.01774118
0.0   -0.7  0.7  0.5             0.0                0.5             -0.7  -0.7  0.0                0.0                90.0    128.938955008  -1.31774118     -2.01774118
0.0   -0.7  0.7  0.5             0.0                0.5             -0.7  -0.7  0.0                0.0                100.0   116.045059507  -1.31774118     -2.01774118
0.0   -0.7  0.7  0.5             0.0                0.5             -0.7  -0.7  0.0                0.0                110.0   105.495508643  -1.31774118     -2.01774118
0.0   -0.7  0.7  0.5             0.0                0.5             -0.7  -0.7  0.0                0.0                120.0   96.7042162563  -1.31774118     -2.01774118
0.0   -0.7  0.7  0.5             0.0                0.5             -0.7  -0.7  0.0                0.0                130.0   89.2654303904  -1.31774118     -2.01774118
0.0   -0.7  0.7  0.5             0.0                0.5             -0.7  -0.7  0.0                0.0                140.0   82.8893282196  -1.31774118     -2.01774118
0.0   -0.7  0.7  0.5             0.0                0.5             -0.7  -0.7  0.0                0.0                150.0   77.363373005   -1.31774118     -2.01774118
0.0   -0.7  0.7  0.5             0.0                0.5             -0.7  -0.7  0.0                0.0                160.0   72.5281621922  -1.31774118     -2.01774118
0.0   -0.7  0.7  0.5             0.0                0.5             -0.7  -0.7  0.0                0.0                170.0   68.2617997103  -1.31774118     -2.01774118
0.0   -0.7  0.7  0.5             0.0                0.5             -0.7  -0.7  0.0                0.0                180.0   64.4694775042  -1.31774118     -2.01774118
0.0   -0.7  0.7  0.5             0.0                0.5             -0.7  -0.7  0.0                0.0                190.0   61.0763471092  -1.31774118     -2.01774118
0.0   -0.7  0.7  0.5             0.0                0.5             -0.7  -0.7  0.0                0.0                200.0   58.0225297537  -1.31774118     -2.01774118
0.0   -0.7  0.7  0.5             0.0                0.5             -0.7  -0.7  0.0                0.0                210.0   55.2595521464  -1.31774118     -2.01774118
0.0   -0.7  0.7  0.5             0.0                0.5             -0.7  -0.7  0.0                0.0                220.0   52.7477543216  -1.31774118     -2.01774118
0.0   -0.7  0.7  0.5             0.0                0.5             -0.7  -0.7  0.0                0.0                230.0   50.4543736989  -1.31774118     -2.01774118
0.0   -0.7  0.7  0.5             0.0                0.5             -0.7  -0.7  0.0                0.0                240.0   48.3521081281  -1.31774118     -2.01774118
0.0   -0.7  0.7  0.5             0.0                0.5             -0.7  -0.7  0.0                0.0                250.0   46.418023803   -1.31774118     -2.01774118
0.0   -0.7  0.7  0.5             0.0                0.5             -0.7  -0.7  0.0                0.0                260.0   44.6327151952  -1.31774118     -2.01774118
0.0   -0.7  0.7  0.5             0.0                0.5             -0.7  -0.7  0.0                0.0                270.0   42.9796516694  -1.31774118     -2.01774118
0.0   -0.7  0.7  0.5             0.0                0.5             -0.7  -0.7  0.0                0.0                280.0   41.4446641098  -1.31774118     -2.01774118
0.0   -0.7  0.7  0.5             0.0                0.5             -0.7  -0.7  0.0                0.0                290.0   40.0155377612  -1.31774118     -2.01774118
0.0   -0.7  0.7  0.5             0.0                0.5             -0.7  -0.7  0.0                0.0                300.0   38.6816865025  -1.31774118     -2.01774118
0.0   -0.7  0.7  0.5             0.0                0.5             -0.7  -0.7  0.0                0.0                310.0   37.4338901637  -1.31774118     -2.01774118
0.0   -0.7  0.7  0.5             0.0                0.5             -0.7  -0.7  0.0                0.0                320.0   36.2640810961  -1.31774118     -2.01774118
0.0   -0.7  0.7  0.5             0.0                0.5             -0.7  -0.7  0.0                0.0                330.0   35.1651695477  -1.31774118     -2.01774118
0.0   -0.7  0.7  0.5             0.0                0.5             -0.7  -0.7  0.0                0.0                340.0   34.1308998551  -1.31774118     -2.01774118
0.0   -0.7  0.7  0.5             0.0                0.5             -0.7  -0.7  0.0                0.0                350.0   33.1557312879  -1.31774118     -2.01774118
0.0   -0.7  0.7  0.5             0.0                0.5             -0.7  -0.7  0.0                0.0                360.0   32.2347387521  -1.31774118     -2.01774118
0.0   -0.7  0.7  0.5             0.0                0.5             -0.7  -0.7  0.0                0.0                370.0   31.3635295966  -1.31774118     -2.01774118
0.0   -0.7  0.7  0.5             0.0                0.5             -0.7  -0.7  0.0                0.0                380.0   30.5381735546  -1.31774118     -2.01774118
0.0   -0.7  0.7  0.5             0.0                0.5             -0.7  -0.7  0.0                0.0                390.0   29.7551434635  -1.31774118     -2.01774118
0.0   -0.7  0.7  0.5             0.0                0.5             -0.7  -0.7  0.0                0.0                400.0   29.0112648769  -1.31774118     -2.01774118
0.0   -0.7  0.7  0.5             0.0                0.5             -0.7  -0.7  0.0                0.0                410.0   28.3036730506  -1.31774118     -2.01774118
0.0   -0.7  0.7  0.5             0.0                0.5             -0.7  -0.7  0.0                0.0                420.0   27.6297760732  -1.31774118     -2.01774118
0.0   -0.7  0.7  0.5             0.0                0.5             -0.7  -0.7  0.0                0.0                430.0   26.9872231413  -1.31774118     -2.01774118
0.0   -0.7  0.7  0.5             0.0                0.5             -0.7  -0.7  0.0                0.0                440.0   26.3738771608  -1.31774118     -2.01774118
0.0   -0.7  0.7  0.5             0.0                0.5             -0.7  -0.7  0.0                0.0                450.0   25.7877910017  -1.31774118     -2.01774118
0.0   -0.7  0.7  0.5             0.0                0.5             -0.7  -0.7  0.0                0.0                460.0   25.2271868495  -1.31774118     -2.01774118
0.0   -0.7  0.7  0.5             0.0                0.5             -0.7  -0.7  0.0                0.0                470.0   24.6904381931  -1.31774118     -2.01774118
0.0   -0.7  0.7  0.5             0.0                0.5             -0.7  -0.7  0.0                0.0                480.0   24.1760540641  -1.31774118     -2.01774118
0.0   -0.7  0.7  0.5             0.0                0.5             -0.7  -0.7  0.0                0.0                490.0   23.6826652056  -1.31774118     -2.01774118
0.0   -0.7  0.7  0.5             0.0                0.5             -0.7  -0.7  0.0                0.0                500.0   23.2090119015  -1.31774118     -2.01774118
0.0   -0.7  0.7  0.5             0.0                0.5             -0.7  -0.7  0.0                0.0                510.0   22.7539332368  -1.31774118     -2.01774118
0.0   -0.7  0.7  0.5             0.0                0.5             -0.7  -0.7  0.0                0.0                520.0   22.3163575976  -1.31774118     -2.01774118
0.0   -0.7  0.7  0.5             0.0                0.5             -0.7  -0.7  0.0                0.0                530.0   21.8952942467  -1.31774118     -2.01774118
0.0   -0.7  0.7  0.5             0.0                0.5             -0.7  -0.7  0.0                0.0                540.0   21.4898258347  -1.31774118     -2.01774118
0.0   -0.7  0.7  0.5             0.0                0.5             -0.7  -0.7  0.0                0.0                550.0   21.0991017286  -1.31774118     -2.01774118
0.0   -0.7  0.7  0.5             0.0                0.5             -0.7  -0.7  0.0                0.0                560.0   20.7223320549  -1.31774118     -2.01774118
0.0   -0.7  0.7  0.5             0.0                0.5             -0.7  -0.7  0.0                0.0                570.0   20.3587823697  -1.31774118     -2.01774118
0.0   -0.7  0.7  0.5             0.0                0.5             -0.7  -0.7  0.0                0.0                580.0   20.0077688806  -1.31774118     -2.01774118
0.0   -0.7  0.7  0.5             0.0                0.5             -0.7  -0.7  0.0                0.0                590.0   19.6686541538  -1.31774118     -2.01774118
0.0   -0.7  0.7  0.5             0.0                0.5             -0.7  -0.7  0.0                0.0                600.0   19.3408432512  -1.31774118     -2.01774118
0.0   -0.7  0.7  0.5             0.0                0.5             -0.7  -0.7  0.0                0.0                610.0   19.0237802471  -1.31774118     -2.01774118
0.0   -0.7  0.7  0.5             0.0                0.5             -0.7  -0.7  0.0                0.0                620.0   18.7169450819  -1.31774118     -2.01774118
0.0   -0.7  0.7  0.5             0.0                0.5             -0.7  -0.7  0.0                0.0                630.0   18.4198507155  -1.31774118     -2.01774118
0.0   -0.7  0.7  0.5             0.0                0.5             -0.7  -0.7  0.0                0.0                640.0   18.132040548   -1.31774118     -2.01774118
0.0   -0.7  0.7  0.5             0.0                0.5             -0.7  -0.7  0.0                0.0                650.0   17.8530860781  -1.31774118     -2.01774118
0.0   -0.7  0.7  0.5             0.0                0.5             -0.7  -0.7  0.0                0.0                660.0   17.5825847739  -1.31774118     -2.01774118
0.0   -0.7  0.7  0.5             0.0                0.5             -0.7  -0.7  0.0                0.0                670.0   17.3201581354  -1.31774118     -2.01774118
0.0   -0.7  0.7  0.5             0.0                0.5             -0.7  -0.7  0.0                0.0                680.0   17.0654499276  -1.31774118     -2.01774118
0.0   -0.7  0.7  0.5             0.0                0.5             -0.7  -0.7  0.0                0.0                690.0   16.8181245663  -1.31774118     -2.01774118
0.0   -0.7  0.7  0.5             0.0                0.5             -0.7  -0.7  0.0                0.0                700.0   16.5778656439  -1.31774118     -2.01774118
0.0   -0.7  0.7  0.5             0.0                0.5             -0.7  -0.7  0.0                0.0                710.0   16.3443745785  -1.31774118     -2.01774118
0.0   -0.7  0.7  0.5             0.0                0.5             -0.7  -0.7  0.0                0.0                720.0   16.117369376   -1.31774118     -2.01774118
0.0   -0.7  0.7  0.5             0.0                0.5             -0.7  -0.7  0.0                0.0                730.0   15.8965834942  -1.31774118     -2.01774118
0.0   -0.7  0.7  0.5             0.0                0.5             -0.7  -0.7  0.0                0.0                740.0   15.6817647983  -1.31774118     -2.01774118
0.0   -0.7  0.7  0.5             0.0                0.5             -0.7  -0.7  0.0                0.0                750.0   15.472674601   -1.31774118     -2.01774118
0.0   -0.7  0.7  0.5             0.0                0.5             -0.7  -0.7  0.0                0.0                760.0   15.2690867773  -1.31774118     -2.01774118
0.0   -0.7  0.7  0.5             0.0                0.5             -0.7  -0.7  0.0                0.0                770.0   15.070786949   -1.31774118     -2.01774118
0.0   -0.7  0.7  0.5             0.0                0.5             -0.7  -0.7  0.0                0.0                780.0   14.8775717317  -1.31774118     -2.01774118
0.0   -0.7  0.7  0.5             0.0                0.5             -0.7  -0.7  0.0                0.0                790.0   14.6892480389  -1.31774118     -2.01774118
0.0   -0.7  0.7  0.5             0.0                0.5             -0.7  -0.7  0.0                0.0                800.0   14.5056324384  -1.31774118     -2.01774118
0.0   -0.7  0.7  0.5             0.0                0.5             -0.7  -0.7  0.0                0.0                810.0   14.3265505565  -1.31774118     -2.01774118
0.0   -0.7  0.7  0.5             0.0                0.5             -0.7  -0.7  0.0                0.0                820.0   14.1518365253  -1.31774118     -2.01774118
0.0   -0.7  0.7  0.5             0.0                0.5             -0.7  -0.7  0.0                0.0                830.0   13.9813324708  -1.31774118     -2.01774118
0.0   -0.7  0.7  0.5             0.0                0.5             -0.7  -0.7  0.0                0.0                840.0   13.8148880366  -1.31774118     -2.01774118
0.0   -0.7  0.7  0.5             0.0                0.5             -0.7  -0.7  0.0                0.0                850.0   13.6523599421  -1.31774118     -2.01774118
0.0   -0.7  0.7  0.5             0.0                0.5             -0.7  -0.7  0.0                0.0                860.0   13.4936115706  -1.31774118     -2.01774118
0.0   -0.7  0.7  0.5             0.0                0.5             -0.7  -0.7  0.0                0.0                870.0   13.3385125871  -1.31774118     -2.01774118
0.0   -0.7  0.7  0.5             0.0                0.5             -0.7  -0.7  0.0                0.0                880.0   13.1869385804  -1.31774118     -2.01774118
0.0   -0.7  0.7  0.5             0.0                0.5             -0.7  -0.7  0.0                0.0                890.0   13.0387707312  -1.31774118     -2.01774118
0.0   -0.7  0.7  0.5             0.0                0.5             -0.7  -0.7  0.0                0.0                900.0   12.8938955008  -1.31774118     -2.01774118
0.0   -0.7  0.7  0.5             0.0                0.5             -0.7  -0.7  0.0                0.0                910.0   12.7522043415  -1.31774118     -2.01774118
0.0   -0.7  0.7  0.5             0.0                0.5             -0.7  -0.7  0.0                0.0                920.0   12.6135934247  -1.31774118     -2.01774118
0.0   -0.7  0.7  0.5             0.0                0.5             -0.7  -0.7  0.0                0.0                930.0   12.4779633879  -1.31774118     -2.01774118
0.0   -0.7  0.7  0.5             0.0                0.5             -0.7  -0.7  0.0                0.0                940.0   12.3452190965  -1.31774118     -2.01774118
0.0   -0.7  0.7  0.5             0.0                0.5             -0.7  -0.7  0.0                0.0                950.0   12.2152694218  -1.31774118     -2.01774118
0.0   -0.7  0.7  0.5             0.0                0.5             -0.7  -0.7  0.0                0.0                960.0   12.088027032   -1.31774118     -2.01774118
0.0   -0.7  0.7  0.5             0.0                0.5             -0.7  -0.7  0.0                0.0                970.0   11.9634081967  -1.31774118     -2.01774118
0.0   -0.7  0.7  0.5             0.0                0.5             -0.7  -0.7  0.0                0.0                980.0   11.8413326028  -1.31774118     -2.01774118
0.0   -0.7  0.7  0.5             0.0                0.5             -0.7  -0.7  0.0                0.0                990.0   11.7217231826  -1.31774118     -2.01774118
0.0   -0.7  0.7  0.5             0.0                0.5             -0.7  -0.7  0.0                0.0                1000.0  11.6045059507  -1.31774118     -2.01774118
0.0   -0.7  0.7  0.5             0.0                0.5             -0.7  -0.7  0.0                0.0                1010.0  11.4896098522  -1.31774118     -2.01774118
0.0   -0.7  0.7  0.5             0.0                0.5             -0.7  -0.7  0.0                0.0                1020.0  11.3769666184  -1.31774118     -2.01774118
0.0   -0.7  0.7  0.5             0.0                0.5             -0.7  -0.7  0.0                0.0                1030.0  11.2665106318  -1.31774118     -2.01774118
0.0   -0.7  0.7  0.5             0.0                0.5             -0.7  -0.7  0.0                0.0                1040.0  11.1581787988  -1.31774118     -2.01774118
0.0   -0.7  0.7  0.5             0.0                0.5             -0.7  -0.7  0.0                0.0                1050.0  11.0519104293  -1.31774118     -2.01774118
0.0   -0.7  0.7  0.5             0.0                0.5             -0.7  -0.7  0.0                0.0                1060.0  10.9476471233  -1.31774118     -2.01774118
0.0   -0.7  0.7  0.5             0.0                0.5             -0.7  -0.7  0.0                0.0                1070.0  10.8453326643  -1.31774118     -2.01774118
0.0   -0.7  0.7  0.5             0.0                0.5             -0.7  -0.7  0.0                0.0                1080.0  10.7449129174  -1.31774118     -2.01774118
0.0   -0.7  0.7  0.5             0.0                0.5             -0.7  -0.7  0.0                0.0                1090.0  10.6463357346  -1.31774118     -2.01774118
0.0   -0.7  0.7  0.5             0.0                0.5             -0.7  -0.7  0.0                0.0                1100.0  10.5495508643  -1.31774118     -2.01774118
0.0   -0.7  0.7  0.5             0.0                0.5             -0.7  -0.7  0.0                0.0                1110.0  10.4545098655  -1.31774118     -2.01774118
0.0   -0.7  0.7  0.5             0.0                0.5             -0.7  -0.7  0.0                0.0                1120.0  10.3611660275  -1.31774118     -2.01774118
0.0   -0.7  0.7  0.5             0.0                0.5             -0.7  -0.7  0.0                0.0                1130.0  10.2694742927  -1.31774118     -2.01774118
0.0   -0.7  0.7  0.5             0.0                0.5             -0.7  -0.7  0.0                0.0                1140.0  10.1793911849  -1.31774118     -2.01774118
0.0   -0.7  0.7  0.5             0.0                0.5             -0.7  -0.7  0.0                0.0                1150.0  10.0908747398  -1.31774118     -2.01774118
0.0   -0.7  0.7  0.5             0.0                0.5             -0.7  -0.7  0.0                0.0                1160.0  10.0038844403  -1.31774118     -2.01774118
0.0   -0.7  0.7  0.5             0.0                0.5             -0.7  -0.7  0.0                0.0                1170.0  9.91838115449  -1.31774118     -2.01774118
0.0   -0.7  0.7  0.5             0.0                0.5             -0.7  -0.7  0.0                0.0                1180.0  9.83432707691  -1.31774118     -2.01774118
0.0   -0.7  0.7  0.5             0.0                0.5             -0.7  -0.7  0.0                0.0                1190.0  9.7516856729   -1.31774118     -2.01774118
0.0   -0.7  0.7  0.5             0.0                0.5             -0.7  -0.7  0.0                0.0                1200.0  9.67042162562  -1.31774118     -2.01774118
0.0   -0.7  0.7  0.499999721022  2.7897800293e-07   0.5             -0.7  -0.7  8.59441979932e-18  5.57956005859e-07  1210.0  9.59050078574  -1.317740589    -2.01774019843
0.0   -0.7  0.7  0.5             0.0                0.5             -0.7  -0.7  0.0                0.0                1220.0  9.51189012357  -1.31774118     -2.01774118
0.0   -0.7  0.7  0.5             0.0                0.5             -0.7  -0.7  0.0                0.0                1230.0  9.43455768354  -1.31774118     -2.01774118
0.0   -0.7  0.7  0.499999721022  2.7897800293e-07   0.5             -0.7  -0.7  8.59441979932e-18  5.57956005859e-07  1240.0  9.35847254093  -1.317740589    -2.01774019843
0.0   -0.7  0.7  0.500000557956  1.39489001953e-07  0.499999302555  -0.7  -0.7  1.39489001554e-06  2.78978003906e-07  1250.0  9.2836047606   -1.31773948242  -2.01773831071
0.0   -0.7  0.7  0.5             0.0                0.5             -0.7  -0.7  0.0                0.0                1260.0  9.20992535774  -1.31774118     -2.01774118
0.0   -0.7  0.7  0.5             0.0                0.5             -0.7  -0.7  0.0                0.0                1270.0  9.13740626043  -1.31774118     -2.01774118
0.0   -0.7  0.7  0.5             0.0                0.5             -0.7  -0.7  0.0                0.0                1280.0  9.06602027402  -1.31774118     -2.01774118
0.0   -0.7  0.7  0.500000278978  0.0                0.499999721022  -0.7  -0.7  5.57956005842e-07  0.0                1290.0  8.99574104709  -1.31774061917  -2.0177402286
0.0   -0.7  0.7  0.499999860511  1.39489001953e-07  0.5             -0.7  -0.7  4.84892480985e-17  2.78978003906e-07  1300.0  8.92654303904  -1.3177408845   -2.01774068922
0.0   -0.7  0.7  0.500000278978  0.0                0.499999721022  -0.7  -0.7  5.57956005842e-07  0.0                1310.0  8.85840148912  -1.31774061917  -2.0177402286
0.0   -0.7  0.7  0.5             0.0                0.5             -0.7  -0.7  0.0                0.0                1320.0  8.79129238693  -1.31774118     -2.01774118
0.0   -0.7  0.7  0.500000139489  0.0                0.499999860511  -0.7  -0.7  2.78978003809e-07  0.0                1330.0  8.72519244417  -1.31774089958  -2.0177407043
0.0   -0.7  0.7  0.5             0.0                0.5             -0.7  -0.7  0.0                0.0                1340.0  8.66007906772  -1.31774118     -2.01774118
0.0   -0.7  0.7  0.500000278978  0.0                0.499999721022  -0.7  -0.7  5.57956005842e-07  0.0                1350.0  8.59593033389  -1.31774061917  -2.0177402286
0.0   -0.7  0.7  0.500000139489  0.0                0.499999860511  -0.7  -0.7  2.78978003809e-07  0.0                1360.0  8.53272496379  -1.31774089958  -2.0177407043
0.0   -0.7  0.7  0.500000139489  1.39489001953e-07  0.499999721022  -0.7  -0.7  5.57956006779e-07  2.78978003906e-07  1370.0  8.47044229982  -1.31774032367  -2.01773973781
0.0   -0.7  0.7  0.5             0.0                0.5             -0.7  -0.7  0.0                0.0                1380.0  8.40906228315  -1.31774118     -2.01774118
0.0   -0.7  0.7  0.5             2.7897800293e-07   0.499999721022  -0.7  -0.7  5.57956005851e-07  5.57956005859e-07  1390.0  8.34856543219  -1.31774002817  -2.01773924703
0.0   -0.7  0.7  0.499999581533  4.18467004883e-07  0.5             -0.7  -0.7  5.70836678978e-17  8.36934009766e-07  1400.0  8.28893282196  -1.3177402935   -2.01773970765
0.0   -0.7  0.7  0.499999860511  2.7897800293e-07   0.499999860511  -0.7  -0.7  2.7897800293e-07   5.57956005859e-07  1410.0  8.23014606436  -1.31774030858  -2.01773972273
0.0   -0.7  0.7  0.500000139489  0.0                0.499999860511  -0.7  -0.7  2.78978003809e-07  0.0                1420.0  8.17218728926  -1.31774089958  -2.0177407043
0.0   -0.7  0.7  0.499999860511  2.7897800293e-07   0.499999860511  -0.7  -0.7  2.7897800293e-07   5.57956005859e-07  1430.0  8.1150391264   -1.31774030858  -2.01773972273
0.0   -0.7  0.7  0.500000278978  1.39489001953e-07  0.499999581533  -0.7  -0.7  8.369340097e-07    2.78978003906e-07  1440.0  8.05868468802  -1.31774004325  -2.01773926211
0.0   -0.7  0.7  0.499998884088  1.1159120127e-06   0.5             -0.7  -0.7  1.17394531325e-17  2.23182402539e-06  1450.0  8.00310755224  -1.317738816    -2.01773725372
0.0   -0.7  0.7  0.499999302555  6.97445007813e-07  0.5             -0.7  -0.7  6.56780876972e-17  1.39489001563e-06  1460.0  7.94829174709  -1.3177397025   -2.01773872608
0.0   -0.7  0.7  0.500000418467  0.0                0.499999581533  -0.7  -0.7  8.36934009874e-07  0.0                1470.0  7.8942217352   -1.31774033875  -2.0177397529
0.0   -0.7  0.7  0.5             2.7897800293e-07   0.499999721022  -0.7  -0.7  5.57956005851e-07  5.57956005859e-07  1480.0  7.84088239916  -1.31774002817  -2.01773924703
0.0   -0.7  0.7  0.500000139489  2.7897800293e-07   0.499999581533  -0.7  -0.7  8.3693400966e-07   5.57956005859e-07  1490.0  7.78825902735  -1.31773974775  -2.01773877133
0.0   -0.7  0.7  0.500000418467  5.57956005859e-07  0.499999023577  -0.7  -0.7  1.95284602158e-06  1.11591201172e-06  1500.0  7.7363373005   -1.31773803508  -2.01773588695
0.0   -0.7  0.7  0.500001534379  2.7897800293e-07   0.499998186643  -0.7  -0.7  3.62671404109e-06  5.57956005859e-07  1510.0  7.68510327864  -1.31773694358  -2.01773401431
0.0   -0.7  0.7  0.500000418467  6.97445007813e-07  0.499998884088  -0.7  -0.7  2.23182402554e-06  1.39489001563e-06  1520.0  7.63454338865  -1.31773745917  -2.01773492047
0.0   -0.7  0.7  0.499998744599  1.67386801855e-06  0.499999581533  -0.7  -0.7  8.36934009791e-07  3.34773603711e-06  1530.0  7.58464441225  -1.31773679275  -2.01773386348
0.0   -0.7  0.7  0.500000139489  1.1159120127e-06   0.499998744599  -0.7  -0.7  2.51080202819e-06  2.23182402539e-06  1540.0  7.53539347451  -1.31773629225  -2.01773297241
0.0   -0.7  0.7  0.500000139489  1.25540101367e-06  0.49999860511   -0.7  -0.7  2.78978003118e-06  2.51080202734e-06  1550.0  7.48677803274  -1.31773571633  -2.01773200592
0.0   -0.7  0.7  0.500001534379  4.18467004883e-07  0.499998047154  -0.7  -0.7  3.90569204495e-06  8.36934009766e-07  1560.0  7.43878586587  -1.31773636767  -2.01773304783
0.0   -0.7  0.7  0.500002510802  5.57956005859e-07  0.499996931242  -0.7  -0.7  6.13751606828e-06  1.11591201172e-06  1570.0  7.39140506417  -1.31773382883  -2.01772875143
0.0   -0.7  0.7  0.500000557956  1.25540101367e-06  0.499998186643  -0.7  -0.7  3.62671404006e-06  2.51080202734e-06  1580.0  7.34462401946  -1.31773487508  -2.01773057882
0.0   -0.7  0.7  0.500000697445  2.09233502344e-06  0.49999721022   -0.7  -0.7  5.57956006262e-06  4.18467004688e-06  1590.0  7.29843141557  -1.31773113916  -2.0177243042
0.0   -0.7  0.7  0.500000557956  1.95284602246e-06  0.499997489198  -0.7  -0.7  5.02160405659e-06  3.90569204492e-06  1600.0  7.25281621922  -1.3177319955   -2.01772574639
0.0   -0.7  0.7  0.499999023577  2.23182402539e-06  0.499998744599  -0.7  -0.7  2.51080202831e-06  4.46364805078e-06  1610.0  7.20776767127  -1.31773392825  -2.01772904613
0.0   -0.7  0.7  0.499999581533  2.51080202832e-06  0.499997907665  -0.7  -0.7  4.18467004696e-06  5.02160405664e-06  1620.0  7.16327527824  -1.31773165475  -2.01772521035
0.0   -0.7  0.7  0.49999860511   2.78978003125e-06  0.49999860511   -0.7  -0.7  2.78978003125e-06  5.5795600625e-06   1630.0  7.11932880414  -1.31773246583  -2.01772660729
0.0   -0.7  0.7  0.500002650291  1.1159120127e-06   0.499996233797  -0.7  -0.7  7.53240608488e-06  2.23182402539e-06  1640.0  7.07591826265  -1.31773124475  -2.01772440979
0.0   -0.7  0.7  0.500000976423  1.81335702051e-06  0.49999721022   -0.7  -0.7  5.57956006261e-06  3.62671404102e-06  1650.0  7.03303390954  -1.31773173016  -2.01772528577
0.0   -0.7  0.7  0.500000697445  1.39489001563e-06  0.499997907665  -0.7  -0.7  4.18467004706e-06  2.78978003125e-06  1660.0  6.99066623539  -1.31773401875  -2.01772913663
0.0   -0.7  0.7  0.500000836934  1.95284602246e-06  0.49999721022   -0.7  -0.7  5.57956006332e-06  3.90569204492e-06  1670.0  6.94880595853  -1.31773143466  -2.01772479499
0.0   -0.7  0.7  0.500001115912  2.37131302637e-06  0.499996512775  -0.7  -0.7  6.97445007801e-06  4.74262605273e-06  1680.0  6.9074440183   -1.31772914608  -2.01772094413
0.0   -0.7  0.7  0.500001813357  4.4636480498e-06   0.499993722995  -0.7  -0.7  1.25540101407e-05  8.92729609961e-06  1690.0  6.86657156849  -1.31771910524  -2.01770406833
0.0   -0.7  0.7  0.500001813357  2.9292690332e-06   0.499995257374  -0.7  -0.7  9.4852521074e-06   5.85853806641e-06  1700.0  6.82617997103  -1.31772544033  -2.01771469967
0.0   -0.7  0.7  0.500000976423  2.9292690332e-06   0.499996094308  -0.7  -0.7  7.8113840881e-06   5.85853806641e-06  1710.0  6.78626078991  -1.31772712283  -2.01771755388
0.0   -0.7  0.7  0.500002510802  2.37131302637e-06  0.499995117885  -0.7  -0.7  9.76423010933e-06  4.74262605273e-06  1720.0  6.74680578532  -1.31772634191  -2.01771618711
0.0   -0.7  0.7  0.500007532406  3.20824703613e-06  0.499989259347  -0.7  -0.7  2.14813062423e-05  6.41649407227e-06  1730.0  6.70780690795  -1.31771279141  -2.01769326295
0.0   -0.7  0.7  0.500004603137  1.39489001563e-06  0.499994001973  -0.7  -0.7  1.19960541347e-05  2.78978003125e-06  1740.0  6.66925629353  -1.31772616708  -2.017715817
0.0   -0.7  0.7  0.500001673868  3.76620304199e-06  0.499994559929  -0.7  -0.7  1.08801421219e-05  7.53240608398e-06  1750.0  6.63114625757  -1.31772226608  -2.0177093773
0.0   -0.7  0.7  0.500000697445  5.02160405664e-06  0.499994280951  -0.7  -0.7  1.1438098129e-05   1.00432081133e-05  1760.0  6.5934692902   -1.31771904491  -2.01770400799
0.0   -0.7  0.7  0.500003068758  4.60313705176e-06  0.499992328105  -0.7  -0.7  1.53437901729e-05  9.20627410352e-06  1770.0  6.55621805127  -1.31771600557  -2.01769882053
0.0   -0.7  0.7  0.500000278978  6.97445007813e-06  0.499992746572  -0.7  -0.7  1.45068561631e-05  1.39489001563e-05  1780.0  6.51938536559  -1.31771182332  -2.01769190429
0.0   -0.7  0.7  0.500005858538  4.60313705176e-06  0.499989538325  -0.7  -0.7  2.09233502364e-05  9.20627410352e-06  1790.0  6.4829642183   -1.31771039724  -2.0176893065
0.0   -0.7  0.7  0.499998186643  9.34576310547e-06  0.499992467594  -0.7  -0.7  1.50648121699e-05  1.86915262109e-05  1800.0  6.44694775042  -1.31770623898  -2.01768260954
0.0   -0.7  0.7  0.500003347736  5.99802706738e-06  0.499990654237  -0.7  -0.7  1.8691526211e-05   1.19960541348e-05  1810.0  6.41132925456  -1.31770968557  -2.01768820427
0.0   -0.7  0.7  0.500002650291  6.27700507031e-06  0.499991072704  -0.7  -0.7  1.78545922011e-05  1.25540101406e-05  1820.0  6.37610217074  -1.31770993582  -2.0176886498
0.0   -0.7  0.7  0.499997768176  9.06678510254e-06  0.499993165039  -0.7  -0.7  1.36699221543e-05  1.81335702051e-05  1830.0  6.34126008238  -1.31770823207  -2.01768596962
0.0   -0.7  0.7  0.500001534379  8.09036209082e-06  0.499990375259  -0.7  -0.7  1.92494822168e-05  1.61807241816e-05  1840.0  6.30679671236  -1.31770468838  -2.01767988724
0.0   -0.7  0.7  0.500007392917  4.0451810459e-06   0.499988561902  -0.7  -0.7  2.28761962577e-05  8.0903620918e-06   1850.0  6.27270591932  -1.31770961633  -2.01768793973
0.0   -0.7  0.7  0.500003208247  8.64831809766e-06  0.499988143435  -0.7  -0.7  2.37131302675e-05  1.72966361953e-05  1860.0  6.23898169395  -1.31769902357  -2.01767031673
0.0   -0.7  0.7  0.50000697445   7.67189508594e-06  0.499985353655  -0.7  -0.7  2.92926903291e-05  1.53437901719e-05  1870.0  6.20561815548  -1.31769548373  -2.0176642382
0.0   -0.7  0.7  0.500005021604  1.07406531211e-05  0.499984237743  -0.7  -0.7  3.15245143554e-05  2.14813062422e-05  1880.0  6.17260954827  -1.31768673444  -2.01764963037
0.0   -0.7  0.7  0.500005021604  8.22985109277e-06  0.499986748545  -0.7  -0.7  2.65029102988e-05  1.64597021855e-05  1890.0  6.13995023849  -1.31769710537  -2.01766703155
0.0   -0.7  0.7  0.499999581533  1.52043011709e-05  0.499985214166  -0.7  -0.7  2.95716683331e-05  3.04086023418e-05  1900.0  6.10763471092  -1.31767924561  -2.01763725942
0.0   -0.7  0.7  0.500005858538  8.92729610059e-06  0.499985214166  -0.7  -0.7  2.95716683341e-05  1.78545922012e-05  1910.0  6.07565756584  -1.31769254469  -2.0176593463
0.0   -0.7  0.7  0.50000139489   1.64597021855e-05  0.499982145408  -0.7  -0.7  3.57091844022e-05  3.29194043711e-05  1920.0  6.04401351602  -1.31767040388  -2.01762236387
0.0   -0.7  0.7  0.500009624741  1.1298609127e-05   0.49997907665   -0.7  -0.7  4.18467004708e-05  2.25972182539e-05  1930.0  6.01269738381  -1.31767517813  -2.01763006738
0.0   -0.7  0.7  0.50000139489   1.72966361953e-05  0.499981308474  -0.7  -0.7  3.73830524217e-05  3.45932723906e-05  1940.0  5.98170409833  -1.31766696213  -2.01761657871
0.0   -0.7  0.7  0.50000557956   1.50648121699e-05  0.499979355628  -0.7  -0.7  4.12887444647e-05  3.01296243398e-05  1950.0  5.95102869269  -1.31766776414  -2.01761777128
0.0   -0.7  0.7  0.500004324159  1.67386801885e-05  0.499978937161  -0.7  -0.7  4.21256784746e-05  3.3477360377e-05   1960.0  5.9206663014   -1.31766337705  -2.01761045492
0.0   -0.7  0.7  0.500004603137  1.52043011709e-05  0.499980192562  -0.7  -0.7  3.96148764454e-05  3.04086023418e-05  1970.0  5.89061215774  -1.31766915214  -2.01762013571
0.0   -0.7  0.7  0.500005998027  1.53437901729e-05  0.499978658183  -0.7  -0.7  4.26836344805e-05  3.06875803457e-05  1980.0  5.86086159129  -1.31766577122  -2.01761441137
0.0   -0.7  0.7  0.500009624741  1.33909441504e-05  0.499976984315  -0.7  -0.7  4.60313705177e-05  2.67818883008e-05  1990.0  5.8314100255   -1.3176665483   -2.01761557902
0.0   -0.7  0.7  0.500005300582  2.18997732471e-05  0.499972799645  -0.7  -0.7  5.44007106131e-05  4.37995464941e-05  2000.0  5.80225297537  -1.31764010521  -2.01757136503
0.0   -0.7  0.7  0.500005440071  2.38526192686e-05  0.49997070731   -0.7  -0.7  5.85853806602e-05  4.77052385371e-05  2010.0  5.77338604515  -1.31763176703  -2.01755736359
0.0   -0.7  0.7  0.500004742626  2.03653942295e-05  0.49997489198   -0.7  -0.7  5.02160405664e-05  4.0730788459e-05   2020.0  5.74480492611  -1.3176475723   -2.01758390951
0.0   -0.7  0.7  0.500004463648  2.39921082705e-05  0.499971544244  -0.7  -0.7  5.69115126407e-05  4.7984216541e-05   2030.0  5.71650539446  -1.31763315948  -2.01755973246
0.0   -0.7  0.7  0.500013390944  2.17602842451e-05  0.499964848772  -0.7  -0.7  7.0302456791e-05   4.35205684902e-05  2040.0  5.68848330919  -1.31762441621  -2.0175447401
0.0   -0.7  0.7  0.500015204301  2.18997732471e-05  0.499962895926  -0.7  -0.7  7.42081488361e-05  4.37995464941e-05  2050.0  5.66073461012  -1.31762020515  -2.01753759976
0.0   -0.7  0.7  0.500010461675  2.35736412656e-05  0.499965964684  -0.7  -0.7  6.80706327676e-05  4.71472825312e-05  2060.0  5.6332553159   -1.31762282879  -2.01754217625
0.0   -0.7  0.7  0.500011438098  2.87347343232e-05  0.499959827168  -0.7  -0.7  8.03456649043e-05  5.74694686465e-05  2070.0  5.6060415221   -1.31759955941  -2.01750308882
0.0   -0.7  0.7  0.500014367367  2.48290422793e-05  0.499960803591  -0.7  -0.7  7.83928188829e-05  4.96580845586e-05  2080.0  5.5790893994   -1.31760977644  -2.0175201408
0.0   -0.7  0.7  0.500011996054  3.51512283955e-05  0.499952852717  -0.7  -0.7  9.42945650614e-05  7.0302456791e-05   2090.0  5.55239519175  -1.31757190516  -2.01745668724
0.0   -0.7  0.7  0.500012414521  3.08270693477e-05  0.49995675841   -0.7  -0.7  8.64831809745e-05  6.16541386953e-05  2100.0  5.52595521464  -1.31758898092  -2.0174852848
0.0   -0.7  0.7  0.500009903719  3.50117393945e-05  0.499955084541  -0.7  -0.7  8.98309170118e-05  7.00234787891e-05  2110.0  5.49976585344  -1.31757673051  -2.01746483244
0.0   -0.7  0.7  0.500015901746  3.08270693477e-05  0.499953271184  -0.7  -0.7  9.34576310527e-05  6.16541386953e-05  2120.0  5.47382356168  -1.31758194129  -2.01747336305
0.0   -0.7  0.7  0.500005300582  3.98938544492e-05  0.499954805563  -0.7  -0.7  9.03888730175e-05  7.97877088984e-05  2130.0  5.44812485951  -1.3175658222   -2.01744669859
0.0   -0.7  0.7  0.500005161093  3.6964585416e-05   0.499957874322  -0.7  -0.7  8.42513569493e-05  7.3929170832e-05   2140.0  5.42266633213  -1.31757818931  -2.01746746294
0.0   -0.7  0.7  0.500013809411  3.58486734033e-05  0.499950341915  -0.7  -0.7  9.93161691182e-05  7.16973468066e-05  2150.0  5.39744462826  -1.31756518084  -2.01744547138
0.0   -0.7  0.7  0.500014925323  3.65461184121e-05  0.499948528558  -0.7  -0.7  0.00010294288316   7.30922368242e-05  2160.0  5.37245645868  -1.31756030085  -2.01743707627
0.0   -0.7  0.7  0.500007950873  4.40785244961e-05  0.499947970602  -0.7  -0.7  0.000104058795172  8.81570489922e-05  2170.0  5.34769859482  -1.31754321386  -2.01740866277
0.0   -0.7  0.7  0.500029990135  3.98938544492e-05  0.49993011601   -0.7  -0.7  0.000139767979574  7.97877088984e-05  2180.0  5.32316786732  -1.31751617682  -2.01736248783
0.0   -0.7  0.7  0.500014925323  4.64498375234e-05  0.499938624839  -0.7  -0.7  0.000122750321383  9.28996750469e-05  2190.0  5.29886116473  -1.31751942365  -2.01736846865
0.0   -0.7  0.7  0.500010740653  4.92396175547e-05  0.499940019729  -0.7  -0.7  0.000119960541352  9.84792351094e-05  2200.0  5.27477543216  -1.31751630766  -2.01736339982
0.0   -0.7  0.7  0.500014646345  4.31021014854e-05  0.499942251553  -0.7  -0.7  0.000115496893301  8.62042029707e-05  2210.0  5.25090767002  -1.31753379835  -2.01739260758
0.0   -0.7  0.7  0.500022457729  4.40785244961e-05  0.499933463746  -0.7  -0.7  0.000133072507498  8.81570489922e-05  2220.0  5.22725493277  -1.31751404185  -2.01735918116
0.0   -0.7  0.7  0.500017017658  5.37032656045e-05  0.499929279076  -0.7  -0.7  0.000141441847593  0.000107406531209  2230.0  5.20381432769  -1.31748527232  -2.01731107845
0.0   -0.7  0.7  0.500021202328  4.99370625625e-05  0.499928860609  -0.7  -0.7  0.000142278781604  9.9874125125e-05   2240.0  5.18058301373  -1.31749240344  -2.01732289641
0.0   -0.7  0.7  0.500017994081  5.70510016426e-05  0.499924954917  -0.7  -0.7  0.000150090165692  0.000114102003285  2250.0  5.15755820033  -1.31746944658  -2.01728451206
0.0   -0.7  0.7  0.500007950873  6.22120947012e-05  0.499929837032  -0.7  -0.7  0.000140325935581  0.000124424189402  2260.0  5.13473714635  -1.31746835169  -2.0172830266
0.0   -0.7  0.7  0.500015204301  5.9143336666e-05   0.499925652362  -0.7  -0.7  0.000148695275675  0.000118286673332  2270.0  5.11211715892  -1.31746641562  -2.01727952826
0.0   -0.7  0.7  0.500018552037  6.37464737178e-05  0.499917701489  -0.7  -0.7  0.000164597021854  0.000127492947436  2280.0  5.08969559243  -1.31744069258  -2.0172362296
0.0   -0.7  0.7  0.500027060866  6.54203417373e-05  0.499907518792  -0.7  -0.7  0.000184962416084  0.000130840683475  2290.0  5.06746984749  -1.31741667188  -2.01719560971
0.0   -0.7  0.7  0.500031664003  6.82101217686e-05  0.499900125875  -0.7  -0.7  0.00019974825025   0.000136420243537  2300.0  5.04543736989  -1.31739590818  -2.01716059023
0.0   -0.7  0.7  0.500023992108  7.22553028135e-05  0.499903752589  -0.7  -0.7  0.000192494822168  0.000144510605627  2310.0  5.02359564968  -1.31739464215  -2.01715873835
0.0   -0.7  0.7  0.500020504883  7.96482198975e-05  0.499899846897  -0.7  -0.7  0.000200306206257  0.000159296439795  2320.0  5.00194222015  -1.31737115593  -2.01711943408
0.0   -0.7  0.7  0.500029153201  7.57425278535e-05  0.499895104271  -0.7  -0.7  0.000209791458363  0.000151485055707  2330.0  4.98047465697  -1.31736981273  -2.01711691917
0.0   -0.7  0.7  0.500030408602  8.46698239541e-05  0.499884921574  -0.7  -0.7  0.000230156852593  0.000169339647908  2340.0  4.95919057724  -1.31733046134  -2.01705081379
0.0   -0.7  0.7  0.500030548091  8.55067579629e-05  0.499883945151  -0.7  -0.7  0.000232109698614  0.000171013515926  2350.0  4.93808763862  -1.31732675731  -2.01704457106
0.0   -0.7  0.7  0.500024131597  8.71806259824e-05  0.499888687777  -0.7  -0.7  0.000222624446508  0.000174361251965  2360.0  4.91716353845  -1.31733274803  -2.01705485804
0.0   -0.7  0.7  0.500033198382  9.03888730186e-05  0.499876412745  -0.7  -0.7  0.000247174510784  0.000180777746037  2370.0  4.89641601298  -1.31730121146  -2.01700164488
0.0   -0.7  0.7  0.500020086416  9.6247411084e-05   0.499883666173  -0.7  -0.7  0.000232667654621  0.000192494822168  2380.0  4.87584283645  -1.31730342466  -2.01700581092
0.0   -0.7  0.7  0.500009624741  0.000103919306171  0.499886455953  -0.7  -0.7  0.000227088094559  0.000207838612342  2390.0  4.8554418204   -1.31729265958  -2.01698821089
0.0   -0.7  0.7  0.50002510802   0.000101547993144  0.499873343987  -0.7  -0.7  0.000253312026854  0.000203095986287  2400.0  4.83521081281  -1.31727149115  -2.01695200554
