#mu0             mu1             mu2             x0              x1                 x2              mua   mub  xa                  xb                 T       b              u               phi
-0.566666666667  0.133333333333  0.433333333333  0.5             0.0                0.5             -1.0  0.7  0.0                 0.0                30.0    386.816865025  -1.31774118     -1.18440784667
-0.566666666667  0.133333333333  0.433333333333  0.5             0.0                0.5             -1.0  0.7  0.0                 0.0                40.0    290.112648769  -1.31774118     -1.18440784667
-0.566666666667  0.133333333333  0.433333333333  0.5             0.0                0.5             -1.0  0.7  0.0                 0.0                50.0    232.090119015  -1.31774118     -1.18440784667
-0.566666666667  0.133333333333  0.433333333333  0.5             0.0                0.5             -1.0  0.7  0.0                 0.0                60.0    193.408432513  -1.31774118     -1.18440784667
-0.566666666667  0.133333333333  0.433333333333  0.5             0.0                0.5             -1.0  0.7  0.0                 0.0                70.0    165.778656439  -1.31774118     -1.18440784667
-0.566666666667  0.133333333333  0.433333333333  0.5             0.0                0.5             -1.0  0.7  0.0                 0.0                80.0    145.056324384  -1.31774118     -1.18440784667
-0.566666666667  0.133333333333  0.433333333333  0.5             0.0                0.5             -1.0  0.7  0.0                 0.0                90.0    128.938955008  -1.31774118     -1.18440784667
-0.566666666667  0.133333333333  0.433333333333  0.5             0.0                0.5             -1.0  0.7  0.0                 0.0                100.0   116.045059507  -1.31774118     -1.18440784667
-0.566666666667  0.133333333333  0.433333333333  0.5             0.0                0.5             -1.0  0.7  0.0                 0.0                110.0   105.495508643  -1.31774118     -1.18440784667
-0.566666666667  0.133333333333  0.433333333333  0.5             0.0                0.5             -1.0  0.7  0.0                 0.0                120.0   96.7042162563  -1.31774118     -1.18440784667
-0.566666666667  0.133333333333  0.433333333333  0.5             0.0                0.5             -1.0  0.7  0.0                 0.0                130.0   89.2654303904  -1.31774118     -1.18440784667
-0.566666666667  0.133333333333  0.433333333333  0.5             0.0                0.5             -1.0  0.7  0.0                 0.0                140.0   82.8893282196  -1.31774118     -1.18440784667
-0.566666666667  0.133333333333  0.433333333333  0.5             0.0                0.5             -1.0  0.7  0.0                 0.0                150.0   77.363373005   -1.31774118     -1.18440784667
-0.566666666667  0.133333333333  0.433333333333  0.5             0.0                0.5             -1.0  0.7  0.0                 0.0                160.0   72.5281621922  -1.31774118     -1.18440784667
-0.566666666667  0.133333333333  0.433333333333  0.5             0.0                0.5             -1.0  0.7  0.0                 0.0                170.0   68.2617997103  -1.31774118     -1.18440784667
-0.566666666667  0.133333333333  0.433333333333  0.5             0.0                0.5             -1.0  0.7  0.0                 0.0                180.0   64.4694775042  -1.31774118     -1.18440784667
-0.566666666667  0.133333333333  0.433333333333  0.5             0.0                0.5             -1.0  0.7  0.0                 0.0                190.0   61.0763471092  -1.31774118     -1.18440784667
-0.566666666667  0.133333333333  0.433333333333  0.5             0.0                0.5             -1.0  0.7  0.0                 0.0                200.0   58.0225297537  -1.31774118     -1.18440784667
-0.566666666667  0.133333333333  0.433333333333  0.5             0.0                0.5             -1.0  0.7  0.0                 0.0                210.0   55.2595521464  -1.31774118     -1.18440784667
-0.566666666667  0.133333333333  0.433333333333  0.5             0.0                0.5             -1.0  0.7  0.0                 0.0                220.0   52.7477543216  -1.31774118     -1.18440784667
-0.566666666667  0.133333333333  0.433333333333  0.5             0.0                0.5             -1.0  0.7  0.0                 0.0                230.0   50.4543736989  -1.31774118     -1.18440784667
-0.566666666667  0.133333333333  0.433333333333  0.5             0.0                0.5             -1.0  0.7  0.0                 0.0                240.0   48.3521081281  -1.31774118     -1.18440784667
-0.566666666667  0.133333333333  0.433333333333  0.499999581533  4.18467004883e-07  0.5             -1.0  0.7  5.70836678978e-17   8.36934009766e-07  250.0   46.418023803   -1.3177402935   -1.18440754602
-0.566666666667  0.133333333333  0.433333333333  0.5             0.0                0.5             -1.0  0.7  0.0                 0.0                260.0   44.6327151952  -1.31774118     -1.18440784667
-0.566666666667  0.133333333333  0.433333333333  0.5             0.0                0.5             -1.0  0.7  0.0                 0.0                270.0   42.9796516694  -1.31774118     -1.18440784667
-0.566666666667  0.133333333333  0.433333333333  0.5             0.0                0.5             -1.0  0.7  0.0                 0.0                280.0   41.4446641098  -1.31774118     -1.18440784667
-0.566666666667  0.133333333333  0.433333333333  0.5             0.0                0.5             -1.0  0.7  0.0                 0.0                290.0   40.0155377612  -1.31774118     -1.18440784667
-0.566666666667  0.133333333333  0.433333333333  0.499999581533  4.18467004883e-07  0.5             -1.0  0.7  5.70836678978e-17   8.36934009766e-07  300.0   38.6816865025  -1.3177402935   -1.18440754602
-0.566666666667  0.133333333333  0.433333333333  0.499999442044  5.57956005859e-07  0.5             -1.0  0.7  1.71888395986e-17   1.11591201172e-06  310.0   37.4338901637  -1.317739998    -1.1844074458
-0.566666666667  0.133333333333  0.433333333333  0.499999163066  8.36934009766e-07  0.5             -1.0  0.7  3.14503333316e-18   1.67386801953e-06  320.0   36.2640810961  -1.317739407    -1.18440724537
-0.566666666667  0.133333333333  0.433333333333  0.499998884088  1.1159120127e-06   0.5             -1.0  0.7  1.17394531325e-17   2.23182402539e-06  330.0   35.1651695477  -1.317738816    -1.18440704494
-0.566666666667  0.133333333333  0.433333333333  0.499996652264  3.34773603809e-06  0.5             -1.0  0.7  -7.58039430651e-17  6.69547207617e-06  340.0   34.1308998551  -1.31773408799  -1.18440544149
-0.566666666667  0.133333333333  0.433333333333  0.499997489198  2.51080202832e-06  0.5             -1.0  0.7  3.20733260643e-17   5.02160405664e-06  350.0   33.1557312879  -1.317735861    -1.18440604278
-0.566666666667  0.133333333333  0.433333333333  0.499995257374  4.74262605371e-06  0.5             -1.0  0.7  5.55518088127e-17   9.48525210742e-06  360.0   32.2347387521  -1.31773113299  -1.18440443933
-0.566666666667  0.133333333333  0.433333333333  0.499993165039  6.83496107715e-06  0.5             -1.0  0.7  3.05414669791e-17   1.36699221543e-05  370.0   31.3635295966  -1.31772670049  -1.1844029361
-0.566666666667  0.133333333333  0.433333333333  0.499994838907  5.16109305859e-06  0.5             -1.0  0.7  1.61359776452e-18   1.03221861172e-05  380.0   30.5381735546  -1.31773024649  -1.18440413869
-0.566666666667  0.133333333333  0.433333333333  0.499988003946  1.19960541348e-05  0.5             -1.0  0.7  5.4792867292e-17    2.39921082695e-05  390.0   29.7551434635  -1.31771576963  -1.18439923077
-0.566666666667  0.133333333333  0.433333333333  0.499987027523  1.29724771465e-05  0.5             -1.0  0.7  -4.59430670591e-18  2.5944954293e-05   400.0   29.0112648769  -1.31771369847  -1.18439852661
-0.566666666667  0.133333333333  0.433333333333  0.49998186643   1.81335702041e-05  0.5             -1.0  0.7  1.96579406399e-17   3.62671404082e-05  410.0   28.3036730506  -1.31770276496  -1.18439481863
-0.566666666667  0.133333333333  0.433333333333  0.499970846799  2.91532013281e-05  0.5             -1.0  0.7  1.76182853029e-19   5.83064026562e-05  420.0   27.6297760732  -1.31767942509  -1.18438690623
-0.566666666667  0.133333333333  0.433333333333  0.499965267239  3.47327613916e-05  0.5             -1.0  0.7  -5.21501244966e-17  6.94655227832e-05  430.0   26.9872231413  -1.31766761516  -1.18438290769
-0.566666666667  0.133333333333  0.433333333333  0.499962477459  3.75225414229e-05  0.5             -1.0  0.7  -1.14789905012e-17  7.50450828457e-05  440.0   26.3738771608  -1.31766169654  -1.18438089476
-0.566666666667  0.133333333333  0.433333333333  0.499949783959  5.02160405654e-05  0.5             -1.0  0.7  -2.03287907341e-18  0.000100432081131  450.0   25.7877910017  -1.317634812    -1.18437178112
-0.566666666667  0.133333333333  0.433333333333  0.499945738778  5.42612216113e-05  0.5             -1.0  0.7  -1.2156616859e-17   0.000108522443223  460.0   25.2271868495  -1.31762624399  -1.18436887636
-0.566666666667  0.133333333333  0.433333333333  0.499928860609  7.11393908018e-05  0.5             -1.0  0.7  3.56566989476e-17   0.000142278781604  470.0   24.6904381931  -1.3175904802   -1.18435674202
-0.566666666667  0.133333333333  0.433333333333  0.499909611127  9.03888730186e-05  0.5             -1.0  0.7  -4.39779506214e-17  0.000180777746037  480.0   24.1760540641  -1.31754970627  -1.18434291736
-0.566666666667  0.133333333333  0.433333333333  0.499902915655  9.70843450937e-05  0.5             -1.0  0.7  -6.19214965761e-17  0.000194168690187  490.0   23.6826652056  -1.3175355467   -1.18433813145
-0.566666666667  0.133333333333  0.433333333333  0.499885200552  0.000114799448293  0.5             -1.0  0.7  1.16822784085e-17   0.000229598896586  500.0   23.2090119015  -1.31749801621  -1.1843254021
-0.566666666667  0.133333333333  0.433333333333  0.499864974646  0.000135025353521  0.5             -1.0  0.7  6.31547765473e-18   0.000270050707041  510.0   22.7539332368  -1.31745518836  -1.18431089052
-0.566666666667  0.133333333333  0.433333333333  0.499827312616  0.000172687383945  0.5             -1.0  0.7  -6.76813206174e-17  0.000345374767891  520.0   22.3163575976  -1.31737545022  -1.18428387922
-0.566666666667  0.133333333333  0.433333333333  0.499791742921  0.000208257079346  0.5             -1.0  0.7  1.69677639994e-17   0.000416514158691  530.0   21.8952942467  -1.3173001408   -1.18425836738
-0.566666666667  0.133333333333  0.433333333333  0.499787976718  0.000212023282389  0.5             -1.0  0.7  -1.76182853029e-18  0.000424046564777  540.0   21.4898258347  -1.31729213225  -1.18425563151
-0.566666666667  0.133333333333  0.433333333333  0.499747385418  0.000252614581846  0.5             -1.0  0.7  -7.49725802274e-17  0.000505229163691  550.0   21.0991017286  -1.31720623373  -1.18422656081
-0.566666666667  0.133333333333  0.433333333333  0.499714466014  0.000285533986216  0.5             -1.0  0.7  4.0115480382e-17    0.000571067972432  560.0   20.7223320549  -1.31713647524  -1.18420288949
-0.566666666667  0.133333333333  0.433333333333  0.499665365885  0.00033463411477   0.5             -1.0  0.7  3.74049749507e-18   0.000669268229539  570.0   20.3587823697  -1.3170326163   -1.18416777073
-0.566666666667  0.133333333333  0.433333333333  0.499626866921  0.000373133079203  0.5             -1.0  0.7  -4.45064991805e-17  0.000746266158406  580.0   20.0077688806  -1.31695108664  -1.18414013962
-0.566666666667  0.133333333333  0.433333333333  0.499556703953  0.000443296046993  0.5             -1.0  0.7  5.05238212378e-17   0.000886592093986  590.0   19.6686541538  -1.31680256659  -1.18408984773
-0.566666666667  0.133333333333  0.433333333333  0.499524203016  0.000475796984359  0.5             -1.0  0.7  -2.5099280293e-17   0.000951593968719  600.0   19.3408432512  -1.3167336399   -1.18406642234
-0.566666666667  0.133333333333  0.433333333333  0.499462269899  0.000537730101057  0.5             -1.0  0.7  1.90819582357e-17   0.00107546020211   610.0   19.0237802471  -1.31660270258  -1.18402219139
-0.566666666667  0.133333333333  0.433333333333  0.499387085327  0.000612914672904  0.5             -1.0  0.7  -6.64615931734e-17  0.00122582934581   620.0   18.7169450819  -1.31644355293  -1.18396830014
-0.566666666667  0.133333333333  0.433333333333  0.499323896809  0.000676103190615  0.5             -1.0  0.7  -5.04154010206e-17  0.00135220638123   630.0   18.4198507155  -1.31630990686  -1.18392311799
-0.566666666667  0.133333333333  0.433333333333  0.499288745581  0.000711254419012  0.5             -1.0  0.7  -4.54280710271e-17  0.00142250883802   640.0   18.132040548   -1.31623579774  -1.18389822059
-0.566666666667  0.133333333333  0.433333333333  0.499158044387  0.000841955613483  0.5             -1.0  0.7  7.34004870773e-17   0.00168391122697   650.0   17.8530860781  -1.31595920581  -1.18380461033
-0.566666666667  0.133333333333  0.433333333333  0.499048963987  0.000951036012713  0.5             -1.0  0.7  -6.74373751286e-17  0.00190207202543   660.0   17.5825847739  -1.31572860749  -1.18372672457
-0.566666666667  0.133333333333  0.433333333333  0.498970710657  0.00102928934259   0.5             -1.0  0.7  -8.08814820674e-17  0.00205857868519   670.0   17.3201581354  -1.31556313881  -1.18367081056
-0.566666666667  0.133333333333  0.433333333333  0.498884366965  0.00111563303457   0.5             -1.0  0.7  -3.90312782095e-18  0.00223126606913   680.0   17.0654499276  -1.31538066555  -1.18360921847
-0.566666666667  0.133333333333  0.433333333333  0.498793280647  0.00120671935259   0.5             -1.0  0.7  1.79977560633e-17   0.00241343870519   690.0   16.8181245663  -1.31518787063  -1.18354394439
-0.566666666667  0.133333333333  0.433333333333  0.498698428126  0.00130157187366   0.5             -1.0  0.7  4.35849273339e-17   0.00260314374732   700.0   16.5778656439  -1.31498730496  -1.18347617225
-0.566666666667  0.133333333333  0.433333333333  0.498552243653  0.00144775634731   0.5             -1.0  0.7  -3.20923843056e-17  0.00289551269462   710.0   16.3443745785  -1.31467881592  -1.18337234147
-0.566666666667  0.133333333333  0.433333333333  0.498463110181  0.00153688981931   0.5             -1.0  0.7  -2.53703308362e-17  0.00307377963862   720.0   16.117369376   -1.31449051353  -1.18330882594
-0.566666666667  0.133333333333  0.433333333333  0.498341336282  0.00165866371768   0.5             -1.0  0.7  -4.57533316789e-17  0.00331732743537   730.0   15.8965834942  -1.31423358519  -1.18322238106
-0.566666666667  0.133333333333  0.433333333333  0.498150794306  0.00184920569383   0.5             -1.0  0.7  3.14418630021e-17   0.00369841138766   740.0   15.6817647983  -1.31383090448  -1.18308645912
-0.566666666667  0.133333333333  0.433333333333  0.498078120536  0.00192187946365   0.5             -1.0  0.7  2.49366499672e-17   0.0038437589273    750.0   15.472674601   -1.31367794889  -1.18303524681
-0.566666666667  0.133333333333  0.433333333333  0.497899714103  0.00210028589666   0.5             -1.0  0.7  -1.30104260698e-18  0.00420057179331   760.0   15.2690867773  -1.31330143045  -1.18290849737
-0.566666666667  0.133333333333  0.433333333333  0.497737767373  0.00226223262748   0.5             -1.0  0.7  -4.11996825544e-17  0.00452446525496   770.0   15.070786949   -1.31295918936  -1.1827929817
-0.566666666667  0.133333333333  0.433333333333  0.497563964077  0.00243603592344   0.5             -1.0  0.7  1.38777878078e-17   0.00487207184688   780.0   14.8775717317  -1.31259222794  -1.18266934489
-0.566666666667  0.133333333333  0.433333333333  0.497434099816  0.0025659001839    0.5             -1.0  0.7  -3.90312782095e-18  0.0051318003678    790.0   14.6892480389  -1.31231841844  -1.18257734537
-0.566666666667  0.133333333333  0.433333333333  0.497230724852  0.00276927514819   0.5             -1.0  0.7  -2.60208521397e-18  0.00553855029639   800.0   14.5056324384  -1.31188946165  -1.18243311352
-0.566666666667  0.133333333333  0.433333333333  0.497011308652  0.00298869134767   0.5             -1.0  0.7  -6.76542155631e-17  0.00597738269533   810.0   14.3265505565  -1.31142643287  -1.18227726742
-0.566666666667  0.133333333333  0.433333333333  0.496822301055  0.00317769894479   0.5             -1.0  0.7  -8.19656842399e-17  0.00635539788959   820.0   14.1518365253  -1.31102975901  -1.1821452042
-0.566666666667  0.133333333333  0.433333333333  0.496672629357  0.00332737064348   0.5             -1.0  0.7  -5.16080234103e-17  0.00665474128696   830.0   13.9813324708  -1.31071382001  -1.18203880558
-0.566666666667  0.133333333333  0.433333333333  0.496356826257  0.00364317374304   0.5             -1.0  0.7  -2.21177243187e-17  0.00728634748607   840.0   13.8148880366  -1.31005018285  -1.18181729275
-0.566666666667  0.133333333333  0.433333333333  0.496260857824  0.00373914217612   0.5             -1.0  0.7  1.51788304148e-17   0.00747828435224   850.0   13.6523599421  -1.30984811513  -1.18174958085
-0.566666666667  0.133333333333  0.433333333333  0.49610351423   0.00389648576989   0.5             -1.0  0.7  -8.67361737988e-18  0.00779297153978   860.0   13.4936115706  -1.30951529981  -1.18163704655
-0.566666666667  0.133333333333  0.433333333333  0.495776970477  0.00422302952257   0.5             -1.0  0.7  -6.93889390391e-18  0.00844605904514   870.0   13.3385125871  -1.30882962211  -1.18140853011
-0.566666666667  0.133333333333  0.433333333333  0.495540397131  0.00445960286923   0.5             -1.0  0.7  -1.56125112838e-17  0.00891920573847   880.0   13.1869385804  -1.30833066367  -1.18124077435
-0.566666666667  0.133333333333  0.433333333333  0.495300755026  0.00469924497393   0.5             -1.0  0.7  2.42861286637e-17   0.00939848994787   890.0   13.0387707312  -1.30782658346  -1.18107219309
-0.566666666667  0.133333333333  0.433333333333  0.495083431162  0.00491656883838   0.5             -1.0  0.7  6.93889390391e-18   0.00983313767676   900.0   12.8938955008  -1.3073716993   -1.18092156234
-0.566666666667  0.133333333333  0.433333333333  0.494819238993  0.00518076100736   0.5             -1.0  0.7  1.82145964978e-17   0.0103615220147    910.0   12.7522043415  -1.30681646426  -1.18073619634
-0.566666666667  0.133333333333  0.433333333333  0.494540679457  0.00545932054349   0.5             -1.0  0.7  6.76542155631e-17   0.010918641087     920.0   12.6135934247  -1.3062287619   -1.18053847732
-0.566666666667  0.133333333333  0.433333333333  0.494215949061  0.00578405093915   0.5             -1.0  0.7  1.47451495458e-17   0.0115681018783    930.0   12.4779633879  -1.30554784451  -1.18031218249
-0.566666666667  0.133333333333  0.433333333333  0.494000159575  0.00599984042458   0.5             -1.0  0.7  1.64798730218e-17   0.0119996808492    940.0   12.3452190965  -1.30509381108  -1.18016025434
-0.566666666667  0.133333333333  0.433333333333  0.493746847549  0.00625315245144   0.5             -1.0  0.7  6.93889390391e-18   0.0125063049029    950.0   12.2152694218  -1.30456424296  -1.17998532306
-0.566666666667  0.133333333333  0.433333333333  0.493431741894  0.00656825810598   0.5             -1.0  0.7  -1.00527225433e-15  0.013136516212     960.0   12.088027032   -1.30390539086  -1.17976761887
-0.566666666667  0.133333333333  0.433333333333  0.493151647979  0.00684835202114   0.5             -1.0  0.7  8.67361737988e-19   0.0136967040423    970.0   11.9634081967  -1.30331342228  -1.17956778178
-0.566666666667  0.133333333333  0.433333333333  0.492793021756  0.00720697824418   0.5             -1.0  0.7  -1.90819582357e-17  0.0144139564884    980.0   11.8413326028  -1.30256347549  -1.1793199117
-0.566666666667  0.133333333333  0.433333333333  0.492624658531  0.00737534146908   0.5             -1.0  0.7  2.51534904017e-17   0.0147506829382    990.0   11.7217231826  -1.30220749311  -1.17919963783
-0.566666666667  0.133333333333  0.433333333333  0.492194892917  0.00780510708292   0.5             -1.0  0.7  -4.77048955894e-17  0.0156102141658    1000.0  11.6045059507  -1.30131190491  -1.17890572149
-0.566666666667  0.133333333333  0.433333333333  0.491883274488  0.00811672551243   0.5             -1.0  0.7  -5.72458747072e-17  0.0162334510249    1010.0  11.4896098522  -1.30065832593  -1.17868840831
-0.566666666667  0.133333333333  0.433333333333  0.491609876044  0.00839012395551   0.5             -1.0  0.7  -3.12250225676e-17  0.016780247911     1020.0  11.3769666184  -1.30008706517  -1.17849990538
-0.566666666667  0.133333333333  0.433333333333  0.491154025987  0.00884597401264   0.5             -1.0  0.7  -2.08166817117e-17  0.0176919480253    1030.0  11.2665106318  -1.29913257654  -1.17818360683
-0.566666666667  0.133333333333  0.433333333333  0.490967389703  0.00903261029674   0.5             -1.0  0.7  -1.73472347598e-17  0.0180652205935    1040.0  11.1581787988  -1.29873689454  -1.17804921562
-0.566666666667  0.133333333333  0.433333333333  0.490580307724  0.0094196922761    0.5             -1.0  0.7  6.93889390391e-18   0.0188393845522    1050.0  11.0519104293  -1.29792724131  -1.17778147717
-0.566666666667  0.133333333333  0.433333333333  0.490239396604  0.00976060339594   0.5             -1.0  0.7  -6.41847686111e-17  0.0195212067919    1060.0  10.9476471233  -1.29721665012  -1.17754816154
-0.566666666667  0.133333333333  0.433333333333  0.489905041467  0.0100949585327    0.5             -1.0  0.7  4.16333634234e-17   0.0201899170654    1070.0  10.8453326643  -1.29651702356  -1.17731663217
-0.566666666667  0.133333333333  0.433333333333  0.489516983065  0.0104830169351    0.5             -1.0  0.7  -7.97972798949e-17  0.0209660338702    1080.0  10.7449129174  -1.29570564734  -1.17704853772
-0.566666666667  0.133333333333  0.433333333333  0.489131016998  0.0108689830024    0.5             -1.0  0.7  4.33680868994e-17   0.0217379660049    1090.0  10.6463357346  -1.29489943749  -1.17678268036
-0.566666666667  0.133333333333  0.433333333333  0.488720779844  0.011279220156     0.5             -1.0  0.7  6.41847686111e-17   0.0225584403121    1100.0  10.5495508643  -1.29404195721  -1.17649953209
-0.566666666667  0.133333333333  0.433333333333  0.488550045306  0.011449954694     0.5             -1.0  0.7  6.93889390391e-17   0.0228999093879    1110.0  10.4545098655  -1.29369046602  -1.17638706926
-0.566666666667  0.133333333333  0.433333333333  0.488124185384  0.0118758146158    0.5             -1.0  0.7  -5.55111512313e-17  0.0237516292315    1120.0  10.3611660275  -1.29279648448  -1.17608929161
-0.566666666667  0.133333333333  0.433333333333  0.487767651496  0.0122323485038    0.5             -1.0  0.7  -2.77555756156e-17  0.0244646970076    1130.0  10.2694742927  -1.29204867971  -1.17584063429
-0.566666666667  0.133333333333  0.433333333333  0.487350718871  0.0126492811295    0.5             -1.0  0.7  6.24500451352e-17   0.025298562259     1140.0  10.1793911849  -1.29117948298  -1.17555514323
-0.566666666667  0.133333333333  0.433333333333  0.486966705649  0.0130332943508    0.5             -1.0  0.7  -5.03069808033e-17  0.0260665887016    1150.0  10.0908747398  -1.290382621    -1.17529589976
-0.566666666667  0.133333333333  0.433333333333  0.486532476387  0.0134675236127    0.5             -1.0  0.7  3.46944695195e-17   0.0269350472254    1160.0  10.0038844403  -1.28947222051  -1.17499342024
-0.566666666667  0.133333333333  0.433333333333  0.486239967951  0.013760032049     0.5             -1.0  0.7  -6.76542155631e-17  0.027520064098     1170.0  9.91838115449  -1.28886875065  -1.17479946219
-0.566666666667  0.133333333333  0.433333333333  0.485868090273  0.0141319097272    0.5             -1.0  0.7  -6.07153216592e-17  0.0282638194544    1180.0  9.83432707691  -1.28809266459  -1.17454400488
-0.566666666667  0.133333333333  0.433333333333  0.485448228378  0.0145517716219    0.5             -1.0  0.7  8.67361737988e-18   0.0291035432438    1190.0  9.7516856729   -1.28721258885  -1.17425173579
-0.566666666667  0.133333333333  0.433333333333  0.485149861404  0.0148501385963    0.5             -1.0  0.7  -5.20417042793e-18  0.0297002771925    1200.0  9.67042162562  -1.2865871681   -1.1740440288
-0.566666666667  0.133333333333  0.433333333333  0.484645887641  0.0153541123589    0.5             -1.0  0.7  -9.92261828259e-16  0.0307082247179    1210.0  9.59050078574  -1.28554030692  -1.17370273089
-0.566666666667  0.133333333333  0.433333333333  0.484409035316  0.0155909646836    0.5             -1.0  0.7  6.93889390391e-18   0.0311819293672    1220.0  9.51189012357  -1.28504337861  -1.17353739583
-0.566666666667  0.133333333333  0.433333333333  0.483881627401  0.0161183725986    0.5             -1.0  0.7  -2.42861286637e-17  0.0322367451971    1230.0  9.43455768354  -1.28395057381  -1.17318296212
-0.566666666667  0.133333333333  0.433333333333  0.483539042414  0.0164609575864    0.5             -1.0  0.7  -6.59194920871e-17  0.0329219151728    1240.0  9.35847254093  -1.2832347763   -1.17294678359
-0.566666666667  0.133333333333  0.433333333333  0.483105231619  0.0168947683813    0.5             -1.0  0.7  -3.81639164715e-17  0.0337895367626    1250.0  9.2836047606   -1.28233275229  -1.17265209469
-0.566666666667  0.133333333333  0.433333333333  0.482807562089  0.0171924379107    0.5             -1.0  0.7  -3.46944695195e-18  0.0343848758213    1260.0  9.20992535774  -1.28170696331  -1.17244304305
-0.566666666667  0.133333333333  0.433333333333  0.482410576391  0.0175894236091    0.5             -1.0  0.7  -1.04083408559e-17  0.0351788472183    1270.0  9.13740626043  -1.2808800472   -1.17217190692
-0.566666666667  0.133333333333  0.433333333333  0.48204330185   0.0179566981503    0.5             -1.0  0.7  7.6327832943e-17    0.0359133963005    1280.0  9.06602027402  -1.28011056348  -1.17191660756
-0.566666666667  0.133333333333  0.433333333333  0.481543931224  0.0184560687759    0.5             -1.0  0.7  -1.00613961607e-15  0.0369121375518    1290.0  8.99574104709  -1.27907371508  -1.17157887804
-0.566666666667  0.133333333333  0.433333333333  0.481169403255  0.0188305967451    0.5             -1.0  0.7  -3.12250225676e-17  0.0376611934902    1300.0  8.92654303904  -1.27829709487  -1.17132659698
-0.566666666667  0.133333333333  0.433333333333  0.480838535343  0.0191614646568    0.5             -1.0  0.7  -3.12250225676e-17  0.0383229293137    1310.0  8.85840148912  -1.27760057905  -1.17109329624
-0.566666666667  0.133333333333  0.433333333333  0.480425787388  0.0195742126125    0.5             -1.0  0.7  0.0                 0.039148425225     1320.0  8.79129238693  -1.27675304656  -1.17082361089
-0.566666666667  0.133333333333  0.433333333333  0.480021408772  0.019978591228     0.5             -1.0  0.7  4.16333634234e-17   0.0399571824561    1330.0  8.72519244417  -1.27590616917  -1.17054286356
-0.566666666667  0.133333333333  0.433333333333  0.47959833863   0.0204016613698    0.5             -1.0  0.7  -1.38777878078e-17  0.0408033227396    1340.0  8.66007906772  -1.27502783612  -1.1702568287
-0.566666666667  0.133333333333  0.433333333333  0.47930778304   0.0206922169601    0.5             -1.0  0.7  -2.08166817117e-17  0.0413844339202    1350.0  8.59593033389  -1.27442454597  -1.17006031638
-0.566666666667  0.133333333333  0.433333333333  0.478741457694  0.0212585423065    0.5             -1.0  0.7  -2.08166817117e-17  0.0425170846129    1360.0  8.53272496379  -1.27324995645  -1.16967858235
-0.566666666667  0.133333333333  0.433333333333  0.478388271542  0.0216117284584    0.5             -1.0  0.7  6.24500451352e-17   0.0432234569169    1370.0  8.47044229982  -1.27250800334  -1.16943108985
-0.566666666667  0.133333333333  0.433333333333  0.477995331024  0.0220046689759    0.5             -1.0  0.7  -4.51028103754e-17  0.0440093379517    1380.0  8.40906228315  -1.27168808885  -1.16916129208
-0.566666666667  0.133333333333  0.433333333333  0.477669624205  0.0223303757945    0.5             -1.0  0.7  6.24500451352e-17   0.0446607515891    1390.0  8.34856543219  -1.27101286428  -1.16894205706
-0.566666666667  0.133333333333  0.433333333333  0.477157560081  0.0228424399193    0.5             -1.0  0.7  7.6327832943e-17    0.0456848798386    1400.0  8.28893282196  -1.26993901598  -1.16858509853
-0.566666666667  0.133333333333  0.433333333333  0.476844128294  0.0231558717058    0.5             -1.0  0.7  1.38777878078e-17   0.0463117434117    1410.0  8.23014606436  -1.26928248919  -1.16836737625
-0.566666666667  0.133333333333  0.433333333333  0.476405853851  0.0235941461488    0.5             -1.0  0.7  0.0                 0.0471882922975    1420.0  8.17218728926  -1.26837657689  -1.16807504816
-0.566666666667  0.133333333333  0.433333333333  0.476124365046  0.0238756349539    0.5             -1.0  0.7  2.77555756156e-17   0.0477512699079    1430.0  8.1150391264   -1.26778024055  -1.16787279615
-0.566666666667  0.133333333333  0.433333333333  0.475518145845  0.0244818541548    0.5             -1.0  0.7  0.0                 0.0489637083095    1440.0  8.05868468802  -1.2665271926   -1.16746845509
-0.566666666667  0.133333333333  0.433333333333  0.475249769006  0.0247502309938    0.5             -1.0  0.7  -1.73472347598e-17  0.0495004619876    1450.0  8.00310755224  -1.26596956804  -1.16728655809
-0.566666666667  0.133333333333  0.433333333333  0.47484971455   0.0251502854503    0.5             -1.0  0.7  3.46944695195e-18   0.0503005709006    1460.0  7.94829174709  -1.2651253491   -1.1670024154
-0.566666666667  0.133333333333  0.433333333333  0.47449764431   0.0255027741573    0.499999581533  -1.0  0.7  8.36934009783e-07   0.0510055483145    1470.0  7.8942217352   -1.26438957559  -1.16675928914
-0.566666666667  0.133333333333  0.433333333333  0.47417765654   0.0258229014159    0.499999442044  -1.0  0.7  1.11591201175e-06   0.0516458028317    1480.0  7.84088239916  -1.26371665825  -1.16653427099
-0.566666666667  0.133333333333  0.433333333333  0.473653456872  0.0263465431278    0.5             -1.0  0.7  -5.20417042793e-17  0.0526930862555    1490.0  7.78825902735  -1.26263489231  -1.16618671935
-0.566666666667  0.133333333333  0.433333333333  0.4732472649    0.0267527351003    0.5             -1.0  0.7  6.59194920871e-17   0.0535054702007    1500.0  7.7363373005   -1.26178972609  -1.1659102219
-0.566666666667  0.133333333333  0.433333333333  0.472858369563  0.0271417699257    0.499999860511  -1.0  0.7  2.78978002938e-07   0.0542835398514    1510.0  7.68510327864  -1.26096599888  -1.16563086447
-0.566666666667  0.133333333333  0.433333333333  0.472596827685  0.0274031723147    0.5             -1.0  0.7  1.04083408559e-17   0.0548063446293    1520.0  7.63454338865  -1.26042355204  -1.16545465994
-0.566666666667  0.133333333333  0.433333333333  0.472220904826  0.0277790951739    0.5             -1.0  0.7  6.93889390391e-18   0.0555581903478    1530.0  7.58464441225  -1.25963678485  -1.16519418476
-0.566666666667  0.133333333333  0.433333333333  0.471906915084  0.0280930849164    0.5             -1.0  0.7  -3.81639164715e-17  0.0561861698329    1540.0  7.53539347451  -1.25898330953  -1.16498029508
-0.566666666667  0.133333333333  0.433333333333  0.471358583818  0.0286416951596    0.499999721022  -1.0  0.7  5.57956005842e-07   0.0572833903192    1550.0  7.48677803274  -1.25783655209  -1.16460103402
-0.566666666667  0.133333333333  0.433333333333  0.471001212996  0.0289987870036    0.5             -1.0  0.7  2.08166817117e-17   0.0579975740073    1560.0  7.43878586587  -1.2570942917   -1.16435926017
-0.566666666667  0.133333333333  0.433333333333  0.470646352976  0.0293536470236    0.5             -1.0  0.7  2.08166817117e-17   0.0587072940473    1570.0  7.39140506417  -1.25635011432  -1.16411188682
-0.566666666667  0.133333333333  0.433333333333  0.470222306412  0.0297781120554    0.499999581533  -1.0  0.7  8.36934009749e-07   0.0595562241108    1580.0  7.34462401946  -1.25546865906  -1.16382384567
-0.566666666667  0.133333333333  0.433333333333  0.469801049627  0.0301990898622    0.499999860511  -1.0  0.7  2.789780029e-07     0.0603981797243    1590.0  7.29843141557  -1.25458335563  -1.16352846912
-0.566666666667  0.133333333333  0.433333333333  0.469648867126  0.0303514118519    0.499999721022  -1.0  0.7  5.57956005821e-07   0.0607028237038    1600.0  7.25281621922  -1.25424772045  -1.16340580576
-0.566666666667  0.133333333333  0.433333333333  0.469174465032  0.0308258139462    0.499999721022  -1.0  0.7  5.57956005887e-07   0.0616516278924    1610.0  7.20776767127  -1.25326804353  -1.16309029177
-0.566666666667  0.133333333333  0.433333333333  0.468866333827  0.0311340846397    0.499999581533  -1.0  0.7  8.36934009627e-07   0.0622681692794    1620.0  7.16327527824  -1.25261807975  -1.16287162798
-0.566666666667  0.133333333333  0.433333333333  0.468303216728  0.031696922761     0.499999860511  -1.0  0.7  2.78978003795e-07   0.0633938455221    1630.0  7.11932880414  -1.25143247459  -1.16247455414
-0.566666666667  0.133333333333  0.433333333333  0.468041814339  0.031958464639     0.499999721022  -1.0  0.7  5.57956006869e-07   0.063916929278     1640.0  7.07591826265  -1.25088098209  -1.1622889413
-0.566666666667  0.133333333333  0.433333333333  0.4676631017    0.0323373167672    0.499999581533  -1.0  0.7  8.36934008673e-07   0.0646746335345    1650.0  7.03303390954  -1.25009323413  -1.16203130734
-0.566666666667  0.133333333333  0.433333333333  0.467307265257  0.0326930137213    0.499999721022  -1.0  0.7  5.57956005863e-07   0.0653860274425    1660.0  6.99066623539  -1.24934754975  -1.16178387767
-0.566666666667  0.133333333333  0.433333333333  0.4668932619    0.0331079935009    0.499998744599  -1.0  0.7  2.51080202825e-06   0.0662159870019    1670.0  6.94880595853  -1.24847259707  -1.16148794383
-0.566666666667  0.133333333333  0.433333333333  0.466565044279  0.0334350952096    0.499999860511  -1.0  0.7  2.78978003906e-07   0.0668701904192    1680.0  6.9074440183   -1.24778425055  -1.16125977154
-0.566666666667  0.133333333333  0.433333333333  0.466288437589  0.0337118413887    0.499999721022  -1.0  0.7  5.57956006911e-07   0.0674236827775    1690.0  6.86657156849  -1.24720739009  -1.16107007675
-0.566666666667  0.133333333333  0.433333333333  0.465897031451  0.0341043634392    0.49999860511   -1.0  0.7  2.78978003122e-06   0.0682087268783    1700.0  6.82617997103  -1.24637821446  -1.16078820016
-0.566666666667  0.133333333333  0.433333333333  0.465588202801  0.0344131920886    0.49999860511   -1.0  0.7  2.78978003129e-06   0.0688263841773    1710.0  6.78626078991  -1.24572710172  -1.16056944753
-0.566666666667  0.133333333333  0.433333333333  0.465304482172  0.0346966337398    0.499998884088  -1.0  0.7  2.23182402537e-06   0.0693932674796    1720.0  6.74680578532  -1.245122199    -1.16036192108
-0.566666666667  0.133333333333  0.433333333333  0.464808459283  0.0351920986734    0.499999442044  -1.0  0.7  1.11591201166e-06   0.0703841973468    1730.0  6.70780690795  -1.24409472446  -1.16002921336
-0.566666666667  0.133333333333  0.433333333333  0.464474243635  0.0355265932992    0.499999163066  -1.0  0.7  1.67386801955e-06   0.0710531865983    1740.0  6.66925629353  -1.24336776731  -1.15976999073
-0.566666666667  0.133333333333  0.433333333333  0.464220931608  0.035780602771     0.499998465621  -1.0  0.7  3.06875803423e-06   0.0715612055421    1750.0  6.63114625757  -1.24285895778  -1.15961539957
-0.566666666667  0.133333333333  0.433333333333  0.463925633392  0.0360750640533    0.499999302555  -1.0  0.7  1.39489001551e-06   0.0721501281067    1760.0  6.5934692902   -1.2422034872   -1.15937384865
-0.566666666667  0.133333333333  0.433333333333  0.463479408076  0.0365219868144    0.49999860511   -1.0  0.7  2.78978003121e-06   0.0730439736288    1770.0  6.55621805127  -1.24127266797  -1.1590673264
-0.566666666667  0.133333333333  0.433333333333  0.463057872313  0.0369444990001    0.499997628687  -1.0  0.7  4.74262605272e-06   0.0738889980003    1780.0  6.51938536559  -1.24038645462  -1.15877067726
-0.566666666667  0.133333333333  0.433333333333  0.46278307898   0.0372184553992    0.499998465621  -1.0  0.7  3.06875803523e-06   0.0744369107985    1790.0  6.4829642183   -1.23978555627  -1.15855499174
-0.566666666667  0.133333333333  0.433333333333  0.462430032317  0.0375717810402    0.499998186643  -1.0  0.7  3.6267140411e-06    0.0751435620804    1800.0  6.44694775042  -1.2390497722   -1.15831330561
-0.566666666667  0.133333333333  0.433333333333  0.462289427403  0.0377114095308    0.499999163066  -1.0  0.7  1.67386801955e-06   0.0754228190616    1810.0  6.41132925456  -1.23875752774  -1.15821849388
-0.566666666667  0.133333333333  0.433333333333  0.461855058652  0.0381470336827    0.499997907665  -1.0  0.7  4.18467004683e-06   0.0762940673654    1820.0  6.37610217074  -1.23783308872  -1.15790141787
-0.566666666667  0.133333333333  0.433333333333  0.46149489805   0.0385070547957    0.499998047154  -1.0  0.7  3.90569204393e-06   0.0770141095915    1830.0  6.34126008238  -1.23706069158  -1.15763332927
-0.566666666667  0.133333333333  0.433333333333  0.461255813902  0.0387462784334    0.499997907665  -1.0  0.7  4.18467004781e-06   0.0774925568669    1840.0  6.30679671236  -1.23654147484  -1.15744874664
-0.566666666667  0.133333333333  0.433333333333  0.460837904853  0.0391646059492    0.499997489198  -1.0  0.7  5.02160405658e-06   0.0783292118983    1850.0  6.27270591932  -1.23569364717  -1.15718574056
-0.566666666667  0.133333333333  0.433333333333  0.460581524068  0.039420707756     0.499997768176  -1.0  0.7  4.46364805077e-06   0.0788414155121    1860.0  6.23898169395  -1.23509987274  -1.15695106662
-0.566666666667  0.133333333333  0.433333333333  0.46013278795   0.0398693043851    0.499997907665  -1.0  0.7  4.18467004686e-06   0.0797386087702    1870.0  6.20561815548  -1.23415568476  -1.15663519289
-0.566666666667  0.133333333333  0.433333333333  0.459800664637  0.0402017066758    0.499997628687  -1.0  0.7  4.74262605279e-06   0.0804034133517    1880.0  6.17260954827  -1.23343195597  -1.15637626935
-0.566666666667  0.133333333333  0.433333333333  0.459380523764  0.0406219870376    0.499997489198  -1.0  0.7  5.02160405662e-06   0.0812439740751    1890.0  6.13995023849  -1.23255825032  -1.15609067724
-0.566666666667  0.133333333333  0.433333333333  0.459115494661  0.0408877135856    0.499996791753  -1.0  0.7  6.41649407233e-06   0.0817754271711    1900.0  6.10763471092  -1.2319967095   -1.1558997587
-0.566666666667  0.133333333333  0.433333333333  0.458928718888  0.0410750473147    0.499996233797  -1.0  0.7  7.53240608399e-06   0.0821500946293    1910.0  6.07565756584  -1.23158277453  -1.15574697504
-0.566666666667  0.133333333333  0.433333333333  0.458450550591  0.0415550289691    0.49999442044   -1.0  0.7  1.11591201259e-05   0.0831100579382    1920.0  6.04401351602  -1.23057706532  -1.15540961343
-0.566666666667  0.133333333333  0.433333333333  0.458166132517  0.0418381916423    0.499995675841  -1.0  0.7  8.64831809763e-06   0.0836763832845    1930.0  6.01269738381  -1.22996465564  -1.15519614229
-0.566666666667  0.133333333333  0.433333333333  0.457886875536  0.0421153562884    0.499997768176  -1.0  0.7  4.46364805073e-06   0.0842307125768    1940.0  5.98170409833  -1.22938645841  -1.15501016024
-0.566666666667  0.133333333333  0.433333333333  0.457552938866  0.0424504088702    0.499996652264  -1.0  0.7  6.6954720753e-06    0.0849008177403    1950.0  5.95102869269  -1.22862857819  -1.1547191218
-0.566666666667  0.133333333333  0.433333333333  0.457433536281  0.0425695324775    0.499996931242  -1.0  0.7  6.13751606835e-06   0.085139064955     1960.0  5.9206663014   -1.22837090949  -1.15462878411
-0.566666666667  0.133333333333  0.433333333333  0.456985218629  0.0430193845076    0.499995396863  -1.0  0.7  9.20627410345e-06   0.0860387690151    1970.0  5.89061215774  -1.22744728343  -1.15433188214
-0.566666666667  0.133333333333  0.433333333333  0.456583071838  0.0434206943651    0.499996233797  -1.0  0.7  7.53240608502e-06   0.0868413887302    1980.0  5.86086159129  -1.22657096305  -1.15401906942
-0.566666666667  0.133333333333  0.433333333333  0.456438421743  0.0435660419047    0.499995536352  -1.0  0.7  8.92729609966e-06   0.0871320838095    1990.0  5.8314100255   -1.2262510702   -1.15390126824
-0.566666666667  0.133333333333  0.433333333333  0.455979502928  0.0440267740769    0.499993722995  -1.0  0.7  1.25540101416e-05   0.0880535481538    2000.0  5.80225297537  -1.22527670275  -1.15356829912
-0.566666666667  0.133333333333  0.433333333333  0.455763713443  0.0442436794744    0.499992607083  -1.0  0.7  1.47858341659e-05   0.0884873589487    2010.0  5.77338604515  -1.22477947985  -1.15337251194
-0.566666666667  0.133333333333  0.433333333333  0.455499660763  0.0445059187973    0.49999442044   -1.0  0.7  1.11591201249e-05   0.0890118375946    2020.0  5.74480492611  -1.22423565555  -1.15319944941
-0.566666666667  0.133333333333  0.433333333333  0.455163771247  0.0448409713791    0.499995257374  -1.0  0.7  9.48525210735e-06   0.0896819427582    2030.0  5.71650539446  -1.22351736002  -1.15295190137
-0.566666666667  0.133333333333  0.433333333333  0.454752139203  0.0452537193347    0.499994141462  -1.0  0.7  1.17170761329e-05   0.0905074386695    2040.0  5.68848330919  -1.22262513137  -1.15263528803
-0.566666666667  0.133333333333  0.433333333333  0.454592703275  0.0454163635106    0.499990933215  -1.0  0.7  1.81335702051e-05   0.0908327270211    2050.0  5.66073461012  -1.22225832177  -1.15248976378
-0.566666666667  0.133333333333  0.433333333333  0.454134900371  0.0458736084577    0.499991491171  -1.0  0.7  1.70176581924e-05   0.0917472169154    2060.0  5.6332553159   -1.22129429292  -1.15216699377
-0.566666666667  0.133333333333  0.433333333333  0.453915902639  0.0460916297672    0.499992467594  -1.0  0.7  1.506481217e-05     0.0921832595344    2070.0  5.6060415221   -1.22081177836  -1.15199166189
-0.566666666667  0.133333333333  0.433333333333  0.453648781201  0.0463604250732    0.499990793726  -1.0  0.7  1.8412548207e-05    0.0927208501464    2080.0  5.5790893994   -1.2202278603   -1.15178070952
-0.566666666667  0.133333333333  0.433333333333  0.453415974057  0.0465971379089    0.499986888034  -1.0  0.7  2.6223932295e-05    0.0931942758177    2090.0  5.55239519175  -1.21968686036  -1.15156329617
-0.566666666667  0.133333333333  0.433333333333  0.453088174904  0.0469203339255    0.499991491171  -1.0  0.7  1.70176581914e-05   0.093840667851     2100.0  5.52595521464  -1.2189994952   -1.1513376117
-0.566666666667  0.133333333333  0.433333333333  0.452800688071  0.0472106105378    0.499988701391  -1.0  0.7  2.25972182539e-05   0.0944212210756    2110.0  5.49976585344  -1.21836199514  -1.15110091934
-0.566666666667  0.133333333333  0.433333333333  0.452675426948  0.0473371270622    0.49998744599   -1.0  0.7  2.51080202824e-05   0.0946742541244    2120.0  5.47382356168  -1.21804830551  -1.15096184204
-0.566666666667  0.133333333333  0.433333333333  0.452233107324  0.0477783307742    0.499988561902  -1.0  0.7  2.28761962577e-05   0.0955566615483    2130.0  5.44812485951  -1.2171225815   -1.15065603505
-0.566666666667  0.133333333333  0.433333333333  0.452021084042  0.0479909120126    0.499988003946  -1.0  0.7  2.39921082695e-05   0.0959818240251    2140.0  5.42266633213  -1.21666493434  -1.15049488572
-0.566666666667  0.133333333333  0.433333333333  0.451581833176  0.0484311393015    0.499987027523  -1.0  0.7  2.5944954293e-05    0.0968622786031    2150.0  5.39744462826  -1.21570522352  -1.15014954025
-0.566666666667  0.133333333333  0.433333333333  0.451351257856  0.0486605987091    0.499988143435  -1.0  0.7  2.37131302676e-05   0.0973211974182    2160.0  5.37245645868  -1.21519424407  -1.1499620358
-0.566666666667  0.133333333333  0.433333333333  0.451077301457  0.0489351130642    0.499987585479  -1.0  0.7  2.48290422793e-05   0.0978702261284    2170.0  5.34769859482  -1.21460217492  -1.14975317084
-0.566666666667  0.133333333333  0.433333333333  0.45088968875   0.0491227257713    0.499987585479  -1.0  0.7  2.48290422793e-05   0.0982454515426    2180.0  5.32316786732  -1.21419093634  -1.14960459004
-0.566666666667  0.133333333333  0.433333333333  0.450488936848  0.0495250120518    0.4999860511    -1.0  0.7  2.78978003144e-05   0.0990500241037    2190.0  5.29886116473  -1.21334416775  -1.14931795349
-0.566666666667  0.133333333333  0.433333333333  0.450191964764  0.0498222631142    0.499985772122  -1.0  0.7  2.84557563202e-05   0.0996445262284    2200.0  5.27477543216  -1.21267460798  -1.14906398725
-0.566666666667  0.133333333333  0.433333333333  0.449904617421  0.0501128187045    0.499982563875  -1.0  0.7  3.48722503926e-05   0.100225637409     2210.0  5.25090767002  -1.21200475189  -1.14879449249
-0.566666666667  0.133333333333  0.433333333333  0.449633171824  0.0503841248125    0.499982703364  -1.0  0.7  3.45932723886e-05   0.100768249625     2220.0  5.22725493277  -1.21143848488  -1.14860833301
-0.566666666667  0.133333333333  0.433333333333  0.449472062027  0.0505417473843    0.499986190589  -1.0  0.7  2.76188223105e-05   0.101083494769     2230.0  5.20381432769  -1.21112049081  -1.14851798499
-0.566666666667  0.133333333333  0.433333333333  0.449157653817  0.0508607587309    0.499981587452  -1.0  0.7  3.68250964141e-05   0.101721517462     2240.0  5.18058301373  -1.21035120526  -1.14818610905
-0.566666666667  0.133333333333  0.433333333333  0.4489029469    0.0511176974718    0.499979355628  -1.0  0.7  4.12887444648e-05   0.102235394944     2250.0  5.15755820033  -1.20979996566  -1.14799012005
-0.566666666667  0.133333333333  0.433333333333  0.448685483547  0.0513344633802    0.499980053073  -1.0  0.7  3.98938544492e-05   0.10266892676      2260.0  5.13473714635  -1.20936369454  -1.14785871608
-0.566666666667  0.133333333333  0.433333333333  0.448322254187  0.0516971347843    0.499980611029  -1.0  0.7  3.87779424375e-05   0.103394269569     2270.0  5.11211715892  -1.20854058668  -1.1475444641
-0.566666666667  0.133333333333  0.433333333333  0.448124040316  0.0518971620126    0.499978797672  -1.0  0.7  4.24046564777e-05   0.103794324025     2280.0  5.08969559243  -1.20808636867  -1.14736665749
-0.566666666667  0.133333333333  0.433333333333  0.447700412218  0.0523226034674    0.499976984315  -1.0  0.7  4.60313705175e-05   0.104645206935     2290.0  5.06746984749  -1.20714518401  -1.14701746416
-0.566666666667  0.133333333333  0.433333333333  0.447592308242  0.0524281966416    0.499979495117  -1.0  0.7  4.1009766462e-05    0.104856393283     2300.0  5.04543736989  -1.20690917675  -1.14693430894
-0.566666666667  0.133333333333  0.433333333333  0.44731040097   0.0527177758088    0.499971823222  -1.0  0.7  5.63535566349e-05   0.105435551618     2310.0  5.02359564968  -1.20624592263  -1.14666112187
-0.566666666667  0.133333333333  0.433333333333  0.446933222709  0.0530967674261    0.499970009865  -1.0  0.7  5.99802706758e-05   0.106193534852     2320.0  5.00194222015  -1.20542692367  -1.14636908446
-0.566666666667  0.133333333333  0.433333333333  0.446719944026  0.0533057219504    0.499974334024  -1.0  0.7  5.13319525782e-05   0.106611443901     2330.0  4.98047465697  -1.20500046603  -1.14624381147
-0.566666666667  0.133333333333  0.433333333333  0.446443895292  0.0535873502446    0.499968754464  -1.0  0.7  6.24910727042e-05   0.107174700489     2340.0  4.95919057724  -1.20431464259  -1.14594110852
-0.566666666667  0.133333333333  0.433333333333  0.446194907424  0.0538403832935    0.499964709283  -1.0  0.7  7.0581434795e-05    0.107680766587     2350.0  4.93808763862  -1.20376925197  -1.14574187381
-0.566666666667  0.133333333333  0.433333333333  0.445936155326  0.0541001118144    0.49996373286   -1.0  0.7  7.25342808163e-05   0.108200223629     2360.0  4.91716353845  -1.20319496403  -1.14552925296
-0.566666666667  0.133333333333  0.433333333333  0.44572887467   0.0543080899157    0.499963035415  -1.0  0.7  7.39291708329e-05   0.108616179831     2370.0  4.89641601298  -1.2027323205   -1.14535638388
-0.566666666667  0.133333333333  0.433333333333  0.445472354396  0.0545595885856    0.499968057019  -1.0  0.7  6.38859627197e-05   0.109119177171     2380.0  4.87584283645  -1.20217461564  -1.14516082036
-0.566666666667  0.133333333333  0.433333333333  0.445240384186  0.0547989517123    0.499960664102  -1.0  0.7  7.86717968868e-05   0.109597903425     2390.0  4.8554418204   -1.20168211208  -1.14498863934
-0.566666666667  0.133333333333  0.433333333333  0.444929881669  0.0551114070758    0.499958711256  -1.0  0.7  8.25774889297e-05   0.110222814152     2400.0  4.83521081281  -1.20094031623  -1.14468037531
