#mu0             mu1              mu2             x0              x1                 x2              mua   mub  xa                  xb                 T       b              u               phi
-0.533333333333  -0.233333333333  0.766666666667  0.5             0.0                0.5             -1.3  0.3  0.0                 0.0                30.0    386.816865025  -1.31774118     -1.55107451333
-0.533333333333  -0.233333333333  0.766666666667  0.5             0.0                0.5             -1.3  0.3  0.0                 0.0                40.0    290.112648769  -1.31774118     -1.55107451333
-0.533333333333  -0.233333333333  0.766666666667  0.5             0.0                0.5             -1.3  0.3  0.0                 0.0                50.0    232.090119015  -1.31774118     -1.55107451333
-0.533333333333  -0.233333333333  0.766666666667  0.5             0.0                0.5             -1.3  0.3  0.0                 0.0                60.0    193.408432513  -1.31774118     -1.55107451333
-0.533333333333  -0.233333333333  0.766666666667  0.5             0.0                0.5             -1.3  0.3  0.0                 0.0                70.0    165.778656439  -1.31774118     -1.55107451333
-0.533333333333  -0.233333333333  0.766666666667  0.5             0.0                0.5             -1.3  0.3  0.0                 0.0                80.0    145.056324384  -1.31774118     -1.55107451333
-0.533333333333  -0.233333333333  0.766666666667  0.5             0.0                0.5             -1.3  0.3  0.0                 0.0                90.0    128.938955008  -1.31774118     -1.55107451333
-0.533333333333  -0.233333333333  0.766666666667  0.5             0.0                0.5             -1.3  0.3  0.0                 0.0                100.0   116.045059507  -1.31774118     -1.55107451333
-0.533333333333  -0.233333333333  0.766666666667  0.5             0.0                0.5             -1.3  0.3  0.0                 0.0                110.0   105.495508643  -1.31774118     -1.55107451333
-0.533333333333  -0.233333333333  0.766666666667  0.5             0.0                0.5             -1.3  0.3  0.0                 0.0                120.0   96.7042162563  -1.31774118     -1.55107451333
-0.533333333333  -0.233333333333  0.766666666667  0.5             0.0                0.5             -1.3  0.3  0.0                 0.0                130.0   89.2654303904  -1.31774118     -1.55107451333
-0.533333333333  -0.233333333333  0.766666666667  0.5             0.0                0.5             -1.3  0.3  0.0                 0.0                140.0   82.8893282196  -1.31774118     -1.55107451333
-0.533333333333  -0.233333333333  0.766666666667  0.5             0.0                0.5             -1.3  0.3  0.0                 0.0                150.0   77.363373005   -1.31774118     -1.55107451333
-0.533333333333  -0.233333333333  0.766666666667  0.5             0.0                0.5             -1.3  0.3  0.0                 0.0                160.0   72.5281621922  -1.31774118     -1.55107451333
-0.533333333333  -0.233333333333  0.766666666667  0.5             0.0                0.5             -1.3  0.3  0.0                 0.0                170.0   68.2617997103  -1.31774118     -1.55107451333
-0.533333333333  -0.233333333333  0.766666666667  0.5             0.0                0.5             -1.3  0.3  0.0                 0.0                180.0   64.4694775042  -1.31774118     -1.55107451333
-0.533333333333  -0.233333333333  0.766666666667  0.5             0.0                0.5             -1.3  0.3  0.0                 0.0                190.0   61.0763471092  -1.31774118     -1.55107451333
-0.533333333333  -0.233333333333  0.766666666667  0.5             0.0                0.5             -1.3  0.3  0.0                 0.0                200.0   58.0225297537  -1.31774118     -1.55107451333
-0.533333333333  -0.233333333333  0.766666666667  0.5             0.0                0.5             -1.3  0.3  0.0                 0.0                210.0   55.2595521464  -1.31774118     -1.55107451333
-0.533333333333  -0.233333333333  0.766666666667  0.5             0.0                0.5             -1.3  0.3  0.0                 0.0                220.0   52.7477543216  -1.31774118     -1.55107451333
-0.533333333333  -0.233333333333  0.766666666667  0.5             0.0                0.5             -1.3  0.3  0.0                 0.0                230.0   50.4543736989  -1.31774118     -1.55107451333
-0.533333333333  -0.233333333333  0.766666666667  0.5             0.0                0.5             -1.3  0.3  0.0                 0.0                240.0   48.3521081281  -1.31774118     -1.55107451333
-0.533333333333  -0.233333333333  0.766666666667  0.5             0.0                0.5             -1.3  0.3  0.0                 0.0                250.0   46.418023803   -1.31774118     -1.55107451333
-0.533333333333  -0.233333333333  0.766666666667  0.5             0.0                0.5             -1.3  0.3  0.0                 0.0                260.0   44.6327151952  -1.31774118     -1.55107451333
-0.533333333333  -0.233333333333  0.766666666667  0.5             0.0                0.5             -1.3  0.3  0.0                 0.0                270.0   42.9796516694  -1.31774118     -1.55107451333
-0.533333333333  -0.233333333333  0.766666666667  0.5             0.0                0.5             -1.3  0.3  0.0                 0.0                280.0   41.4446641098  -1.31774118     -1.55107451333
-0.533333333333  -0.233333333333  0.766666666667  0.5             0.0                0.5             -1.3  0.3  0.0                 0.0                290.0   40.0155377612  -1.31774118     -1.55107451333
-0.533333333333  -0.233333333333  0.766666666667  0.5             0.0                0.5             -1.3  0.3  0.0                 0.0                300.0   38.6816865025  -1.31774118     -1.55107451333
-0.533333333333  -0.233333333333  0.766666666667  0.5             0.0                0.5             -1.3  0.3  0.0                 0.0                310.0   37.4338901637  -1.31774118     -1.55107451333
-0.533333333333  -0.233333333333  0.766666666667  0.5             0.0                0.5             -1.3  0.3  0.0                 0.0                320.0   36.2640810961  -1.31774118     -1.55107451333
-0.533333333333  -0.233333333333  0.766666666667  0.5             0.0                0.5             -1.3  0.3  0.0                 0.0                330.0   35.1651695477  -1.31774118     -1.55107451333
-0.533333333333  -0.233333333333  0.766666666667  0.5             0.0                0.5             -1.3  0.3  0.0                 0.0                340.0   34.1308998551  -1.31774118     -1.55107451333
-0.533333333333  -0.233333333333  0.766666666667  0.5             0.0                0.5             -1.3  0.3  0.0                 0.0                350.0   33.1557312879  -1.31774118     -1.55107451333
-0.533333333333  -0.233333333333  0.766666666667  0.5             0.0                0.5             -1.3  0.3  0.0                 0.0                360.0   32.2347387521  -1.31774118     -1.55107451333
-0.533333333333  -0.233333333333  0.766666666667  0.5             0.0                0.5             -1.3  0.3  0.0                 0.0                370.0   31.3635295966  -1.31774118     -1.55107451333
-0.533333333333  -0.233333333333  0.766666666667  0.5             0.0                0.5             -1.3  0.3  0.0                 0.0                380.0   30.5381735546  -1.31774118     -1.55107451333
-0.533333333333  -0.233333333333  0.766666666667  0.5             0.0                0.5             -1.3  0.3  0.0                 0.0                390.0   29.7551434635  -1.31774118     -1.55107451333
-0.533333333333  -0.233333333333  0.766666666667  0.5             0.0                0.5             -1.3  0.3  0.0                 0.0                400.0   29.0112648769  -1.31774118     -1.55107451333
-0.533333333333  -0.233333333333  0.766666666667  0.5             0.0                0.5             -1.3  0.3  0.0                 0.0                410.0   28.3036730506  -1.31774118     -1.55107451333
-0.533333333333  -0.233333333333  0.766666666667  0.5             0.0                0.5             -1.3  0.3  0.0                 0.0                420.0   27.6297760732  -1.31774118     -1.55107451333
-0.533333333333  -0.233333333333  0.766666666667  0.5             0.0                0.5             -1.3  0.3  0.0                 0.0                430.0   26.9872231413  -1.31774118     -1.55107451333
-0.533333333333  -0.233333333333  0.766666666667  0.5             0.0                0.5             -1.3  0.3  0.0                 0.0                440.0   26.3738771608  -1.31774118     -1.55107451333
-0.533333333333  -0.233333333333  0.766666666667  0.5             0.0                0.5             -1.3  0.3  0.0                 0.0                450.0   25.7877910017  -1.31774118     -1.55107451333
-0.533333333333  -0.233333333333  0.766666666667  0.5             0.0                0.5             -1.3  0.3  0.0                 0.0                460.0   25.2271868495  -1.31774118     -1.55107451333
-0.533333333333  -0.233333333333  0.766666666667  0.5             0.0                0.5             -1.3  0.3  0.0                 0.0                470.0   24.6904381931  -1.31774118     -1.55107451333
-0.533333333333  -0.233333333333  0.766666666667  0.5             0.0                0.5             -1.3  0.3  0.0                 0.0                480.0   24.1760540641  -1.31774118     -1.55107451333
-0.533333333333  -0.233333333333  0.766666666667  0.5             0.0                0.5             -1.3  0.3  0.0                 0.0                490.0   23.6826652056  -1.31774118     -1.55107451333
-0.533333333333  -0.233333333333  0.766666666667  0.5             0.0                0.5             -1.3  0.3  0.0                 0.0                500.0   23.2090119015  -1.31774118     -1.55107451333
-0.533333333333  -0.233333333333  0.766666666667  0.499999721022  2.7897800293e-07   0.5             -1.3  0.3  8.59441979932e-18   5.57956005859e-07  510.0   22.7539332368  -1.317740589    -1.55107408972
-0.533333333333  -0.233333333333  0.766666666667  0.5             0.0                0.5             -1.3  0.3  0.0                 0.0                520.0   22.3163575976  -1.31774118     -1.55107451333
-0.533333333333  -0.233333333333  0.766666666667  0.5             0.0                0.5             -1.3  0.3  0.0                 0.0                530.0   21.8952942467  -1.31774118     -1.55107451333
-0.533333333333  -0.233333333333  0.766666666667  0.5             0.0                0.5             -1.3  0.3  0.0                 0.0                540.0   21.4898258347  -1.31774118     -1.55107451333
-0.533333333333  -0.233333333333  0.766666666667  0.5             0.0                0.5             -1.3  0.3  0.0                 0.0                550.0   21.0991017286  -1.31774118     -1.55107451333
-0.533333333333  -0.233333333333  0.766666666667  0.499999860511  1.39489001953e-07  0.5             -1.3  0.3  4.84892480985e-17   2.78978003906e-07  560.0   20.7223320549  -1.3177408845   -1.55107430153
-0.533333333333  -0.233333333333  0.766666666667  0.5             0.0                0.5             -1.3  0.3  0.0                 0.0                570.0   20.3587823697  -1.31774118     -1.55107451333
-0.533333333333  -0.233333333333  0.766666666667  0.499999860511  1.39489001953e-07  0.5             -1.3  0.3  4.84892480985e-17   2.78978003906e-07  580.0   20.0077688806  -1.3177408845   -1.55107430153
-0.533333333333  -0.233333333333  0.766666666667  0.499999860511  1.39489001953e-07  0.5             -1.3  0.3  4.84892480985e-17   2.78978003906e-07  590.0   19.6686541538  -1.3177408845   -1.55107430153
-0.533333333333  -0.233333333333  0.766666666667  0.499999860511  1.39489001953e-07  0.5             -1.3  0.3  4.84892480985e-17   2.78978003906e-07  600.0   19.3408432512  -1.3177408845   -1.55107430153
-0.533333333333  -0.233333333333  0.766666666667  0.499999860511  1.39489001953e-07  0.5             -1.3  0.3  4.84892480985e-17   2.78978003906e-07  610.0   19.0237802471  -1.3177408845   -1.55107430153
-0.533333333333  -0.233333333333  0.766666666667  0.499999581533  4.18467004883e-07  0.5             -1.3  0.3  5.70836678978e-17   8.36934009766e-07  620.0   18.7169450819  -1.3177402935   -1.55107387791
-0.533333333333  -0.233333333333  0.766666666667  0.499999721022  2.7897800293e-07   0.5             -1.3  0.3  8.59441979932e-18   5.57956005859e-07  630.0   18.4198507155  -1.317740589    -1.55107408972
-0.533333333333  -0.233333333333  0.766666666667  0.49999860511   1.39489001563e-06  0.5             -1.3  0.3  2.03338729318e-17   2.78978003125e-06  640.0   18.132040548   -1.317738225    -1.55107239526
-0.533333333333  -0.233333333333  0.766666666667  0.499999302555  6.97445007813e-07  0.5             -1.3  0.3  6.56780876972e-17   1.39489001563e-06  650.0   17.8530860781  -1.3177397025   -1.5510734543
-0.533333333333  -0.233333333333  0.766666666667  0.499999442044  5.57956005859e-07  0.5             -1.3  0.3  1.71888395986e-17   1.11591201172e-06  660.0   17.5825847739  -1.317739998    -1.55107366611
-0.533333333333  -0.233333333333  0.766666666667  0.499999860511  1.39489001953e-07  0.5             -1.3  0.3  4.84892480985e-17   2.78978003906e-07  670.0   17.3201581354  -1.3177408845   -1.55107430153
-0.533333333333  -0.233333333333  0.766666666667  0.499999442044  5.57956005859e-07  0.5             -1.3  0.3  1.71888395986e-17   1.11591201172e-06  680.0   17.0654499276  -1.317739998    -1.55107366611
-0.533333333333  -0.233333333333  0.766666666667  0.49999860511   1.39489001563e-06  0.5             -1.3  0.3  2.03338729318e-17   2.78978003125e-06  690.0   16.8181245663  -1.317738225    -1.55107239526
-0.533333333333  -0.233333333333  0.766666666667  0.499996791753  3.20824703613e-06  0.5             -1.3  0.3  -1.32708887011e-17  6.41649407227e-06  700.0   16.5778656439  -1.31773438349  -1.55106964178
-0.533333333333  -0.233333333333  0.766666666667  0.499998326132  1.67386801855e-06  0.5             -1.3  0.3  -8.20940097314e-17  3.34773603711e-06  710.0   16.3443745785  -1.317737634    -1.55107197165
-0.533333333333  -0.233333333333  0.766666666667  0.499998744599  1.25540101367e-06  0.5             -1.3  0.3  8.28669272958e-17   2.51080202734e-06  720.0   16.117369376   -1.3177385205   -1.55107260707
-0.533333333333  -0.233333333333  0.766666666667  0.499997768176  2.23182402539e-06  0.5             -1.3  0.3  2.34789062649e-17   4.46364805078e-06  730.0   15.8965834942  -1.317736452    -1.55107112442
-0.533333333333  -0.233333333333  0.766666666667  0.499995954819  4.0451810459e-06   0.5             -1.3  0.3  -1.01262788844e-17  8.0903620918e-06   740.0   15.6817647983  -1.31773261049  -1.55106837093
-0.533333333333  -0.233333333333  0.766666666667  0.499996652264  3.34773603809e-06  0.5             -1.3  0.3  -7.58039430651e-17  6.69547207617e-06  750.0   15.472674601   -1.31773408799  -1.55106942997
-0.533333333333  -0.233333333333  0.766666666667  0.499994141462  5.85853806641e-06  0.5             -1.3  0.3  -4.37306170008e-17  1.17170761328e-05  760.0   15.2690867773  -1.31772876899  -1.55106561744
-0.533333333333  -0.233333333333  0.766666666667  0.499995257374  4.74262605371e-06  0.5             -1.3  0.3  5.55518088127e-17   9.48525210742e-06  770.0   15.070786949   -1.31773113299  -1.5510673119
-0.533333333333  -0.233333333333  0.766666666667  0.499991909638  8.09036209082e-06  0.5             -1.3  0.3  2.38693884536e-18   1.61807241816e-05  780.0   14.8775717317  -1.31772404098  -1.55106222853
-0.533333333333  -0.233333333333  0.766666666667  0.499991072704  8.92729610059e-06  0.5             -1.3  0.3  5.53112514557e-18   1.78545922012e-05  790.0   14.6892480389  -1.31772226798  -1.55106095769
-0.533333333333  -0.233333333333  0.766666666667  0.49999302555   6.97445007813e-06  0.5             -1.3  0.3  -9.35293780358e-18  1.39489001563e-05  800.0   14.5056324384  -1.31772640499  -1.55106392299
-0.533333333333  -0.233333333333  0.766666666667  0.49999023577   9.76423011035e-06  0.5             -1.3  0.3  8.67531144578e-18   1.95284602207e-05  810.0   14.3265505565  -1.31772049498  -1.55105968685
-0.533333333333  -0.233333333333  0.766666666667  0.499985911611  1.40883891592e-05  0.5             -1.3  0.3  1.00634459804e-15   2.81767783184e-05  820.0   14.1518365253  -1.31771133536  -1.55105312172
-0.533333333333  -0.233333333333  0.766666666667  0.499984516721  1.54832791748e-05  0.5             -1.3  0.3  2.74777488089e-17   3.09665583496e-05  830.0   13.9813324708  -1.31770838035  -1.55105100365
-0.533333333333  -0.233333333333  0.766666666667  0.499984098254  1.59017461787e-05  0.5             -1.3  0.3  -3.82181265801e-18  3.18034923574e-05  840.0   13.8148880366  -1.31770749605  -1.55105037043
-0.533333333333  -0.233333333333  0.766666666667  0.499982145408  1.78545922012e-05  0.5             -1.3  0.3  1.10622502911e-17   3.57091844023e-05  850.0   13.6523599421  -1.3177033558   -1.55104740189
-0.533333333333  -0.233333333333  0.766666666667  0.499982145408  1.78545922012e-05  0.5             -1.3  0.3  1.10622502911e-17   3.57091844023e-05  860.0   13.4936115706  -1.31770335517  -1.55104740126
-0.533333333333  -0.233333333333  0.766666666667  0.499980750518  1.92494822168e-05  0.5             -1.3  0.3  -7.96278733055e-17  3.84989644336e-05  870.0   13.3385125871  -1.31770040096  -1.55104528399
-0.533333333333  -0.233333333333  0.766666666667  0.499978658183  2.13418172402e-05  0.5             -1.3  0.3  6.3866284223e-18    4.26836344805e-05  880.0   13.1869385804  -1.31769597637  -1.5510421148
-0.533333333333  -0.233333333333  0.766666666667  0.499976844826  2.31551742607e-05  0.5             -1.3  0.3  -2.7220250793e-17   4.63103485215e-05  890.0   13.0387707312  -1.31769213415  -1.55103936058
-0.533333333333  -0.233333333333  0.766666666667  0.4999721022    2.78978003145e-05  0.5             -1.3  0.3  -8.26907444428e-17  5.57956006289e-05  900.0   12.8938955008  -1.31768207808  -1.55103215009
-0.533333333333  -0.233333333333  0.766666666667  0.499964151327  3.58486734033e-05  0.5             -1.3  0.3  -1.77673631016e-17  7.16973468066e-05  910.0   12.7522043415  -1.31766523715  -1.55102007969
-0.533333333333  -0.233333333333  0.766666666667  0.499965267239  3.47327613916e-05  0.5             -1.3  0.3  -5.21501244966e-17  6.94655227832e-05  920.0   12.6135934247  -1.3176675969   -1.55102176989
-0.533333333333  -0.233333333333  0.766666666667  0.499958432278  4.15677224678e-05  0.5             -1.3  0.3  1.02999206386e-18   8.31354449355e-05  930.0   12.4779633879  -1.317653124    -1.55101139797
-0.533333333333  -0.233333333333  0.766666666667  0.499952992206  4.70077935293e-05  0.5             -1.3  0.3  1.1241821276e-17    9.40155870586e-05  940.0   12.3452190965  -1.31764160939  -1.55100314739
-0.533333333333  -0.233333333333  0.766666666667  0.49995243425   4.75657495361e-05  0.5             -1.3  0.3  5.79370535922e-18   9.51314990723e-05  950.0   12.2152694218  -1.31764041472  -1.5510022875
-0.533333333333  -0.233333333333  0.766666666667  0.499950341915  4.96580845596e-05  0.5             -1.3  0.3  -1.92174835073e-17  9.93161691191e-05  960.0   12.088027032   -1.31763598221  -1.5509991104
-0.533333333333  -0.233333333333  0.766666666667  0.49993709046   6.2909539709e-05   0.5             -1.3  0.3  -1.52194879963e-17  0.000125819079418  970.0   11.9634081967  -1.31760791759  -1.55097899664
-0.533333333333  -0.233333333333  0.766666666667  0.499930952944  6.90470557773e-05  0.5             -1.3  0.3  -2.77149180342e-17  0.000138094111555  980.0   11.8413326028  -1.31759491358  -1.55096967514
-0.533333333333  -0.233333333333  0.766666666667  0.499925373384  7.46266158408e-05  0.5             -1.3  0.3  -8.00412253837e-17  0.000149253231682  990.0   11.7217231826  -1.3175830722   -1.55096118151
-0.533333333333  -0.233333333333  0.766666666667  0.499932626812  6.73731877588e-05  0.5             -1.3  0.3  5.43727389501e-17   0.000134746375518  1000.0  11.6045059507  -1.31759846184  -1.55097221909
-0.533333333333  -0.233333333333  0.766666666667  0.499927744697  7.22553028135e-05  0.5             -1.3  0.3  7.00259078154e-17   0.000144510605627  1010.0  11.4896098522  -1.31758811568  -1.55096480219
-0.533333333333  -0.233333333333  0.766666666667  0.499912400907  8.75990929863e-05  0.5             -1.3  0.3  4.90194907235e-17   0.000175198185973  1020.0  11.3769666184  -1.31755558026  -1.55094147305
-0.533333333333  -0.233333333333  0.766666666667  0.499899986386  0.000100013614127  0.5             -1.3  0.3  2.72405795837e-17   0.000200027228254  1030.0  11.2665106318  -1.31752932874  -1.55092267024
-0.533333333333  -0.233333333333  0.766666666667  0.499897196606  0.000102803394158  0.5             -1.3  0.3  6.79117135791e-17   0.000205606788316  1040.0  11.1581787988  -1.31752340747  -1.55091842284
-0.533333333333  -0.233333333333  0.766666666667  0.499890780112  0.00010921988823   0.5             -1.3  0.3  4.13623128803e-17   0.000218439776461  1050.0  11.0519104293  -1.3175098038   -1.55090866906
-0.533333333333  -0.233333333333  0.766666666667  0.499866369536  0.000133630463505  0.5             -1.3  0.3  -1.40133130794e-17  0.00026726092701   1060.0  10.9476471233  -1.31745816348  -1.55087167509
-0.533333333333  -0.233333333333  0.766666666667  0.499860789976  0.000139210023568  0.5             -1.3  0.3  -6.63260679018e-17  0.000278420047137  1070.0  10.8453326643  -1.31744628478  -1.55086314413
-0.533333333333  -0.233333333333  0.766666666667  0.499860650487  0.000139349512569  0.5             -1.3  0.3  4.79759461325e-18   0.000278699025139  1080.0  10.7449129174  -1.31744603046  -1.5508629735
-0.533333333333  -0.233333333333  0.766666666667  0.499838471736  0.000161528263819  0.5             -1.3  0.3  1.43114686768e-17   0.000323056527639  1090.0  10.6463357346  -1.31739900224  -1.55082925253
-0.533333333333  -0.233333333333  0.766666666667  0.499844609252  0.00015539074775   0.5             -1.3  0.3  -6.15555783429e-17  0.0003107814955    1100.0  10.5495508643  -1.31741200078  -1.55083856856
-0.533333333333  -0.233333333333  0.766666666667  0.499823825391  0.000176174608984  0.5             -1.3  0.3  3.86518074491e-17   0.000352349217969  1110.0  10.4545098655  -1.3173680089   -1.550807047
-0.533333333333  -0.233333333333  0.766666666667  0.499814340139  0.000185659861091  0.5             -1.3  0.3  6.13658429627e-17   0.000371319722182  1120.0  10.3611660275  -1.31734792972  -1.55079265897
-0.533333333333  -0.233333333333  0.766666666667  0.499798438393  0.000201561607271  0.5             -1.3  0.3  -7.61109925085e-17  0.000403123214541  1130.0  10.2694742927  -1.31731421706  -1.55076848735
-0.533333333333  -0.233333333333  0.766666666667  0.499792021899  0.000207978101343  0.5             -1.3  0.3  8.37546178245e-18   0.000415956202686  1140.0  10.1793911849  -1.31730069485  -1.55075881504
-0.533333333333  -0.233333333333  0.766666666667  0.49975687067   0.000243129329738  0.5             -1.3  0.3  3.59413020179e-17   0.000486258659477  1150.0  10.0908747398  -1.31722623759  -1.55070544852
-0.533333333333  -0.233333333333  0.766666666667  0.499745432572  0.000254567427867  0.5             -1.3  0.3  7.35631174031e-17   0.000509134855734  1160.0  10.0038844403  -1.31720198629  -1.55068806008
-0.533333333333  -0.233333333333  0.766666666667  0.49973036776   0.000269632240037  0.5             -1.3  0.3  4.39643980943e-17   0.000539264480074  1170.0  9.91838115449  -1.31717002758  -1.55066514026
-0.533333333333  -0.233333333333  0.766666666667  0.499698424779  0.000301575221396  0.5             -1.3  0.3  -2.62376925741e-17  0.000603150442793  1180.0  9.83432707691  -1.3171025587   -1.55061683717
-0.533333333333  -0.233333333333  0.766666666667  0.499703167405  0.000296832595344  0.5             -1.3  0.3  6.61363325216e-18   0.000593665190688  1190.0  9.7516856729   -1.31711251731  -1.5506239502
-0.533333333333  -0.233333333333  0.766666666667  0.499687405147  0.000312594852521  0.5             -1.3  0.3  -6.83589469752e-17  0.000625189705043  1200.0  9.67042162562  -1.31707914963  -1.55060003988
-0.533333333333  -0.233333333333  0.766666666667  0.499646953337  0.000353046662977  0.5             -1.3  0.3  -7.90383383742e-17  0.000706093325953  1210.0  9.59050078574  -1.31699339652  -1.55053855785
-0.533333333333  -0.233333333333  0.766666666667  0.499636073195  0.0003639268051    0.5             -1.3  0.3  -5.86553375315e-17  0.000727853610199  1220.0  9.51189012357  -1.31697040319  -1.55052209261
-0.533333333333  -0.233333333333  0.766666666667  0.499626587943  0.000373412057206  0.5             -1.3  0.3  -3.59413020179e-17  0.000746824114412  1230.0  9.43455768354  -1.31695046296  -1.55050784353
-0.533333333333  -0.233333333333  0.766666666667  0.499580696061  0.000419303938723  0.5             -1.3  0.3  7.4593109467e-17    0.000838607877445  1240.0  9.35847254093  -1.31685324259  -1.55043815829
-0.533333333333  -0.233333333333  0.766666666667  0.499578464237  0.000421535762748  0.5             -1.3  0.3  -1.29562159612e-17  0.000843071525496  1250.0  9.2836047606   -1.31684840341  -1.5504346582
-0.533333333333  -0.233333333333  0.766666666667  0.499544847388  0.000455152612127  0.5             -1.3  0.3  -7.68157239206e-17  0.000910305224254  1260.0  9.20992535774  -1.31677728119  -1.55038370609
-0.533333333333  -0.233333333333  0.766666666667  0.499534246224  0.000465753776246  0.5             -1.3  0.3  6.86299975183e-17   0.000931507552492  1270.0  9.13740626043  -1.31675467629  -1.55036746189
-0.533333333333  -0.233333333333  0.766666666667  0.499485704051  0.000514295948793  0.5             -1.3  0.3  3.77302356025e-17   0.00102859189759   1280.0  9.06602027402  -1.3166521222   -1.55029403311
-0.533333333333  -0.233333333333  0.766666666667  0.499460596031  0.000539403969076  0.5             -1.3  0.3  2.53703308362e-17   0.00107880793815   1290.0  8.99574104709  -1.316598893    -1.55025586872
-0.533333333333  -0.233333333333  0.766666666667  0.499414425171  0.000585574828596  0.5             -1.3  0.3  3.35018471298e-17   0.00117114965719   1300.0  8.92654303904  -1.31650130902  -1.55018598725
-0.533333333333  -0.233333333333  0.766666666667  0.499399360359  0.000600639640766  0.5             -1.3  0.3  3.7947076037e-18    0.00120127928153   1310.0  8.85840148912  -1.31646906881  -1.55016278593
-0.533333333333  -0.233333333333  0.766666666667  0.499359466505  0.000640533495215  0.5             -1.3  0.3  -2.40692882292e-17  0.00128106699043   1320.0  8.79129238693  -1.31638451582  -1.55010216925
-0.533333333333  -0.233333333333  0.766666666667  0.499329894836  0.000670105163548  0.5             -1.3  0.3  3.31765864781e-17   0.0013402103271    1330.0  8.72519244417  -1.31632228765  -1.55005768408
-0.533333333333  -0.233333333333  0.766666666667  0.499310226887  0.00068977311277   0.5             -1.3  0.3  1.06251812904e-17   0.00137954622554   1340.0  8.66007906772  -1.3162804702   -1.5500276674
-0.533333333333  -0.233333333333  0.766666666667  0.499274796681  0.000725203319169  0.5             -1.3  0.3  2.41777084464e-17   0.00145040663834   1350.0  8.59593033389  -1.31620553152  -1.54997398685
-0.533333333333  -0.233333333333  0.766666666667  0.499258894935  0.000741105065348  0.5             -1.3  0.3  2.03830008427e-17   0.0014822101307    1360.0  8.53272496379  -1.31617189941  -1.54994989579
-0.533333333333  -0.233333333333  0.766666666667  0.499208399916  0.000791600083917  0.5             -1.3  0.3  4.33680868994e-18   0.00158320016783   1370.0  8.47044229982  -1.31606519448  -1.54987348787
-0.533333333333  -0.233333333333  0.766666666667  0.499149256579  0.000850743420583  0.5             -1.3  0.3  7.8062556419e-18    0.00170148684117   1380.0  8.40906228315  -1.31594017713  -1.54978395652
-0.533333333333  -0.233333333333  0.766666666667  0.499135726146  0.000864273853735  0.5             -1.3  0.3  2.03830008427e-17   0.00172854770747   1390.0  8.34856543219  -1.31591146886  -1.54976336651
-0.533333333333  -0.233333333333  0.766666666667  0.499082999304  0.000917000696329  0.5             -1.3  0.3  5.04154010206e-17   0.00183400139266   1400.0  8.28893282196  -1.31579948791  -1.54968302166
-0.533333333333  -0.233333333333  0.766666666667  0.499025390346  0.000974609653978  0.5             -1.3  0.3  -1.48535697631e-17  0.00194921930796   1410.0  8.23014606436  -1.31567773661  -1.54959583574
-0.533333333333  -0.233333333333  0.766666666667  0.499033620197  0.000966379802886  0.5             -1.3  0.3  2.26598254049e-17   0.00193275960577   1420.0  8.17218728926  -1.31569555964  -1.54960872085
-0.533333333333  -0.233333333333  0.766666666667  0.498947834461  0.00105216553885   0.5             -1.3  0.3  -5.85469173142e-18  0.0021043310777    1430.0  8.1150391264   -1.3155127936   -1.54947742626
-0.533333333333  -0.233333333333  0.766666666667  0.498911985788  0.00108801421226   0.5             -1.3  0.3  6.48352899146e-17   0.00217602842451   1440.0  8.05868468802  -1.31543749261  -1.54942363447
-0.533333333333  -0.233333333333  0.766666666667  0.498836940705  0.0011630592951    0.5             -1.3  0.3  -4.64038529824e-17  0.0023261185902    1450.0  8.00310755224  -1.31527864189  -1.5493098108
-0.533333333333  -0.233333333333  0.766666666667  0.498774449632  0.0012255503678    0.5             -1.3  0.3  -7.8062556419e-18   0.00245110073561   1460.0  7.94829174709  -1.315146695    -1.54921535856
-0.533333333333  -0.233333333333  0.766666666667  0.498769288539  0.00123071146086   0.5             -1.3  0.3  1.64798730218e-17   0.00246142292172   1470.0  7.8942217352   -1.31513585135  -1.54920761156
-0.533333333333  -0.233333333333  0.766666666667  0.498717817098  0.00128218290244   0.5             -1.3  0.3  7.4593109467e-17    0.00256436580488   1480.0  7.84088239916  -1.31502709711  -1.54912974018
-0.533333333333  -0.233333333333  0.766666666667  0.498620174796  0.00137982520354   0.5             -1.3  0.3  2.99239799606e-17   0.00275965040708   1490.0  7.78825902735  -1.31482053358  -1.54898176204
-0.533333333333  -0.233333333333  0.766666666667  0.498603854583  0.00139614541673   0.5             -1.3  0.3  -5.05238212378e-17  0.00279229083345   1500.0  7.7363373005   -1.31478603423  -1.54895705482
-0.533333333333  -0.233333333333  0.766666666667  0.498531320302  0.00146867969754   0.5             -1.3  0.3  2.81892564846e-17   0.00293735939509   1510.0  7.68510327864  -1.31463217901  -1.54884672016
-0.533333333333  -0.233333333333  0.766666666667  0.498509838996  0.00149016100379   0.5             -1.3  0.3  -2.79724160501e-17  0.00298032200757   1520.0  7.63454338865  -1.31458686065  -1.54881429059
-0.533333333333  -0.233333333333  0.766666666667  0.498409406915  0.00159059308492   0.5             -1.3  0.3  -3.20923843056e-17  0.00318118616983   1530.0  7.58464441225  -1.31437505616  -1.54866274535
-0.533333333333  -0.233333333333  0.766666666667  0.498347752776  0.00165224722361   0.5             -1.3  0.3  -1.90819582357e-17  0.00330449444722   1540.0  7.53539347451  -1.31424322036  -1.54856790202
-0.533333333333  -0.233333333333  0.766666666667  0.498336872634  0.00166312736573   0.5             -1.3  0.3  2.38524477947e-17   0.00332625473147   1550.0  7.48677803274  -1.31422056996  -1.54855177971
-0.533333333333  -0.233333333333  0.766666666667  0.498257642881  0.00174249660763   0.499999860511  -1.3  0.3  2.7897800392e-07    0.00348499321526   1560.0  7.43878586587  -1.31405208613  -1.54843055476
-0.533333333333  -0.233333333333  0.766666666667  0.498181342398  0.00181865760249   0.5             -1.3  0.3  1.08420217249e-17   0.00363731520497   1570.0  7.39140506417  -1.3138919883   -1.54831651619
-0.533333333333  -0.233333333333  0.766666666667  0.498118293369  0.0018817066312    0.5             -1.3  0.3  -4.42354486374e-17  0.00376341326239   1580.0  7.34462401946  -1.31375792814  -1.54822028545
-0.533333333333  -0.233333333333  0.766666666667  0.498043945731  0.00195633324704   0.499999721022  -1.3  0.3  5.57956005829e-07   0.00391266649407   1590.0  7.29843141557  -1.31359992336  -1.5481063313
-0.533333333333  -0.233333333333  0.766666666667  0.498001541074  0.00199845892551   0.5             -1.3  0.3  -1.77809156288e-17  0.00399691785102   1600.0  7.25281621922  -1.31351157628  -1.54804398497
-0.533333333333  -0.233333333333  0.766666666667  0.497885765203  0.00211423479681   0.5             -1.3  0.3  6.80878964321e-17   0.00422846959363   1610.0  7.20776767127  -1.31326734944  -1.54786922365
-0.533333333333  -0.233333333333  0.766666666667  0.497871397836  0.00212860216398   0.5             -1.3  0.3  -2.68882138776e-17  0.00425720432795   1620.0  7.16327527824  -1.31323649931  -1.54784699394
-0.533333333333  -0.233333333333  0.766666666667  0.497784914655  0.00221508534495   0.5             -1.3  0.3  -1.25767452008e-17  0.0044301706899    1630.0  7.11932880414  -1.31305388382  -1.54771626836
-0.533333333333  -0.233333333333  0.766666666667  0.497736651461  0.0022634880285    0.499999860511  -1.3  0.3  2.78978003939e-07   0.00452697605699   1640.0  7.07591826265  -1.31295116932  -1.5476422328
-0.533333333333  -0.233333333333  0.766666666667  0.497622967924  0.00237703207577   0.5             -1.3  0.3  8.15320033709e-17   0.00475406415155   1650.0  7.03303390954  -1.31271175528  -1.54747130786
-0.533333333333  -0.233333333333  0.766666666667  0.497565916923  0.00243408307742   0.5             -1.3  0.3  -2.34187669257e-17  0.00486816615484   1660.0  6.99066623539  -1.31259038497  -1.54738416815
-0.533333333333  -0.233333333333  0.766666666667  0.497405086104  0.00259491389623   0.5             -1.3  0.3  -7.5026790336e-17   0.00518982779246   1670.0  6.94880595853  -1.31225033016  -1.54714061183
-0.533333333333  -0.233333333333  0.766666666667  0.497413036977  0.00258696302314   0.5             -1.3  0.3  -6.07153216592e-18  0.00517392604628   1680.0  6.9074440183   -1.31226797206  -1.54715348321
-0.533333333333  -0.233333333333  0.766666666667  0.49731623161   0.00268390787923   0.499999860511  -1.3  0.3  2.78978002804e-07   0.00536781575846   1690.0  6.86657156849  -1.31206278136  -1.54700609675
-0.533333333333  -0.233333333333  0.766666666667  0.497289728699  0.00271055027853   0.499999721022  -1.3  0.3  5.57956005916e-07   0.00542110055706   1700.0  6.82617997103  -1.31200461526  -1.54696355342
-0.533333333333  -0.233333333333  0.766666666667  0.497125550145  0.00287444985538   0.5             -1.3  0.3  4.90059381963e-17   0.00574889971076   1710.0  6.78626078991  -1.31165981604  -1.54671781928
-0.533333333333  -0.233333333333  0.766666666667  0.497054271265  0.00294572873518   0.5             -1.3  0.3  4.46691295064e-17   0.00589145747036   1720.0  6.74680578532  -1.31150826174  -1.54660903231
-0.533333333333  -0.233333333333  0.766666666667  0.497014935366  0.00298506463362   0.5             -1.3  0.3  -4.33680868994e-19  0.00597012926725   1730.0  6.70780690795  -1.31142506874  -1.54654944085
-0.533333333333  -0.233333333333  0.766666666667  0.496956210497  0.00304378950329   0.5             -1.3  0.3  5.68121938382e-17   0.00608757900657   1740.0  6.66925629353  -1.31130159677  -1.54646120381
-0.533333333333  -0.233333333333  0.766666666667  0.496773898372  0.00322665958434   0.499999442044  -1.3  0.3  1.11591201176e-06   0.00645331916869   1750.0  6.63114625757  -1.31091456109  -1.54618243949
-0.533333333333  -0.233333333333  0.766666666667  0.496681556653  0.00331844334738   0.5             -1.3  0.3  -5.68121938382e-17  0.00663688669476   1760.0  6.5934692902   -1.31071990102  -1.54604430036
-0.533333333333  -0.233333333333  0.766666666667  0.496606790548  0.00339320945222   0.5             -1.3  0.3  4.51028103754e-17   0.00678641890444   1770.0  6.55621805127  -1.31056384456  -1.54593310357
-0.533333333333  -0.233333333333  0.766666666667  0.496583774863  0.00341678309349   0.499999442044  -1.3  0.3  1.11591201165e-06   0.00683356618697   1780.0  6.51938536559  -1.31051147397  -1.54589342647
-0.533333333333  -0.233333333333  0.766666666667  0.496422525577  0.0035778928903    0.499999581533  -1.3  0.3  8.36934009772e-07   0.0071557857806    1790.0  6.4829642183   -1.31016902912  -1.54564801017
-0.533333333333  -0.233333333333  0.766666666667  0.4963689618    0.0036313171779    0.499999721022  -1.3  0.3  5.57956005837e-07   0.00726263435581   1800.0  6.44694775042  -1.31005915705  -1.54557055535
-0.533333333333  -0.233333333333  0.766666666667  0.496237144694  0.00376341326239   0.499999442044  -1.3  0.3  1.11591201171e-06   0.00752682652478   1810.0  6.41132925456  -1.30977762986  -1.54536756047
-0.533333333333  -0.233333333333  0.766666666667  0.496128761739  0.00387179621661   0.499999442044  -1.3  0.3  1.11591201272e-06   0.00774359243322   1820.0  6.37610217074  -1.30955082878  -1.54520578915
-0.533333333333  -0.233333333333  0.766666666667  0.496012427912  0.00398757208792   0.5             -1.3  0.3  1.30104260698e-17   0.00797514417583   1830.0  6.34126008238  -1.30930480454  -1.54503068112
-0.533333333333  -0.233333333333  0.766666666667  0.495860942856  0.00413905714362   0.5             -1.3  0.3  1.04083408559e-17   0.00827811428724   1840.0  6.30679671236  -1.30898491404  -1.54480168166
-0.533333333333  -0.233333333333  0.766666666667  0.495793709158  0.00420656982038   0.499999721022  -1.3  0.3  5.57956005844e-07   0.00841313964077   1850.0  6.27270591932  -1.30884244703  -1.54469899692
-0.533333333333  -0.233333333333  0.766666666667  0.495703180796  0.0042969586934    0.499999860511  -1.3  0.3  2.78978003879e-07   0.0085939173868    1860.0  6.23898169395  -1.30865216002  -1.5445633059
-0.533333333333  -0.233333333333  0.766666666667  0.495621719219  0.00437925720433   0.499999023577  -1.3  0.3  1.95284602149e-06   0.00875851440866   1870.0  6.20561815548  -1.30847485158  -1.54443320054
-0.533333333333  -0.233333333333  0.766666666667  0.495514452176  0.00448568731253   0.499999860511  -1.3  0.3  2.78978002879e-07   0.00897137462505   1880.0  6.17260954827  -1.3082508432   -1.54427522625
-0.533333333333  -0.233333333333  0.766666666667  0.495409556447  0.00459114099771   0.499999302555  -1.3  0.3  1.39489001549e-06   0.00918228199543   1890.0  6.13995023849  -1.30802730749  -1.54411351207
-0.533333333333  -0.233333333333  0.766666666667  0.495277320874  0.0047229581042    0.499999721022  -1.3  0.3  5.57956005857e-07   0.0094459162084    1900.0  6.10763471092  -1.30775121314  -1.54391759599
-0.533333333333  -0.233333333333  0.766666666667  0.495162381937  0.0048381760195    0.499999442044  -1.3  0.3  1.11591201166e-06   0.00967635203899   1910.0  6.07565756584  -1.30750845735  -1.54374324561
-0.533333333333  -0.233333333333  0.766666666667  0.495015778996  0.00498422100414   0.5             -1.3  0.3  -6.33174068732e-17  0.00996844200829   1920.0  6.04401351602  -1.30720172143  -1.54352558737
-0.533333333333  -0.233333333333  0.766666666667  0.494996529514  0.00500360997536   0.499999860511  -1.3  0.3  2.7897800296e-07    0.0100072199507    1930.0  6.01269738381  -1.30715655221  -1.54349168885
-0.533333333333  -0.233333333333  0.766666666667  0.494822726218  0.00517811071633   0.499999163066  -1.3  0.3  1.67386801957e-06   0.0103562214327    1940.0  5.98170409833  -1.30678794254  -1.54322596628
-0.533333333333  -0.233333333333  0.766666666667  0.494786738055  0.00521354092273   0.499999721022  -1.3  0.3  5.57956006904e-07   0.0104270818455    1950.0  5.95102869269  -1.30671127583  -1.54317200838
-0.533333333333  -0.233333333333  0.766666666667  0.494616143006  0.00538413597165   0.499999721022  -1.3  0.3  5.57956005885e-07   0.0107682719433    1960.0  5.9206663014   -1.30634965417  -1.54291274374
-0.533333333333  -0.233333333333  0.766666666667  0.494444013578  0.00555696284459   0.499999023577  -1.3  0.3  1.95284602136e-06   0.0111139256892    1970.0  5.89061215774  -1.30598420433  -1.54264917667
-0.533333333333  -0.233333333333  0.766666666667  0.494332980333  0.00566771711184   0.499999302555  -1.3  0.3  1.39489001554e-06   0.0113354342237    1980.0  5.86086159129  -1.30575007333  -1.54248222357
-0.533333333333  -0.233333333333  0.766666666667  0.494278021667  0.00572323373447   0.499998744599  -1.3  0.3  2.51080202827e-06   0.0114464674689    1990.0  5.8314100255   -1.3056363685   -1.54240037803
-0.533333333333  -0.233333333333  0.766666666667  0.494188748706  0.00581222771747   0.499999023577  -1.3  0.3  1.95284602139e-06   0.0116244554349    2000.0  5.80225297537  -1.30544951567  -1.54226764693
-0.533333333333  -0.233333333333  0.766666666667  0.493923719603  0.00607683835345   0.499999442044  -1.3  0.3  1.11591201172e-06   0.0121536767069    2010.0  5.77338604515  -1.30489128827  -1.54186927393
-0.533333333333  -0.233333333333  0.766666666667  0.493811849423  0.00618870853271   0.499999442044  -1.3  0.3  1.11591201261e-06   0.0123774170654    2020.0  5.74480492611  -1.30465418493  -1.5416992927
-0.533333333333  -0.233333333333  0.766666666667  0.49367682407   0.00632331541923   0.499999860511  -1.3  0.3  2.78978002801e-07   0.0126466308385    2030.0  5.71650539446  -1.30436704505  -1.54149400496
-0.533333333333  -0.233333333333  0.766666666667  0.493621167958  0.00637966897586   0.499999163066  -1.3  0.3  1.67386801848e-06   0.0127593379517    2040.0  5.68848330919  -1.30424421137  -1.54140317006
-0.533333333333  -0.233333333333  0.766666666667  0.493425883356  0.00657523255606   0.499998884088  -1.3  0.3  2.23182402544e-06   0.0131504651121    2050.0  5.66073461012  -1.30383160023  -1.54110717172
-0.533333333333  -0.233333333333  0.766666666667  0.493363252794  0.00663772362877   0.499999023577  -1.3  0.3  1.95284602245e-06   0.0132754472575    2060.0  5.6332553159   -1.30370193499  -1.5410153638
-0.533333333333  -0.233333333333  0.766666666667  0.493221810947  0.00678097883338   0.49999721022   -1.3  0.3  5.57956006248e-06   0.0135619576668    2070.0  5.6060415221   -1.3033960853   -1.54079075251
-0.533333333333  -0.233333333333  0.766666666667  0.493053587211  0.00694808665726   0.499998326132  -1.3  0.3  3.34773603818e-06   0.0138961733145    2080.0  5.5790893994   -1.30304330391  -1.54054113718
-0.533333333333  -0.233333333333  0.766666666667  0.492909913539  0.00709134186188   0.499998744599  -1.3  0.3  2.51080202825e-06   0.0141826837238    2090.0  5.55239519175  -1.3027423476   -1.54032722201
-0.533333333333  -0.233333333333  0.766666666667  0.492806691678  0.00719442423404   0.499998884088  -1.3  0.3  2.2318240253e-06    0.0143888484681    2100.0  5.52595521464  -1.30252436794  -1.54017145444
-0.533333333333  -0.233333333333  0.766666666667  0.49261642868   0.00738524518819   0.499998326132  -1.3  0.3  3.34773603727e-06   0.0147704903764    2110.0  5.49976585344  -1.30212127785  -1.53988140624
-0.533333333333  -0.233333333333  0.766666666667  0.492568025996  0.00743253195972   0.499999442044  -1.3  0.3  1.1159120117e-06    0.0148650639194    2120.0  5.47382356168  -1.30202208198  -1.53981348381
-0.533333333333  -0.233333333333  0.766666666667  0.492332568562  0.0076706396854    0.499996791753  -1.3  0.3  6.41649407225e-06   0.0153412793708    2130.0  5.44812485951  -1.30151476706  -1.53944214276
-0.533333333333  -0.233333333333  0.766666666667  0.492159462711  0.00784207166833   0.499998465621  -1.3  0.3  3.06875803519e-06   0.0156841433367    2140.0  5.42266633213  -1.30115238595  -1.5391869729
-0.533333333333  -0.233333333333  0.766666666667  0.492049824355  0.00795087308956   0.499999302555  -1.3  0.3  1.39489001554e-06   0.0159017461791    2150.0  5.39744462826  -1.30092944761  -1.53903149144
-0.533333333333  -0.233333333333  0.766666666667  0.49200449043   0.00799690446008   0.49999860511   -1.3  0.3  2.7897800313e-06    0.0159938089202    2160.0  5.37245645868  -1.30082840035  -1.53895624964
-0.533333333333  -0.233333333333  0.766666666667  0.491850913039  0.00814922644979   0.499999860511  -1.3  0.3  2.78978003899e-07   0.0162984528996    2170.0  5.34769859482  -1.3005090217   -1.53873152823
-0.533333333333  -0.233333333333  0.766666666667  0.491738624393  0.00826416538709   0.49999721022   -1.3  0.3  5.57956006346e-06   0.0165283307742    2180.0  5.32316786732  -1.30025924137  -1.5385438205
-0.533333333333  -0.233333333333  0.766666666667  0.49143021421   0.00857257556956   0.49999721022   -1.3  0.3  5.57956006246e-06   0.0171451511391    2190.0  5.29886116473  -1.29960487502  -1.53807450027
-0.533333333333  -0.233333333333  0.766666666667  0.491399108163  0.00860423957292   0.499996652264  -1.3  0.3  6.69547207529e-06   0.0172084791458    2200.0  5.27477543216  -1.29954171738  -1.53802889035
-0.533333333333  -0.233333333333  0.766666666667  0.491248878508  0.00875502718362   0.499996094308  -1.3  0.3  7.8113840879e-06    0.0175100543672    2210.0  5.25090767002  -1.29921828935  -1.5377944842
-0.533333333333  -0.233333333333  0.766666666667  0.49096920306   0.00903512109877   0.499995675841  -1.3  0.3  8.64831809767e-06   0.0180702421975    2220.0  5.22725493277  -1.29862718922  -1.5373703524
-0.533333333333  -0.233333333333  0.766666666667  0.490837525443  0.00916554331524   0.499996931242  -1.3  0.3  6.13751606827e-06   0.0183310866305    2230.0  5.20381432769  -1.29835246188  -1.53717714243
-0.533333333333  -0.233333333333  0.766666666667  0.490834735663  0.00916735667226   0.499997907665  -1.3  0.3  4.1846700469e-06    0.0183347133445    2240.0  5.18058301373  -1.29835309803  -1.5371814053
-0.533333333333  -0.233333333333  0.766666666667  0.490706126803  0.00929763939973   0.499996233797  -1.3  0.3  7.532406084e-06     0.0185952787995    2250.0  5.15755820033  -1.29806808665  -1.5369702115
-0.533333333333  -0.233333333333  0.766666666667  0.490505820597  0.009498922029     0.499995257374  -1.3  0.3  9.48525210736e-06   0.018997844058     2260.0  5.13473714635  -1.29764048564  -1.53666084137
-0.533333333333  -0.233333333333  0.766666666667  0.490334388614  0.00966840116591   0.49999721022   -1.3  0.3  5.57956006341e-06   0.0193368023318    2270.0  5.11211715892  -1.29728743372  -1.53641455432
-0.533333333333  -0.233333333333  0.766666666667  0.490085400746  0.00992017881374   0.49999442044   -1.3  0.3  1.11591201259e-05   0.0198403576275    2280.0  5.08969559243  -1.29675149955  -1.53602243331
-0.533333333333  -0.233333333333  0.766666666667  0.489954839041  0.0100499035852    0.499995257374  -1.3  0.3  9.48525210738e-06   0.0200998071704    2290.0  5.06746984749  -1.29647640425  -1.53582734891
-0.533333333333  -0.233333333333  0.766666666667  0.489869192794  0.0101366657442    0.499994141462  -1.3  0.3  1.17170761329e-05   0.0202733314884    2300.0  5.04543736989  -1.29629189189  -1.53569199247
-0.533333333333  -0.233333333333  0.766666666667  0.48966163316   0.0103415750875    0.499996791753  -1.3  0.3  6.41649407225e-06   0.020683150175     2310.0  5.02359564968  -1.29586016033  -1.53539009727
-0.533333333333  -0.233333333333  0.766666666667  0.489537906415  0.0104671151889    0.499994978396  -1.3  0.3  1.00432081132e-05   0.0209342303778    2320.0  5.00194222015  -1.29558890734  -1.53518945362
-0.533333333333  -0.233333333333  0.766666666667  0.489412784781  0.0105909814223    0.499996233797  -1.3  0.3  7.53240608499e-06   0.0211819628446    2330.0  4.98047465697  -1.29533446601  -1.53501259607
-0.533333333333  -0.233333333333  0.766666666667  0.489193926537  0.0108119320008    0.499994141462  -1.3  0.3  1.17170761318e-05   0.0216238640016    2340.0  4.95919057724  -1.29486457077  -1.5346698311
-0.533333333333  -0.233333333333  0.766666666667  0.489084706649  0.010922546779     0.499992746572  -1.3  0.3  1.45068561631e-05   0.0218450935581    2350.0  4.93808763862  -1.29462429966  -1.53449230215
-0.533333333333  -0.233333333333  0.766666666667  0.488949541807  0.0110557587755    0.499994699418  -1.3  0.3  1.0601164119e-05    0.0221115175511    2360.0  4.91716353845  -1.29433568878  -1.53428869586
-0.533333333333  -0.233333333333  0.766666666667  0.488811587184  0.0111944108431    0.499994001973  -1.3  0.3  1.19960541347e-05   0.0223888216862    2370.0  4.89641601298  -1.29405449353  -1.5340888785
-0.533333333333  -0.233333333333  0.766666666667  0.488639318267  0.011366819249     0.499993862484  -1.3  0.3  1.22750321387e-05   0.0227336384981    2380.0  4.87584283645  -1.29368753643  -1.53382500377
-0.533333333333  -0.233333333333  0.766666666667  0.488403163387  0.0116052059527    0.49999163066   -1.3  0.3  1.67386801885e-05   0.0232104119054    2390.0  4.8554418204   -1.29317411333  -1.53344880995
-0.533333333333  -0.233333333333  0.766666666667  0.488255026068  0.0117527853164    0.499992188616  -1.3  0.3  1.56227681768e-05   0.0235055706328    2400.0  4.83521081281  -1.29286276818  -1.53322746311
