#mu0            mu1             mu2            x0              x1                 x2              mua   mub   xa                 xb                 T       b              u               phi
0.133333333333  -1.16666666667  1.03333333333  0.5             0.0                0.5             -0.9  -1.3  0.0                0.0                30.0    386.816865025  -1.31774118     -2.48440784667
0.133333333333  -1.16666666667  1.03333333333  0.5             0.0                0.5             -0.9  -1.3  0.0                0.0                40.0    290.112648769  -1.31774118     -2.48440784667
0.133333333333  -1.16666666667  1.03333333333  0.5             0.0                0.5             -0.9  -1.3  0.0                0.0                50.0    232.090119015  -1.31774118     -2.48440784667
0.133333333333  -1.16666666667  1.03333333333  0.5             0.0                0.5             -0.9  -1.3  0.0                0.0                60.0    193.408432513  -1.31774118     -2.48440784667
0.133333333333  -1.16666666667  1.03333333333  0.5             0.0                0.5             -0.9  -1.3  0.0                0.0                70.0    165.778656439  -1.31774118     -2.48440784667
0.133333333333  -1.16666666667  1.03333333333  0.5             0.0                0.5             -0.9  -1.3  0.0                0.0                80.0    145.056324384  -1.31774118     -2.48440784667
0.133333333333  -1.16666666667  1.03333333333  0.5             0.0                0.5             -0.9  -1.3  0.0                0.0                90.0    128.938955008  -1.31774118     -2.48440784667
0.133333333333  -1.16666666667  1.03333333333  0.5             0.0                0.5             -0.9  -1.3  0.0                0.0                100.0   116.045059507  -1.31774118     -2.48440784667
0.133333333333  -1.16666666667  1.03333333333  0.5             0.0                0.5             -0.9  -1.3  0.0                0.0                110.0   105.495508643  -1.31774118     -2.48440784667
0.133333333333  -1.16666666667  1.03333333333  0.5             0.0                0.5             -0.9  -1.3  0.0                0.0                120.0   96.7042162563  -1.31774118     -2.48440784667
0.133333333333  -1.16666666667  1.03333333333  0.5             0.0                0.5             -0.9  -1.3  0.0                0.0                130.0   89.2654303904  -1.31774118     -2.48440784667
0.133333333333  -1.16666666667  1.03333333333  0.5             0.0                0.5             -0.9  -1.3  0.0                0.0                140.0   82.8893282196  -1.31774118     -2.48440784667
0.133333333333  -1.16666666667  1.03333333333  0.5             0.0                0.5             -0.9  -1.3  0.0                0.0                150.0   77.363373005   -1.31774118     -2.48440784667
0.133333333333  -1.16666666667  1.03333333333  0.5             0.0                0.5             -0.9  -1.3  0.0                0.0                160.0   72.5281621922  -1.31774118     -2.48440784667
0.133333333333  -1.16666666667  1.03333333333  0.5             0.0                0.5             -0.9  -1.3  0.0                0.0                170.0   68.2617997103  -1.31774118     -2.48440784667
0.133333333333  -1.16666666667  1.03333333333  0.5             0.0                0.5             -0.9  -1.3  0.0                0.0                180.0   64.4694775042  -1.31774118     -2.48440784667
0.133333333333  -1.16666666667  1.03333333333  0.5             0.0                0.5             -0.9  -1.3  0.0                0.0                190.0   61.0763471092  -1.31774118     -2.48440784667
0.133333333333  -1.16666666667  1.03333333333  0.5             0.0                0.5             -0.9  -1.3  0.0                0.0                200.0   58.0225297537  -1.31774118     -2.48440784667
0.133333333333  -1.16666666667  1.03333333333  0.5             0.0                0.5             -0.9  -1.3  0.0                0.0                210.0   55.2595521464  -1.31774118     -2.48440784667
0.133333333333  -1.16666666667  1.03333333333  0.5             0.0                0.5             -0.9  -1.3  0.0                0.0                220.0   52.7477543216  -1.31774118     -2.48440784667
0.133333333333  -1.16666666667  1.03333333333  0.5             0.0                0.5             -0.9  -1.3  0.0                0.0                230.0   50.4543736989  -1.31774118     -2.48440784667
0.133333333333  -1.16666666667  1.03333333333  0.5             0.0                0.5             -0.9  -1.3  0.0                0.0                240.0   48.3521081281  -1.31774118     -2.48440784667
0.133333333333  -1.16666666667  1.03333333333  0.5             0.0                0.5             -0.9  -1.3  0.0                0.0                250.0   46.418023803   -1.31774118     -2.48440784667
0.133333333333  -1.16666666667  1.03333333333  0.5             0.0                0.5             -0.9  -1.3  0.0                0.0                260.0   44.6327151952  -1.31774118     -2.48440784667
0.133333333333  -1.16666666667  1.03333333333  0.5             0.0                0.5             -0.9  -1.3  0.0                0.0                270.0   42.9796516694  -1.31774118     -2.48440784667
0.133333333333  -1.16666666667  1.03333333333  0.5             0.0                0.5             -0.9  -1.3  0.0                0.0                280.0   41.4446641098  -1.31774118     -2.48440784667
0.133333333333  -1.16666666667  1.03333333333  0.5             0.0                0.5             -0.9  -1.3  0.0                0.0                290.0   40.0155377612  -1.31774118     -2.48440784667
0.133333333333  -1.16666666667  1.03333333333  0.5             0.0                0.5             -0.9  -1.3  0.0                0.0                300.0   38.6816865025  -1.31774118     -2.48440784667
0.133333333333  -1.16666666667  1.03333333333  0.5             0.0                0.5             -0.9  -1.3  0.0                0.0                310.0   37.4338901637  -1.31774118     -2.48440784667
0.133333333333  -1.16666666667  1.03333333333  0.5             0.0                0.5             -0.9  -1.3  0.0                0.0                320.0   36.2640810961  -1.31774118     -2.48440784667
0.133333333333  -1.16666666667  1.03333333333  0.5             0.0                0.5             -0.9  -1.3  0.0                0.0                330.0   35.1651695477  -1.31774118     -2.48440784667
0.133333333333  -1.16666666667  1.03333333333  0.5             0.0                0.5             -0.9  -1.3  0.0                0.0                340.0   34.1308998551  -1.31774118     -2.48440784667
0.133333333333  -1.16666666667  1.03333333333  0.5             0.0                0.5             -0.9  -1.3  0.0                0.0                350.0   33.1557312879  -1.31774118     -2.48440784667
0.133333333333  -1.16666666667  1.03333333333  0.5             0.0                0.5             -0.9  -1.3  0.0                0.0                360.0   32.2347387521  -1.31774118     -2.48440784667
0.133333333333  -1.16666666667  1.03333333333  0.5             0.0                0.5             -0.9  -1.3  0.0                0.0                370.0   31.3635295966  -1.31774118     -2.48440784667
0.133333333333  -1.16666666667  1.03333333333  0.5             0.0                0.5             -0.9  -1.3  0.0                0.0                380.0   30.5381735546  -1.31774118     -2.48440784667
0.133333333333  -1.16666666667  1.03333333333  0.5             0.0                0.5             -0.9  -1.3  0.0                0.0                390.0   29.7551434635  -1.31774118     -2.48440784667
0.133333333333  -1.16666666667  1.03333333333  0.5             0.0                0.5             -0.9  -1.3  0.0                0.0                400.0   29.0112648769  -1.31774118     -2.48440784667
0.133333333333  -1.16666666667  1.03333333333  0.5             0.0                0.5             -0.9  -1.3  0.0                0.0                410.0   28.3036730506  -1.31774118     -2.48440784667
0.133333333333  -1.16666666667  1.03333333333  0.5             0.0                0.5             -0.9  -1.3  0.0                0.0                420.0   27.6297760732  -1.31774118     -2.48440784667
0.133333333333  -1.16666666667  1.03333333333  0.5             0.0                0.5             -0.9  -1.3  0.0                0.0                430.0   26.9872231413  -1.31774118     -2.48440784667
0.133333333333  -1.16666666667  1.03333333333  0.5             0.0                0.5             -0.9  -1.3  0.0                0.0                440.0   26.3738771608  -1.31774118     -2.48440784667
0.133333333333  -1.16666666667  1.03333333333  0.5             0.0                0.5             -0.9  -1.3  0.0                0.0                450.0   25.7877910017  -1.31774118     -2.48440784667
0.133333333333  -1.16666666667  1.03333333333  0.5             0.0                0.5             -0.9  -1.3  0.0                0.0                460.0   25.2271868495  -1.31774118     -2.48440784667
0.133333333333  -1.16666666667  1.03333333333  0.5             0.0                0.5             -0.9  -1.3  0.0                0.0                470.0   24.6904381931  -1.31774118     -2.48440784667
0.133333333333  -1.16666666667  1.03333333333  0.5             0.0                0.5             -0.9  -1.3  0.0                0.0                480.0   24.1760540641  -1.31774118     -2.48440784667
0.133333333333  -1.16666666667  1.03333333333  0.5             0.0                0.5             -0.9  -1.3  0.0                0.0                490.0   23.6826652056  -1.31774118     -2.48440784667
0.133333333333  -1.16666666667  1.03333333333  0.5             0.0                0.5             -0.9  -1.3  0.0                0.0                500.0   23.2090119015  -1.31774118     -2.48440784667
0.133333333333  -1.16666666667  1.03333333333  0.5             0.0                0.5             -0.9  -1.3  0.0                0.0                510.0   22.7539332368  -1.31774118     -2.48440784667
0.133333333333  -1.16666666667  1.03333333333  0.5             0.0                0.5             -0.9  -1.3  0.0                0.0                520.0   22.3163575976  -1.31774118     -2.48440784667
0.133333333333  -1.16666666667  1.03333333333  0.5             0.0                0.5             -0.9  -1.3  0.0                0.0                530.0   21.8952942467  -1.31774118     -2.48440784667
0.133333333333  -1.16666666667  1.03333333333  0.5             0.0                0.5             -0.9  -1.3  0.0                0.0                540.0   21.4898258347  -1.31774118     -2.48440784667
0.133333333333  -1.16666666667  1.03333333333  0.5             0.0                0.5             -0.9  -1.3  0.0                0.0                550.0   21.0991017286  -1.31774118     -2.48440784667
0.133333333333  -1.16666666667  1.03333333333  0.5             0.0                0.5             -0.9  -1.3  0.0                0.0                560.0   20.7223320549  -1.31774118     -2.48440784667
0.133333333333  -1.16666666667  1.03333333333  0.5             0.0                0.5             -0.9  -1.3  0.0                0.0                570.0   20.3587823697  -1.31774118     -2.48440784667
0.133333333333  -1.16666666667  1.03333333333  0.5             0.0                0.5             -0.9  -1.3  0.0                0.0                580.0   20.0077688806  -1.31774118     -2.48440784667
0.133333333333  -1.16666666667  1.03333333333  0.5             0.0                0.5             -0.9  -1.3  0.0                0.0                590.0   19.6686541538  -1.31774118     -2.48440784667
0.133333333333  -1.16666666667  1.03333333333  0.5             0.0                0.5             -0.9  -1.3  0.0                0.0                600.0   19.3408432512  -1.31774118     -2.48440784667
0.133333333333  -1.16666666667  1.03333333333  0.5             0.0                0.5             -0.9  -1.3  0.0                0.0                610.0   19.0237802471  -1.31774118     -2.48440784667
0.133333333333  -1.16666666667  1.03333333333  0.5             0.0                0.5             -0.9  -1.3  0.0                0.0                620.0   18.7169450819  -1.31774118     -2.48440784667
0.133333333333  -1.16666666667  1.03333333333  0.5             0.0                0.5             -0.9  -1.3  0.0                0.0                630.0   18.4198507155  -1.31774118     -2.48440784667
0.133333333333  -1.16666666667  1.03333333333  0.5             0.0                0.5             -0.9  -1.3  0.0                0.0                640.0   18.132040548   -1.31774118     -2.48440784667
0.133333333333  -1.16666666667  1.03333333333  0.5             0.0                0.5             -0.9  -1.3  0.0                0.0                650.0   17.8530860781  -1.31774118     -2.48440784667
0.133333333333  -1.16666666667  1.03333333333  0.5             0.0                0.5             -0.9  -1.3  0.0                0.0                660.0   17.5825847739  -1.31774118     -2.48440784667
0.133333333333  -1.16666666667  1.03333333333  0.5             0.0                0.5             -0.9  -1.3  0.0                0.0                670.0   17.3201581354  -1.31774118     -2.48440784667
0.133333333333  -1.16666666667  1.03333333333  0.5             0.0                0.5             -0.9  -1.3  0.0                0.0                680.0   17.0654499276  -1.31774118     -2.48440784667
0.133333333333  -1.16666666667  1.03333333333  0.5             0.0                0.5             -0.9  -1.3  0.0                0.0                690.0   16.8181245663  -1.31774118     -2.48440784667
0.133333333333  -1.16666666667  1.03333333333  0.5             0.0                0.5             -0.9  -1.3  0.0                0.0                700.0   16.5778656439  -1.31774118     -2.48440784667
0.133333333333  -1.16666666667  1.03333333333  0.5             0.0                0.5             -0.9  -1.3  0.0                0.0                710.0   16.3443745785  -1.31774118     -2.48440784667
0.133333333333  -1.16666666667  1.03333333333  0.5             0.0                0.5             -0.9  -1.3  0.0                0.0                720.0   16.117369376   -1.31774118     -2.48440784667
0.133333333333  -1.16666666667  1.03333333333  0.5             0.0                0.5             -0.9  -1.3  0.0                0.0                730.0   15.8965834942  -1.31774118     -2.48440784667
0.133333333333  -1.16666666667  1.03333333333  0.5             0.0                0.5             -0.9  -1.3  0.0                0.0                740.0   15.6817647983  -1.31774118     -2.48440784667
0.133333333333  -1.16666666667  1.03333333333  0.5             0.0                0.5             -0.9  -1.3  0.0                0.0                750.0   15.472674601   -1.31774118     -2.48440784667
0.133333333333  -1.16666666667  1.03333333333  0.5             0.0                0.5             -0.9  -1.3  0.0                0.0                760.0   15.2690867773  -1.31774118     -2.48440784667
0.133333333333  -1.16666666667  1.03333333333  0.5             0.0                0.5             -0.9  -1.3  0.0                0.0                770.0   15.070786949   -1.31774118     -2.48440784667
0.133333333333  -1.16666666667  1.03333333333  0.5             0.0                0.5             -0.9  -1.3  0.0                0.0                780.0   14.8775717317  -1.31774118     -2.48440784667
0.133333333333  -1.16666666667  1.03333333333  0.5             0.0                0.5             -0.9  -1.3  0.0                0.0                790.0   14.6892480389  -1.31774118     -2.48440784667
0.133333333333  -1.16666666667  1.03333333333  0.5             0.0                0.5             -0.9  -1.3  0.0                0.0                800.0   14.5056324384  -1.31774118     -2.48440784667
0.133333333333  -1.16666666667  1.03333333333  0.5             0.0                0.5             -0.9  -1.3  0.0                0.0                810.0   14.3265505565  -1.31774118     -2.48440784667
0.133333333333  -1.16666666667  1.03333333333  0.5             0.0                0.5             -0.9  -1.3  0.0                0.0                820.0   14.1518365253  -1.31774118     -2.48440784667
0.133333333333  -1.16666666667  1.03333333333  0.5             0.0                0.5             -0.9  -1.3  0.0                0.0                830.0   13.9813324708  -1.31774118     -2.48440784667
0.133333333333  -1.16666666667  1.03333333333  0.5             0.0                0.5             -0.9  -1.3  0.0                0.0                840.0   13.8148880366  -1.31774118     -2.48440784667
0.133333333333  -1.16666666667  1.03333333333  0.5             0.0                0.5             -0.9  -1.3  0.0                0.0                850.0   13.6523599421  -1.31774118     -2.48440784667
0.133333333333  -1.16666666667  1.03333333333  0.5             0.0                0.5             -0.9  -1.3  0.0                0.0                860.0   13.4936115706  -1.31774118     -2.48440784667
0.133333333333  -1.16666666667  1.03333333333  0.5             0.0                0.5             -0.9  -1.3  0.0                0.0                870.0   13.3385125871  -1.31774118     -2.48440784667
0.133333333333  -1.16666666667  1.03333333333  0.5             0.0                0.5             -0.9  -1.3  0.0                0.0                880.0   13.1869385804  -1.31774118     -2.48440784667
0.133333333333  -1.16666666667  1.03333333333  0.5             0.0                0.5             -0.9  -1.3  0.0                0.0                890.0   13.0387707312  -1.31774118     -2.48440784667
0.133333333333  -1.16666666667  1.03333333333  0.5             0.0                0.5             -0.9  -1.3  0.0                0.0                900.0   12.8938955008  -1.31774118     -2.48440784667
0.133333333333  -1.16666666667  1.03333333333  0.5             0.0                0.5             -0.9  -1.3  0.0                0.0                910.0   12.7522043415  -1.31774118     -2.48440784667
0.133333333333  -1.16666666667  1.03333333333  0.5             0.0                0.5             -0.9  -1.3  0.0                0.0                920.0   12.6135934247  -1.31774118     -2.48440784667
0.133333333333  -1.16666666667  1.03333333333  0.5             0.0                0.5             -0.9  -1.3  0.0                0.0                930.0   12.4779633879  -1.31774118     -2.48440784667
0.133333333333  -1.16666666667  1.03333333333  0.5             0.0                0.5             -0.9  -1.3  0.0                0.0                940.0   12.3452190965  -1.31774118     -2.48440784667
0.133333333333  -1.16666666667  1.03333333333  0.5             0.0                0.5             -0.9  -1.3  0.0                0.0                950.0   12.2152694218  -1.31774118     -2.48440784667
0.133333333333  -1.16666666667  1.03333333333  0.5             0.0                0.5             -0.9  -1.3  0.0                0.0                960.0   12.088027032   -1.31774118     -2.48440784667
0.133333333333  -1.16666666667  1.03333333333  0.5             0.0                0.5             -0.9  -1.3  0.0                0.0                970.0   11.9634081967  -1.31774118     -2.48440784667
0.133333333333  -1.16666666667  1.03333333333  0.5             0.0                0.5             -0.9  -1.3  0.0                0.0                980.0   11.8413326028  -1.31774118     -2.48440784667
0.133333333333  -1.16666666667  1.03333333333  0.5             0.0                0.5             -0.9  -1.3  0.0                0.0                990.0   11.7217231826  -1.31774118     -2.48440784667
0.133333333333  -1.16666666667  1.03333333333  0.5             0.0                0.5             -0.9  -1.3  0.0                0.0                1000.0  11.6045059507  -1.31774118     -2.48440784667
0.133333333333  -1.16666666667  1.03333333333  0.5             0.0                0.5             -0.9  -1.3  0.0                0.0                1010.0  11.4896098522  -1.31774118     -2.48440784667
0.133333333333  -1.16666666667  1.03333333333  0.5             0.0                0.5             -0.9  -1.3  0.0                0.0                1020.0  11.3769666184  -1.31774118     -2.48440784667
0.133333333333  -1.16666666667  1.03333333333  0.5             0.0                0.5             -0.9  -1.3  0.0                0.0                1030.0  11.2665106318  -1.31774118     -2.48440784667
0.133333333333  -1.16666666667  1.03333333333  0.5             0.0                0.5             -0.9  -1.3  0.0                0.0                1040.0  11.1581787988  -1.31774118     -2.48440784667
0.133333333333  -1.16666666667  1.03333333333  0.5             0.0                0.5             -0.9  -1.3  0.0                0.0                1050.0  11.0519104293  -1.31774118     -2.48440784667
0.133333333333  -1.16666666667  1.03333333333  0.5             0.0                0.5             -0.9  -1.3  0.0                0.0                1060.0  10.9476471233  -1.31774118     -2.48440784667
0.133333333333  -1.16666666667  1.03333333333  0.5             0.0                0.5             -0.9  -1.3  0.0                0.0                1070.0  10.8453326643  -1.31774118     -2.48440784667
0.133333333333  -1.16666666667  1.03333333333  0.5             0.0                0.5             -0.9  -1.3  0.0                0.0                1080.0  10.7449129174  -1.31774118     -2.48440784667
0.133333333333  -1.16666666667  1.03333333333  0.5             0.0                0.5             -0.9  -1.3  0.0                0.0                1090.0  10.6463357346  -1.31774118     -2.48440784667
0.133333333333  -1.16666666667  1.03333333333  0.5             0.0                0.5             -0.9  -1.3  0.0                0.0                1100.0  10.5495508643  -1.31774118     -2.48440784667
0.133333333333  -1.16666666667  1.03333333333  0.5             0.0                0.5             -0.9  -1.3  0.0                0.0                1110.0  10.4545098655  -1.31774118     -2.48440784667
0.133333333333  -1.16666666667  1.03333333333  0.5             0.0                0.5             -0.9  -1.3  0.0                0.0                1120.0  10.3611660275  -1.31774118     -2.48440784667
0.133333333333  -1.16666666667  1.03333333333  0.5             0.0                0.5             -0.9  -1.3  0.0                0.0                1130.0  10.2694742927  -1.31774118     -2.48440784667
0.133333333333  -1.16666666667  1.03333333333  0.5             0.0                0.5             -0.9  -1.3  0.0                0.0                1140.0  10.1793911849  -1.31774118     -2.48440784667
0.133333333333  -1.16666666667  1.03333333333  0.5             0.0                0.5             -0.9  -1.3  0.0                0.0                1150.0  10.0908747398  -1.31774118     -2.48440784667
0.133333333333  -1.16666666667  1.03333333333  0.5             0.0                0.5             -0.9  -1.3  0.0                0.0                1160.0  10.0038844403  -1.31774118     -2.48440784667
0.133333333333  -1.16666666667  1.03333333333  0.5             0.0                0.5             -0.9  -1.3  0.0                0.0                1170.0  9.91838115449  -1.31774118     -2.48440784667
0.133333333333  -1.16666666667  1.03333333333  0.5             0.0                0.5             -0.9  -1.3  0.0                0.0                1180.0  9.83432707691  -1.31774118     -2.48440784667
0.133333333333  -1.16666666667  1.03333333333  0.5             0.0                0.5             -0.9  -1.3  0.0                0.0                1190.0  9.7516856729   -1.31774118     -2.48440784667
0.133333333333  -1.16666666667  1.03333333333  0.5             0.0                0.5             -0.9  -1.3  0.0                0.0                1200.0  9.67042162562  -1.31774118     -2.48440784667
0.133333333333  -1.16666666667  1.03333333333  0.5             0.0                0.5             -0.9  -1.3  0.0                0.0                1210.0  9.59050078574  -1.31774118     -2.48440784667
0.133333333333  -1.16666666667  1.03333333333  0.5             0.0                0.5             -0.9  -1.3  0.0                0.0                1220.0  9.51189012357  -1.31774118     -2.48440784667
0.133333333333  -1.16666666667  1.03333333333  0.5             0.0                0.5             -0.9  -1.3  0.0                0.0                1230.0  9.43455768354  -1.31774118     -2.48440784667
0.133333333333  -1.16666666667  1.03333333333  0.5             0.0                0.5             -0.9  -1.3  0.0                0.0                1240.0  9.35847254093  -1.31774118     -2.48440784667
0.133333333333  -1.16666666667  1.03333333333  0.5             0.0                0.5             -0.9  -1.3  0.0                0.0                1250.0  9.2836047606   -1.31774118     -2.48440784667
0.133333333333  -1.16666666667  1.03333333333  0.5             0.0                0.5             -0.9  -1.3  0.0                0.0                1260.0  9.20992535774  -1.31774118     -2.48440784667
0.133333333333  -1.16666666667  1.03333333333  0.5             0.0                0.5             -0.9  -1.3  0.0                0.0                1270.0  9.13740626043  -1.31774118     -2.48440784667
0.133333333333  -1.16666666667  1.03333333333  0.5             0.0                0.5             -0.9  -1.3  0.0                0.0                1280.0  9.06602027402  -1.31774118     -2.48440784667
0.133333333333  -1.16666666667  1.03333333333  0.5             0.0                0.5             -0.9  -1.3  0.0                0.0                1290.0  8.99574104709  -1.31774118     -2.48440784667
0.133333333333  -1.16666666667  1.03333333333  0.5             0.0                0.5             -0.9  -1.3  0.0                0.0                1300.0  8.92654303904  -1.31774118     -2.48440784667
0.133333333333  -1.16666666667  1.03333333333  0.5             0.0                0.5             -0.9  -1.3  0.0                0.0                1310.0  8.85840148912  -1.31774118     -2.48440784667
0.133333333333  -1.16666666667  1.03333333333  0.5             0.0                0.5             -0.9  -1.3  0.0                0.0                1320.0  8.79129238693  -1.31774118     -2.48440784667
0.133333333333  -1.16666666667  1.03333333333  0.5             0.0                0.5             -0.9  -1.3  0.0                0.0                1330.0  8.72519244417  -1.31774118     -2.48440784667
0.133333333333  -1.16666666667  1.03333333333  0.5             0.0                0.5             -0.9  -1.3  0.0                0.0                1340.0  8.66007906772  -1.31774118     -2.48440784667
0.133333333333  -1.16666666667  1.03333333333  0.500000418467  0.0                0.499999581533  -0.9  -1.3  8.36934009874e-07  0.0                1350.0  8.59593033389  -1.31774033875  -2.48440625218
0.133333333333  -1.16666666667  1.03333333333  0.5             0.0                0.5             -0.9  -1.3  0.0                0.0                1360.0  8.53272496379  -1.31774118     -2.48440784667
0.133333333333  -1.16666666667  1.03333333333  0.500000139489  0.0                0.499999860511  -0.9  -1.3  2.78978003809e-07  0.0                1370.0  8.47044229982  -1.31774089958  -2.48440731517
0.133333333333  -1.16666666667  1.03333333333  0.5             0.0                0.5             -0.9  -1.3  0.0                0.0                1380.0  8.40906228315  -1.31774118     -2.48440784667
0.133333333333  -1.16666666667  1.03333333333  0.5             0.0                0.5             -0.9  -1.3  0.0                0.0                1390.0  8.34856543219  -1.31774118     -2.48440784667
0.133333333333  -1.16666666667  1.03333333333  0.5             0.0                0.5             -0.9  -1.3  0.0                0.0                1400.0  8.28893282196  -1.31774118     -2.48440784667
0.133333333333  -1.16666666667  1.03333333333  0.5             0.0                0.5             -0.9  -1.3  0.0                0.0                1410.0  8.23014606436  -1.31774118     -2.48440784667
0.133333333333  -1.16666666667  1.03333333333  0.5             0.0                0.5             -0.9  -1.3  0.0                0.0                1420.0  8.17218728926  -1.31774118     -2.48440784667
0.133333333333  -1.16666666667  1.03333333333  0.5             0.0                0.5             -0.9  -1.3  0.0                0.0                1430.0  8.1150391264   -1.31774118     -2.48440784667
0.133333333333  -1.16666666667  1.03333333333  0.500000697445  0.0                0.499999302555  -0.9  -1.3  1.39489001572e-06  0.0                1440.0  8.05868468802  -1.31773977792  -2.48440518918
0.133333333333  -1.16666666667  1.03333333333  0.5             0.0                0.5             -0.9  -1.3  0.0                0.0                1450.0  8.00310755224  -1.31774118     -2.48440784667
0.133333333333  -1.16666666667  1.03333333333  0.500000278978  0.0                0.499999721022  -0.9  -1.3  5.57956005842e-07  0.0                1460.0  7.94829174709  -1.31774061917  -2.48440678367
0.133333333333  -1.16666666667  1.03333333333  0.500000139489  0.0                0.499999860511  -0.9  -1.3  2.78978003809e-07  0.0                1470.0  7.8942217352   -1.31774089958  -2.48440731517
0.133333333333  -1.16666666667  1.03333333333  0.5             0.0                0.5             -0.9  -1.3  0.0                0.0                1480.0  7.84088239916  -1.31774118     -2.48440784667
0.133333333333  -1.16666666667  1.03333333333  0.5             0.0                0.5             -0.9  -1.3  0.0                0.0                1490.0  7.78825902735  -1.31774118     -2.48440784667
0.133333333333  -1.16666666667  1.03333333333  0.500000278978  0.0                0.499999721022  -0.9  -1.3  5.57956005842e-07  0.0                1500.0  7.7363373005   -1.31774061917  -2.48440678367
0.133333333333  -1.16666666667  1.03333333333  0.500000139489  0.0                0.499999860511  -0.9  -1.3  2.78978003809e-07  0.0                1510.0  7.68510327864  -1.31774089958  -2.48440731517
0.133333333333  -1.16666666667  1.03333333333  0.500000139489  0.0                0.499999860511  -0.9  -1.3  2.78978003809e-07  0.0                1520.0  7.63454338865  -1.31774089958  -2.48440731517
0.133333333333  -1.16666666667  1.03333333333  0.500000278978  0.0                0.499999721022  -0.9  -1.3  5.57956005842e-07  0.0                1530.0  7.58464441225  -1.31774061917  -2.48440678367
0.133333333333  -1.16666666667  1.03333333333  0.500000557956  0.0                0.499999442044  -0.9  -1.3  1.11591201168e-06  0.0                1540.0  7.53539347451  -1.31774005833  -2.48440572068
0.133333333333  -1.16666666667  1.03333333333  0.500000836934  0.0                0.499999163066  -0.9  -1.3  1.67386801941e-06  0.0                1550.0  7.48677803274  -1.3177394975   -2.48440465769
0.133333333333  -1.16666666667  1.03333333333  0.500000139489  0.0                0.499999860511  -0.9  -1.3  2.78978003809e-07  0.0                1560.0  7.43878586587  -1.31774089958  -2.48440731517
0.133333333333  -1.16666666667  1.03333333333  0.5             0.0                0.5             -0.9  -1.3  0.0                0.0                1570.0  7.39140506417  -1.31774118     -2.48440784667
0.133333333333  -1.16666666667  1.03333333333  0.500000418467  0.0                0.499999581533  -0.9  -1.3  8.36934009874e-07  0.0                1580.0  7.34462401946  -1.31774033875  -2.48440625218
0.133333333333  -1.16666666667  1.03333333333  0.500000139489  0.0                0.499999860511  -0.9  -1.3  2.78978003809e-07  0.0                1590.0  7.29843141557  -1.31774089958  -2.48440731517
0.133333333333  -1.16666666667  1.03333333333  0.500000557956  0.0                0.499999442044  -0.9  -1.3  1.11591201168e-06  0.0                1600.0  7.25281621922  -1.31774005833  -2.48440572068
0.133333333333  -1.16666666667  1.03333333333  0.500000836934  0.0                0.499999163066  -0.9  -1.3  1.67386801941e-06  0.0                1610.0  7.20776767127  -1.3177394975   -2.48440465769
0.133333333333  -1.16666666667  1.03333333333  0.500000557956  0.0                0.499999442044  -0.9  -1.3  1.11591201168e-06  0.0                1620.0  7.16327527824  -1.31774005833  -2.48440572068
0.133333333333  -1.16666666667  1.03333333333  0.500000139489  0.0                0.499999860511  -0.9  -1.3  2.78978003809e-07  0.0                1630.0  7.11932880414  -1.31774089958  -2.48440731517
0.133333333333  -1.16666666667  1.03333333333  0.500000697445  4.18467004883e-07  0.499998884088  -0.9  -1.3  2.23182402554e-06  8.36934009766e-07  1640.0  7.07591826265  -1.31773805017  -2.48440162018
0.133333333333  -1.16666666667  1.03333333333  0.500000697445  0.0                0.499999302555  -0.9  -1.3  1.39489001572e-06  0.0                1650.0  7.03303390954  -1.31773977792  -2.48440518918
0.133333333333  -1.16666666667  1.03333333333  0.500001534379  0.0                0.499998465621  -0.9  -1.3  3.06875803524e-06  0.0                1660.0  6.99066623539  -1.31773809542  -2.4844020002
0.133333333333  -1.16666666667  1.03333333333  0.500000278978  0.0                0.499999721022  -0.9  -1.3  5.57956005842e-07  0.0                1670.0  6.94880595853  -1.31774061917  -2.48440678367
0.133333333333  -1.16666666667  1.03333333333  0.500000139489  0.0                0.499999860511  -0.9  -1.3  2.78978003809e-07  0.0                1680.0  6.9074440183   -1.31774089958  -2.48440731517
0.133333333333  -1.16666666667  1.03333333333  0.500001952846  0.0                0.499998047154  -0.9  -1.3  3.90569204489e-06  0.0                1690.0  6.86657156849  -1.31773725417  -2.48440040571
0.133333333333  -1.16666666667  1.03333333333  0.500001534379  1.39489001953e-07  0.499998326132  -0.9  -1.3  3.34773603821e-06  2.78978003906e-07  1700.0  6.82617997103  -1.3177375195   -2.48440081053
0.133333333333  -1.16666666667  1.03333333333  0.500001534379  0.0                0.499998465621  -0.9  -1.3  3.06875803524e-06  0.0                1710.0  6.78626078991  -1.31773809542  -2.4844020002
0.133333333333  -1.16666666667  1.03333333333  0.500001255401  0.0                0.499998744599  -0.9  -1.3  2.5108020274e-06   0.0                1720.0  6.74680578532  -1.31773865625  -2.48440306319
0.133333333333  -1.16666666667  1.03333333333  0.50000278978   0.0                0.49999721022   -0.9  -1.3  5.57956006242e-06  0.0                1730.0  6.70780690795  -1.31773557167  -2.48439721673
0.133333333333  -1.16666666667  1.03333333333  0.500001534379  0.0                0.499998465621  -0.9  -1.3  3.06875803524e-06  0.0                1740.0  6.66925629353  -1.31773809542  -2.4844020002
0.133333333333  -1.16666666667  1.03333333333  0.500001952846  1.39489001953e-07  0.499997907665  -0.9  -1.3  4.18467004786e-06  2.78978003906e-07  1750.0  6.63114625757  -1.31773667825  -2.48439921604
0.133333333333  -1.16666666667  1.03333333333  0.500000557956  1.39489001953e-07  0.499999302555  -0.9  -1.3  1.39489001554e-06  2.78978003906e-07  1760.0  6.5934692902   -1.31773948242  -2.48440453101
0.133333333333  -1.16666666667  1.03333333333  0.50000139489   1.39489001953e-07  0.499998465621  -0.9  -1.3  3.06875803507e-06  2.78978003906e-07  1770.0  6.55621805127  -1.31773779992  -2.48440134203
0.133333333333  -1.16666666667  1.03333333333  0.500003626714  0.0                0.499996373286  -0.9  -1.3  7.25342808217e-06  0.0                1780.0  6.51938536559  -1.31773388917  -2.48439402775
0.133333333333  -1.16666666667  1.03333333333  0.500002231824  0.0                0.499997768176  -0.9  -1.3  4.46364805073e-06  0.0                1790.0  6.4829642183   -1.31773669333  -2.48439934272
0.133333333333  -1.16666666667  1.03333333333  0.500002650291  0.0                0.499997349709  -0.9  -1.3  5.30058206039e-06  0.0                1800.0  6.44694775042  -1.31773585208  -2.48439774823
0.133333333333  -1.16666666667  1.03333333333  0.500002092335  4.18467004883e-07  0.499997489198  -0.9  -1.3  5.02160405663e-06  8.36934009766e-07  1810.0  6.41132925456  -1.317735246    -2.48439630521
0.133333333333  -1.16666666667  1.03333333333  0.500002371313  1.39489001953e-07  0.499997489198  -0.9  -1.3  5.02160405662e-06  2.78978003906e-07  1820.0  6.37610217074  -1.317735837    -2.48439762155
0.133333333333  -1.16666666667  1.03333333333  0.500000557956  0.0                0.499999442044  -0.9  -1.3  1.11591201168e-06  0.0                1830.0  6.34126008238  -1.31774005833  -2.48440572068
0.133333333333  -1.16666666667  1.03333333333  0.500001952846  1.39489001953e-07  0.499997907665  -0.9  -1.3  4.18467004786e-06  2.78978003906e-07  1840.0  6.30679671236  -1.31773667825  -2.48439921604
0.133333333333  -1.16666666667  1.03333333333  0.500001952846  0.0                0.499998047154  -0.9  -1.3  3.90569204489e-06  0.0                1850.0  6.27270591932  -1.31773725417  -2.48440040571
0.133333333333  -1.16666666667  1.03333333333  0.500003487225  0.0                0.499996512775  -0.9  -1.3  6.97445007802e-06  0.0                1860.0  6.23898169395  -1.31773416958  -2.48439455924
0.133333333333  -1.16666666667  1.03333333333  0.500003347736  5.57956005859e-07  0.499996094308  -0.9  -1.3  7.81138408803e-06  1.11591201172e-06  1870.0  6.20561815548  -1.31773214633  -2.48439033207
0.133333333333  -1.16666666667  1.03333333333  0.500003208247  5.57956005859e-07  0.499996233797  -0.9  -1.3  7.53240608388e-06  1.11591201172e-06  1880.0  6.17260954827  -1.31773242675  -2.48439086356
0.133333333333  -1.16666666667  1.03333333333  0.50000418467   1.39489001953e-07  0.499995675841  -0.9  -1.3  8.64831809771e-06  2.78978003906e-07  1890.0  6.13995023849  -1.31773219158  -2.48439071209
0.133333333333  -1.16666666667  1.03333333333  0.50000278978   0.0                0.49999721022   -0.9  -1.3  5.57956006242e-06  0.0                1900.0  6.10763471092  -1.31773557167  -2.48439721673
0.133333333333  -1.16666666667  1.03333333333  0.50000418467   4.18467004883e-07  0.499995396863  -0.9  -1.3  9.20627410356e-06  8.36934009766e-07  1910.0  6.07565756584  -1.31773103975  -2.48438833275
0.133333333333  -1.16666666667  1.03333333333  0.500004463648  2.7897800293e-07   0.499995257374  -0.9  -1.3  9.48525210643e-06  5.57956005859e-07  1920.0  6.04401351602  -1.31773105483  -2.48438845943
0.133333333333  -1.16666666667  1.03333333333  0.500004742626  1.39489001953e-07  0.499995117885  -0.9  -1.3  9.76423011028e-06  2.78978003906e-07  1930.0  6.01269738381  -1.31773106992  -2.4843885861
0.133333333333  -1.16666666667  1.03333333333  0.500005161093  4.18467004883e-07  0.49999442044   -0.9  -1.3  1.1159120126e-05   8.36934009766e-07  1940.0  5.98170409833  -1.31772907683  -2.48438461228
0.133333333333  -1.16666666667  1.03333333333  0.500005998027  6.97445007813e-07  0.499993304528  -0.9  -1.3  1.33909441505e-05  1.39489001563e-06  1950.0  5.95102869269  -1.3177262425   -2.48437904396
0.133333333333  -1.16666666667  1.03333333333  0.500005858538  2.7897800293e-07   0.499993862484  -0.9  -1.3  1.22750321388e-05  5.57956005859e-07  1960.0  5.9206663014   -1.31772825067  -2.48438314446
0.133333333333  -1.16666666667  1.03333333333  0.500006277005  5.57956005859e-07  0.499993165039  -0.9  -1.3  1.36699221534e-05  1.11591201172e-06  1970.0  5.89061215774  -1.31772625758  -2.48437917063
0.133333333333  -1.16666666667  1.03333333333  0.500006277005  5.57956005859e-07  0.499993165039  -0.9  -1.3  1.36699221534e-05  1.11591201172e-06  1980.0  5.86086159129  -1.31772625758  -2.48437917063
0.133333333333  -1.16666666667  1.03333333333  0.500007253428  2.7897800293e-07   0.499992467594  -0.9  -1.3  1.50648121701e-05  5.57956005859e-07  1990.0  5.8314100255   -1.3177254465   -2.48437782949
0.133333333333  -1.16666666667  1.03333333333  0.500006137516  5.57956005859e-07  0.499993304528  -0.9  -1.3  1.33909441504e-05  1.11591201172e-06  2000.0  5.80225297537  -1.317726538    -2.48437970213
0.133333333333  -1.16666666667  1.03333333333  0.500008787807  9.76423010742e-07  0.49999023577   -0.9  -1.3  1.95284602198e-05  1.95284602148e-06  2010.0  5.77338604515  -1.31771948233  -2.48436603468
0.133333333333  -1.16666666667  1.03333333333  0.500008090362  2.7897800293e-07   0.49999163066   -0.9  -1.3  1.67386801886e-05  5.57956005859e-07  2020.0  5.74480492611  -1.317723764    -2.48437464051
0.133333333333  -1.16666666667  1.03333333333  0.500009345763  1.39489001953e-07  0.499990514748  -0.9  -1.3  1.8970504214e-05   2.78978003906e-07  2030.0  5.71650539446  -1.31772181617  -2.48437104671
0.133333333333  -1.16666666667  1.03333333333  0.500011577587  9.76423010742e-07  0.49998744599   -0.9  -1.3  2.51080202832e-05  1.95284602148e-06  2040.0  5.68848330919  -1.317713874    -2.48435540475
0.133333333333  -1.16666666667  1.03333333333  0.500008787807  1.25540101367e-06  0.499989956792  -0.9  -1.3  2.00864162256e-05  2.51080202734e-06  2050.0  5.66073461012  -1.3177183305   -2.48436365535
0.133333333333  -1.16666666667  1.03333333333  0.500011717076  1.53437901758e-06  0.499986748545  -0.9  -1.3  2.65029102988e-05  3.06875803516e-06  2060.0  5.6332553159   -1.31771128991  -2.48435011458
0.133333333333  -1.16666666667  1.03333333333  0.500009066785  6.97445007813e-07  0.49999023577   -0.9  -1.3  1.95284602206e-05  1.39489001563e-06  2070.0  5.6060415221   -1.31772007333  -2.48436735103
0.133333333333  -1.16666666667  1.03333333333  0.500016459702  2.7897800293e-07   0.49998326132   -0.9  -1.3  3.34773603771e-05  5.57956005859e-07  2080.0  5.5790893994   -1.317706939    -2.4843427507
0.133333333333  -1.16666666667  1.03333333333  0.500011298609  8.36934009766e-07  0.499987864457  -0.9  -1.3  2.42710862735e-05  1.67386801953e-06  2090.0  5.55239519175  -1.31771501075  -2.48435765741
0.133333333333  -1.16666666667  1.03333333333  0.500011577587  1.81335702051e-06  0.499986609056  -0.9  -1.3  2.67818883017e-05  3.62671404102e-06  2100.0  5.52595521464  -1.3177104185   -2.48434826673
0.133333333333  -1.16666666667  1.03333333333  0.500013669922  5.57956005859e-07  0.499985772122  -0.9  -1.3  2.84557563202e-05  1.11591201172e-06  2110.0  5.49976585344  -1.3177113955   -2.4843510013
0.133333333333  -1.16666666667  1.03333333333  0.500012832988  9.76423010742e-07  0.499986190589  -0.9  -1.3  2.76188223106e-05  1.95284602148e-06  2120.0  5.47382356168  -1.31771135025  -2.48435062127
0.133333333333  -1.16666666667  1.03333333333  0.500014088389  6.97445007813e-07  0.499985214166  -0.9  -1.3  2.95716683341e-05  1.39489001563e-06  2130.0  5.44812485951  -1.31770998612  -2.48434822493
0.133333333333  -1.16666666667  1.03333333333  0.500014925323  4.18467004883e-07  0.49998465621   -0.9  -1.3  3.06875803458e-05  8.36934009766e-07  2140.0  5.42266633213  -1.31770944767  -2.4843474075
0.133333333333  -1.16666666667  1.03333333333  0.500015762257  1.39489001563e-06  0.499982842853  -0.9  -1.3  3.43142943867e-05  2.78978003125e-06  2150.0  5.39744462826  -1.31770373375  -2.48433589083
0.133333333333  -1.16666666667  1.03333333333  0.500016041235  6.97445007813e-07  0.49998326132   -0.9  -1.3  3.34773603769e-05  1.39489001563e-06  2160.0  5.37245645868  -1.3177060525   -2.48434077618
0.133333333333  -1.16666666667  1.03333333333  0.50001534379   1.67386801855e-06  0.499982982342  -0.9  -1.3  3.40353163828e-05  3.34773603711e-06  2170.0  5.34769859482  -1.31770342316  -2.48433510599
0.133333333333  -1.16666666667  1.03333333333  0.500017715103  2.09233502344e-06  0.499980192562  -0.9  -1.3  3.96148764454e-05  4.18467004688e-06  2180.0  5.32316786732  -1.31769692833  -2.48432250154
0.133333333333  -1.16666666667  1.03333333333  0.500021062839  1.81335702051e-06  0.499977123804  -0.9  -1.3  4.57523925154e-05  3.62671404102e-06  2190.0  5.29886116473  -1.31769135381  -2.4843121286
0.133333333333  -1.16666666667  1.03333333333  0.500020504883  2.9292690332e-06   0.499976565848  -0.9  -1.3  4.68683045282e-05  5.85853806641e-06  2200.0  5.27477543216  -1.31768787445  -2.48430474355
0.133333333333  -1.16666666667  1.03333333333  0.500019667949  1.53437901758e-06  0.499978797672  -0.9  -1.3  4.24046564786e-05  3.06875803516e-06  2210.0  5.25090767002  -1.31769531612  -2.48431982921
0.133333333333  -1.16666666667  1.03333333333  0.50001952846   1.53437901758e-06  0.499978937161  -0.9  -1.3  4.21256784745e-05  3.06875803516e-06  2220.0  5.22725493277  -1.31769558658  -2.48432035075
0.133333333333  -1.16666666667  1.03333333333  0.500019388971  4.60313705176e-06  0.499976007892  -0.9  -1.3  4.79842165411e-05  9.20627410352e-06  2230.0  5.20381432769  -1.31768319682  -2.48429470954
0.133333333333  -1.16666666667  1.03333333333  0.500025665976  9.76423010742e-07  0.499973357601  -0.9  -1.3  5.32847985997e-05  1.95284602148e-06  2240.0  5.18058301373  -1.31768555202  -2.48430172367
0.133333333333  -1.16666666667  1.03333333333  0.500027200355  2.78978003125e-06  0.499970009865  -0.9  -1.3  5.99802706759e-05  5.5795600625e-06   2250.0  5.15755820033  -1.31767487194  -2.48428030293
0.133333333333  -1.16666666667  1.03333333333  0.500022736707  1.67386801855e-06  0.499975589425  -0.9  -1.3  4.88211505497e-05  3.34773603711e-06  2260.0  5.13473714635  -1.31768856108  -2.48430693665
0.133333333333  -1.16666666667  1.03333333333  0.500026642399  3.20824703613e-06  0.499970149354  -0.9  -1.3  5.97012926718e-05  6.41649407227e-06  2270.0  5.11211715892  -1.31767437433  -2.48427896839
0.133333333333  -1.16666666667  1.03333333333  0.500021202328  4.18467004688e-06  0.499974613002  -0.9  -1.3  5.07739965723e-05  8.36934009375e-06  2280.0  5.08969559243  -1.31768128097  -2.4842913709
0.133333333333  -1.16666666667  1.03333333333  0.500028176778  3.06875803418e-06  0.499968754464  -0.9  -1.3  6.2491072703e-05   6.13751606836e-06  2290.0  5.06746984749  -1.31767187064  -2.48427431657
0.133333333333  -1.16666666667  1.03333333333  0.50003068758   2.51080202832e-06  0.499966801618  -0.9  -1.3  6.63967647481e-05  5.02160405664e-06  2300.0  5.04543736989  -1.31766912146  -2.48426950295
0.133333333333  -1.16666666667  1.03333333333  0.500027200355  4.32415904883e-06  0.499968475486  -0.9  -1.3  6.3049028711e-05   8.64831809766e-06  2310.0  5.02359564968  -1.31766864589  -2.48426732562
0.133333333333  -1.16666666667  1.03333333333  0.500035290717  1.95284602246e-06  0.499962756437  -0.9  -1.3  7.44871268399e-05  3.90569204492e-06  2320.0  5.00194222015  -1.31766217259  -2.48425672344
0.133333333333  -1.16666666667  1.03333333333  0.500032361448  3.76620304199e-06  0.499963872349  -0.9  -1.3  7.22553028133e-05  7.53240608398e-06  2330.0  4.98047465697  -1.31766058555  -2.48425243031
0.133333333333  -1.16666666667  1.03333333333  0.500031245536  5.99802706738e-06  0.499962756437  -0.9  -1.3  7.44871268389e-05  1.19960541348e-05  2340.0  4.95919057724  -1.31765360224  -2.48423763562
0.133333333333  -1.16666666667  1.03333333333  0.50003626714   3.76620304199e-06  0.499959966657  -0.9  -1.3  8.00666869013e-05  7.53240608398e-06  2350.0  4.93808763862  -1.31765273242  -2.48423754694
0.133333333333  -1.16666666667  1.03333333333  0.500036127651  7.25342808203e-06  0.499956618921  -0.9  -1.3  8.67621589776e-05  1.45068561641e-05  2360.0  4.91716353845  -1.31763860938  -2.48420833119
0.133333333333  -1.16666666667  1.03333333333  0.500040870277  5.16109305859e-06  0.499953968629  -0.9  -1.3  9.20627410371e-05  1.03221861172e-05  2370.0  4.89641601298  -1.31763770909  -2.48420810045
0.133333333333  -1.16666666667  1.03333333333  0.500038777942  3.76620304199e-06  0.499957455855  -0.9  -1.3  8.50882909581e-05  7.53240608398e-06  2380.0  4.87584283645  -1.31764767441  -2.48422796948
0.133333333333  -1.16666666667  1.03333333333  0.500042683634  4.74262605371e-06  0.499952573739  -0.9  -1.3  9.48525210683e-05  9.48525210742e-06  2390.0  4.8554418204   -1.31763578747  -2.48420475604
0.133333333333  -1.16666666667  1.03333333333  0.500045752393  3.48722503906e-06  0.499950760382  -0.9  -1.3  9.84792351092e-05  6.97445007813e-06  2400.0  4.83521081281  -1.31763481087  -2.48420377944
