#mu0  mu1   mu2  x0              x1                 x2              mua   mub   xa                  xb                 T       b              u               phi
-0.2  -0.6  0.8  0.5             0.0                0.5             -1.0  -0.4  0.0                 0.0                30.0    386.816865025  -1.31774118     -1.91774118
-0.2  -0.6  0.8  0.5             0.0                0.5             -1.0  -0.4  0.0                 0.0                40.0    290.112648769  -1.31774118     -1.91774118
-0.2  -0.6  0.8  0.5             0.0                0.5             -1.0  -0.4  0.0                 0.0                50.0    232.090119015  -1.31774118     -1.91774118
-0.2  -0.6  0.8  0.5             0.0                0.5             -1.0  -0.4  0.0                 0.0                60.0    193.408432513  -1.31774118     -1.91774118
-0.2  -0.6  0.8  0.5             0.0                0.5             -1.0  -0.4  0.0                 0.0                70.0    165.778656439  -1.31774118     -1.91774118
-0.2  -0.6  0.8  0.5             0.0                0.5             -1.0  -0.4  0.0                 0.0                80.0    145.056324384  -1.31774118     -1.91774118
-0.2  -0.6  0.8  0.5             0.0                0.5             -1.0  -0.4  0.0                 0.0                90.0    128.938955008  -1.31774118     -1.91774118
-0.2  -0.6  0.8  0.5             0.0                0.5             -1.0  -0.4  0.0                 0.0                100.0   116.045059507  -1.31774118     -1.91774118
-0.2  -0.6  0.8  0.5             0.0                0.5             -1.0  -0.4  0.0                 0.0                110.0   105.495508643  -1.31774118     -1.91774118
-0.2  -0.6  0.8  0.5             0.0                0.5             -1.0  -0.4  0.0                 0.0                120.0   96.7042162563  -1.31774118     -1.91774118
-0.2  -0.6  0.8  0.5             0.0                0.5             -1.0  -0.4  0.0                 0.0                130.0   89.2654303904  -1.31774118     -1.91774118
-0.2  -0.6  0.8  0.5             0.0                0.5             -1.0  -0.4  0.0                 0.0                140.0   82.8893282196  -1.31774118     -1.91774118
-0.2  -0.6  0.8  0.5             0.0                0.5             -1.0  -0.4  0.0                 0.0                150.0   77.363373005   -1.31774118     -1.91774118
-0.2  -0.6  0.8  0.5             0.0                0.5             -1.0  -0.4  0.0                 0.0                160.0   72.5281621922  -1.31774118     -1.91774118
-0.2  -0.6  0.8  0.5             0.0                0.5             -1.0  -0.4  0.0                 0.0                170.0   68.2617997103  -1.31774118     -1.91774118
-0.2  -0.6  0.8  0.5             0.0                0.5             -1.0  -0.4  0.0                 0.0                180.0   64.4694775042  -1.31774118     -1.91774118
-0.2  -0.6  0.8  0.5             0.0                0.5             -1.0  -0.4  0.0                 0.0                190.0   61.0763471092  -1.31774118     -1.91774118
-0.2  -0.6  0.8  0.5             0.0                0.5             -1.0  -0.4  0.0                 0.0                200.0   58.0225297537  -1.31774118     -1.91774118
-0.2  -0.6  0.8  0.5             0.0                0.5             -1.0  -0.4  0.0                 0.0                210.0   55.2595521464  -1.31774118     -1.91774118
-0.2  -0.6  0.8  0.5             0.0                0.5             -1.0  -0.4  0.0                 0.0                220.0   52.7477543216  -1.31774118     -1.91774118
-0.2  -0.6  0.8  0.5             0.0                0.5             -1.0  -0.4  0.0                 0.0                230.0   50.4543736989  -1.31774118     -1.91774118
-0.2  -0.6  0.8  0.5             0.0                0.5             -1.0  -0.4  0.0                 0.0                240.0   48.3521081281  -1.31774118     -1.91774118
-0.2  -0.6  0.8  0.5             0.0                0.5             -1.0  -0.4  0.0                 0.0                250.0   46.418023803   -1.31774118     -1.91774118
-0.2  -0.6  0.8  0.5             0.0                0.5             -1.0  -0.4  0.0                 0.0                260.0   44.6327151952  -1.31774118     -1.91774118
-0.2  -0.6  0.8  0.5             0.0                0.5             -1.0  -0.4  0.0                 0.0                270.0   42.9796516694  -1.31774118     -1.91774118
-0.2  -0.6  0.8  0.5             0.0                0.5             -1.0  -0.4  0.0                 0.0                280.0   41.4446641098  -1.31774118     -1.91774118
-0.2  -0.6  0.8  0.5             0.0                0.5             -1.0  -0.4  0.0                 0.0                290.0   40.0155377612  -1.31774118     -1.91774118
-0.2  -0.6  0.8  0.5             0.0                0.5             -1.0  -0.4  0.0                 0.0                300.0   38.6816865025  -1.31774118     -1.91774118
-0.2  -0.6  0.8  0.5             0.0                0.5             -1.0  -0.4  0.0                 0.0                310.0   37.4338901637  -1.31774118     -1.91774118
-0.2  -0.6  0.8  0.5             0.0                0.5             -1.0  -0.4  0.0                 0.0                320.0   36.2640810961  -1.31774118     -1.91774118
-0.2  -0.6  0.8  0.5             0.0                0.5             -1.0  -0.4  0.0                 0.0                330.0   35.1651695477  -1.31774118     -1.91774118
-0.2  -0.6  0.8  0.5             0.0                0.5             -1.0  -0.4  0.0                 0.0                340.0   34.1308998551  -1.31774118     -1.91774118
-0.2  -0.6  0.8  0.5             0.0                0.5             -1.0  -0.4  0.0                 0.0                350.0   33.1557312879  -1.31774118     -1.91774118
-0.2  -0.6  0.8  0.5             0.0                0.5             -1.0  -0.4  0.0                 0.0                360.0   32.2347387521  -1.31774118     -1.91774118
-0.2  -0.6  0.8  0.5             0.0                0.5             -1.0  -0.4  0.0                 0.0                370.0   31.3635295966  -1.31774118     -1.91774118
-0.2  -0.6  0.8  0.5             0.0                0.5             -1.0  -0.4  0.0                 0.0                380.0   30.5381735546  -1.31774118     -1.91774118
-0.2  -0.6  0.8  0.5             0.0                0.5             -1.0  -0.4  0.0                 0.0                390.0   29.7551434635  -1.31774118     -1.91774118
-0.2  -0.6  0.8  0.5             0.0                0.5             -1.0  -0.4  0.0                 0.0                400.0   29.0112648769  -1.31774118     -1.91774118
-0.2  -0.6  0.8  0.5             0.0                0.5             -1.0  -0.4  0.0                 0.0                410.0   28.3036730506  -1.31774118     -1.91774118
-0.2  -0.6  0.8  0.5             0.0                0.5             -1.0  -0.4  0.0                 0.0                420.0   27.6297760732  -1.31774118     -1.91774118
-0.2  -0.6  0.8  0.5             0.0                0.5             -1.0  -0.4  0.0                 0.0                430.0   26.9872231413  -1.31774118     -1.91774118
-0.2  -0.6  0.8  0.5             0.0                0.5             -1.0  -0.4  0.0                 0.0                440.0   26.3738771608  -1.31774118     -1.91774118
-0.2  -0.6  0.8  0.5             0.0                0.5             -1.0  -0.4  0.0                 0.0                450.0   25.7877910017  -1.31774118     -1.91774118
-0.2  -0.6  0.8  0.5             0.0                0.5             -1.0  -0.4  0.0                 0.0                460.0   25.2271868495  -1.31774118     -1.91774118
-0.2  -0.6  0.8  0.5             0.0                0.5             -1.0  -0.4  0.0                 0.0                470.0   24.6904381931  -1.31774118     -1.91774118
-0.2  -0.6  0.8  0.5             0.0                0.5             -1.0  -0.4  0.0                 0.0                480.0   24.1760540641  -1.31774118     -1.91774118
-0.2  -0.6  0.8  0.5             0.0                0.5             -1.0  -0.4  0.0                 0.0                490.0   23.6826652056  -1.31774118     -1.91774118
-0.2  -0.6  0.8  0.5             0.0                0.5             -1.0  -0.4  0.0                 0.0                500.0   23.2090119015  -1.31774118     -1.91774118
-0.2  -0.6  0.8  0.5             0.0                0.5             -1.0  -0.4  0.0                 0.0                510.0   22.7539332368  -1.31774118     -1.91774118
-0.2  -0.6  0.8  0.5             0.0                0.5             -1.0  -0.4  0.0                 0.0                520.0   22.3163575976  -1.31774118     -1.91774118
-0.2  -0.6  0.8  0.5             0.0                0.5             -1.0  -0.4  0.0                 0.0                530.0   21.8952942467  -1.31774118     -1.91774118
-0.2  -0.6  0.8  0.5             0.0                0.5             -1.0  -0.4  0.0                 0.0                540.0   21.4898258347  -1.31774118     -1.91774118
-0.2  -0.6  0.8  0.5             0.0                0.5             -1.0  -0.4  0.0                 0.0                550.0   21.0991017286  -1.31774118     -1.91774118
-0.2  -0.6  0.8  0.5             0.0                0.5             -1.0  -0.4  0.0                 0.0                560.0   20.7223320549  -1.31774118     -1.91774118
-0.2  -0.6  0.8  0.5             0.0                0.5             -1.0  -0.4  0.0                 0.0                570.0   20.3587823697  -1.31774118     -1.91774118
-0.2  -0.6  0.8  0.5             0.0                0.5             -1.0  -0.4  0.0                 0.0                580.0   20.0077688806  -1.31774118     -1.91774118
-0.2  -0.6  0.8  0.5             0.0                0.5             -1.0  -0.4  0.0                 0.0                590.0   19.6686541538  -1.31774118     -1.91774118
-0.2  -0.6  0.8  0.5             0.0                0.5             -1.0  -0.4  0.0                 0.0                600.0   19.3408432512  -1.31774118     -1.91774118
-0.2  -0.6  0.8  0.5             0.0                0.5             -1.0  -0.4  0.0                 0.0                610.0   19.0237802471  -1.31774118     -1.91774118
-0.2  -0.6  0.8  0.5             0.0                0.5             -1.0  -0.4  0.0                 0.0                620.0   18.7169450819  -1.31774118     -1.91774118
-0.2  -0.6  0.8  0.5             0.0                0.5             -1.0  -0.4  0.0                 0.0                630.0   18.4198507155  -1.31774118     -1.91774118
-0.2  -0.6  0.8  0.5             0.0                0.5             -1.0  -0.4  0.0                 0.0                640.0   18.132040548   -1.31774118     -1.91774118
-0.2  -0.6  0.8  0.5             0.0                0.5             -1.0  -0.4  0.0                 0.0                650.0   17.8530860781  -1.31774118     -1.91774118
-0.2  -0.6  0.8  0.5             0.0                0.5             -1.0  -0.4  0.0                 0.0                660.0   17.5825847739  -1.31774118     -1.91774118
-0.2  -0.6  0.8  0.5             0.0                0.5             -1.0  -0.4  0.0                 0.0                670.0   17.3201581354  -1.31774118     -1.91774118
-0.2  -0.6  0.8  0.5             0.0                0.5             -1.0  -0.4  0.0                 0.0                680.0   17.0654499276  -1.31774118     -1.91774118
-0.2  -0.6  0.8  0.5             0.0                0.5             -1.0  -0.4  0.0                 0.0                690.0   16.8181245663  -1.31774118     -1.91774118
-0.2  -0.6  0.8  0.5             0.0                0.5             -1.0  -0.4  0.0                 0.0                700.0   16.5778656439  -1.31774118     -1.91774118
-0.2  -0.6  0.8  0.5             0.0                0.5             -1.0  -0.4  0.0                 0.0                710.0   16.3443745785  -1.31774118     -1.91774118
-0.2  -0.6  0.8  0.5             0.0                0.5             -1.0  -0.4  0.0                 0.0                720.0   16.117369376   -1.31774118     -1.91774118
-0.2  -0.6  0.8  0.5             0.0                0.5             -1.0  -0.4  0.0                 0.0                730.0   15.8965834942  -1.31774118     -1.91774118
-0.2  -0.6  0.8  0.5             0.0                0.5             -1.0  -0.4  0.0                 0.0                740.0   15.6817647983  -1.31774118     -1.91774118
-0.2  -0.6  0.8  0.5             0.0                0.5             -1.0  -0.4  0.0                 0.0                750.0   15.472674601   -1.31774118     -1.91774118
-0.2  -0.6  0.8  0.5             0.0                0.5             -1.0  -0.4  0.0                 0.0                760.0   15.2690867773  -1.31774118     -1.91774118
-0.2  -0.6  0.8  0.5             0.0                0.5             -1.0  -0.4  0.0                 0.0                770.0   15.070786949   -1.31774118     -1.91774118
-0.2  -0.6  0.8  0.5             0.0                0.5             -1.0  -0.4  0.0                 0.0                780.0   14.8775717317  -1.31774118     -1.91774118
-0.2  -0.6  0.8  0.5             0.0                0.5             -1.0  -0.4  0.0                 0.0                790.0   14.6892480389  -1.31774118     -1.91774118
-0.2  -0.6  0.8  0.5             0.0                0.5             -1.0  -0.4  0.0                 0.0                800.0   14.5056324384  -1.31774118     -1.91774118
-0.2  -0.6  0.8  0.5             0.0                0.5             -1.0  -0.4  0.0                 0.0                810.0   14.3265505565  -1.31774118     -1.91774118
-0.2  -0.6  0.8  0.5             0.0                0.5             -1.0  -0.4  0.0                 0.0                820.0   14.1518365253  -1.31774118     -1.91774118
-0.2  -0.6  0.8  0.5             0.0                0.5             -1.0  -0.4  0.0                 0.0                830.0   13.9813324708  -1.31774118     -1.91774118
-0.2  -0.6  0.8  0.5             0.0                0.5             -1.0  -0.4  0.0                 0.0                840.0   13.8148880366  -1.31774118     -1.91774118
-0.2  -0.6  0.8  0.5             0.0                0.5             -1.0  -0.4  0.0                 0.0                850.0   13.6523599421  -1.31774118     -1.91774118
-0.2  -0.6  0.8  0.5             0.0                0.5             -1.0  -0.4  0.0                 0.0                860.0   13.4936115706  -1.31774118     -1.91774118
-0.2  -0.6  0.8  0.5             0.0                0.5             -1.0  -0.4  0.0                 0.0                870.0   13.3385125871  -1.31774118     -1.91774118
-0.2  -0.6  0.8  0.5             0.0                0.5             -1.0  -0.4  0.0                 0.0                880.0   13.1869385804  -1.31774118     -1.91774118
-0.2  -0.6  0.8  0.5             0.0                0.5             -1.0  -0.4  0.0                 0.0                890.0   13.0387707312  -1.31774118     -1.91774118
-0.2  -0.6  0.8  0.5             0.0                0.5             -1.0  -0.4  0.0                 0.0                900.0   12.8938955008  -1.31774118     -1.91774118
-0.2  -0.6  0.8  0.5             0.0                0.5             -1.0  -0.4  0.0                 0.0                910.0   12.7522043415  -1.31774118     -1.91774118
-0.2  -0.6  0.8  0.5             0.0                0.5             -1.0  -0.4  0.0                 0.0                920.0   12.6135934247  -1.31774118     -1.91774118
-0.2  -0.6  0.8  0.5             0.0                0.5             -1.0  -0.4  0.0                 0.0                930.0   12.4779633879  -1.31774118     -1.91774118
-0.2  -0.6  0.8  0.5             0.0                0.5             -1.0  -0.4  0.0                 0.0                940.0   12.3452190965  -1.31774118     -1.91774118
-0.2  -0.6  0.8  0.499999860511  1.39489001953e-07  0.5             -1.0  -0.4  4.84892480985e-17   2.78978003906e-07  950.0   12.2152694218  -1.3177408845   -1.91774077291
-0.2  -0.6  0.8  0.5             0.0                0.5             -1.0  -0.4  0.0                 0.0                960.0   12.088027032   -1.31774118     -1.91774118
-0.2  -0.6  0.8  0.5             0.0                0.5             -1.0  -0.4  0.0                 0.0                970.0   11.9634081967  -1.31774118     -1.91774118
-0.2  -0.6  0.8  0.5             0.0                0.5             -1.0  -0.4  0.0                 0.0                980.0   11.8413326028  -1.31774118     -1.91774118
-0.2  -0.6  0.8  0.5             0.0                0.5             -1.0  -0.4  0.0                 0.0                990.0   11.7217231826  -1.31774118     -1.91774118
-0.2  -0.6  0.8  0.5             0.0                0.5             -1.0  -0.4  0.0                 0.0                1000.0  11.6045059507  -1.31774118     -1.91774118
-0.2  -0.6  0.8  0.499999860511  1.39489001953e-07  0.5             -1.0  -0.4  4.84892480985e-17   2.78978003906e-07  1010.0  11.4896098522  -1.3177408845   -1.91774077291
-0.2  -0.6  0.8  0.5             0.0                0.5             -1.0  -0.4  0.0                 0.0                1020.0  11.3769666184  -1.31774118     -1.91774118
-0.2  -0.6  0.8  0.5             0.0                0.5             -1.0  -0.4  0.0                 0.0                1030.0  11.2665106318  -1.31774118     -1.91774118
-0.2  -0.6  0.8  0.5             0.0                0.5             -1.0  -0.4  0.0                 0.0                1040.0  11.1581787988  -1.31774118     -1.91774118
-0.2  -0.6  0.8  0.5             0.0                0.5             -1.0  -0.4  0.0                 0.0                1050.0  11.0519104293  -1.31774118     -1.91774118
-0.2  -0.6  0.8  0.5             0.0                0.5             -1.0  -0.4  0.0                 0.0                1060.0  10.9476471233  -1.31774118     -1.91774118
-0.2  -0.6  0.8  0.499999860511  1.39489001953e-07  0.5             -1.0  -0.4  4.84892480985e-17   2.78978003906e-07  1070.0  10.8453326643  -1.3177408845   -1.91774077291
-0.2  -0.6  0.8  0.499999721022  2.7897800293e-07   0.5             -1.0  -0.4  8.59441979932e-18   5.57956005859e-07  1080.0  10.7449129174  -1.317740589    -1.91774036582
-0.2  -0.6  0.8  0.5             0.0                0.5             -1.0  -0.4  0.0                 0.0                1090.0  10.6463357346  -1.31774118     -1.91774118
-0.2  -0.6  0.8  0.499999860511  1.39489001953e-07  0.5             -1.0  -0.4  4.84892480985e-17   2.78978003906e-07  1100.0  10.5495508643  -1.3177408845   -1.91774077291
-0.2  -0.6  0.8  0.499999860511  1.39489001953e-07  0.5             -1.0  -0.4  4.84892480985e-17   2.78978003906e-07  1110.0  10.4545098655  -1.3177408845   -1.91774077291
-0.2  -0.6  0.8  0.499999721022  2.7897800293e-07   0.5             -1.0  -0.4  8.59441979932e-18   5.57956005859e-07  1120.0  10.3611660275  -1.317740589    -1.91774036582
-0.2  -0.6  0.8  0.499999721022  2.7897800293e-07   0.5             -1.0  -0.4  8.59441979932e-18   5.57956005859e-07  1130.0  10.2694742927  -1.317740589    -1.91774036582
-0.2  -0.6  0.8  0.499999860511  1.39489001953e-07  0.5             -1.0  -0.4  4.84892480985e-17   2.78978003906e-07  1140.0  10.1793911849  -1.3177408845   -1.91774077291
-0.2  -0.6  0.8  0.5             0.0                0.5             -1.0  -0.4  0.0                 0.0                1150.0  10.0908747398  -1.31774118     -1.91774118
-0.2  -0.6  0.8  0.499999860511  1.39489001953e-07  0.5             -1.0  -0.4  4.84892480985e-17   2.78978003906e-07  1160.0  10.0038844403  -1.3177408845   -1.91774077291
-0.2  -0.6  0.8  0.499999163066  8.36934009766e-07  0.5             -1.0  -0.4  3.14503333316e-18   1.67386801953e-06  1170.0  9.91838115449  -1.317739407    -1.91773873745
-0.2  -0.6  0.8  0.499999860511  1.39489001953e-07  0.5             -1.0  -0.4  4.84892480985e-17   2.78978003906e-07  1180.0  9.83432707691  -1.3177408845   -1.91774077291
-0.2  -0.6  0.8  0.499999721022  2.7897800293e-07   0.5             -1.0  -0.4  8.59441979932e-18   5.57956005859e-07  1190.0  9.7516856729   -1.317740589    -1.91774036582
-0.2  -0.6  0.8  0.499999860511  1.39489001953e-07  0.5             -1.0  -0.4  4.84892480985e-17   2.78978003906e-07  1200.0  9.67042162562  -1.3177408845   -1.91774077291
-0.2  -0.6  0.8  0.499999721022  2.7897800293e-07   0.5             -1.0  -0.4  8.59441979932e-18   5.57956005859e-07  1210.0  9.59050078574  -1.317740589    -1.91774036582
-0.2  -0.6  0.8  0.499999302555  6.97445007813e-07  0.5             -1.0  -0.4  6.56780876972e-17   1.39489001563e-06  1220.0  9.51189012357  -1.3177397025   -1.91773914454
-0.2  -0.6  0.8  0.499999581533  4.18467004883e-07  0.5             -1.0  -0.4  5.70836678978e-17   8.36934009766e-07  1230.0  9.43455768354  -1.3177402935   -1.91773995873
-0.2  -0.6  0.8  0.499999721022  2.7897800293e-07   0.5             -1.0  -0.4  8.59441979932e-18   5.57956005859e-07  1240.0  9.35847254093  -1.317740589    -1.91774036582
-0.2  -0.6  0.8  0.499999581533  4.18467004883e-07  0.5             -1.0  -0.4  5.70836678978e-17   8.36934009766e-07  1250.0  9.2836047606   -1.3177402935   -1.91773995873
-0.2  -0.6  0.8  0.49999860511   1.39489001563e-06  0.5             -1.0  -0.4  2.03338729318e-17   2.78978003125e-06  1260.0  9.20992535774  -1.317738225    -1.91773710909
-0.2  -0.6  0.8  0.499998884088  1.1159120127e-06   0.5             -1.0  -0.4  1.17394531325e-17   2.23182402539e-06  1270.0  9.13740626043  -1.317738816    -1.91773792327
-0.2  -0.6  0.8  0.499999302555  6.97445007813e-07  0.5             -1.0  -0.4  6.56780876972e-17   1.39489001563e-06  1280.0  9.06602027402  -1.3177397025   -1.91773914454
-0.2  -0.6  0.8  0.499998186643  1.81335702051e-06  0.5             -1.0  -0.4  -3.36047616329e-17  3.62671404102e-06  1290.0  8.99574104709  -1.3177373385   -1.91773588781
-0.2  -0.6  0.8  0.499999442044  5.57956005859e-07  0.5             -1.0  -0.4  1.71888395986e-17   1.11591201172e-06  1300.0  8.92654303904  -1.317739998    -1.91773955163
-0.2  -0.6  0.8  0.49999860511   1.39489001563e-06  0.5             -1.0  -0.4  2.03338729318e-17   2.78978003125e-06  1310.0  8.85840148912  -1.317738225    -1.91773710909
-0.2  -0.6  0.8  0.499998326132  1.67386801855e-06  0.5             -1.0  -0.4  -8.20940097314e-17  3.34773603711e-06  1320.0  8.79129238693  -1.317737634    -1.9177362949
-0.2  -0.6  0.8  0.499996652264  3.34773603809e-06  0.5             -1.0  -0.4  -7.58039430651e-17  6.69547207617e-06  1330.0  8.72519244417  -1.31773408799  -1.9177314098
-0.2  -0.6  0.8  0.499999023577  9.76423010742e-07  0.5             -1.0  -0.4  7.42725074965e-17   1.95284602148e-06  1340.0  8.66007906772  -1.3177391115   -1.91773833036
-0.2  -0.6  0.8  0.49999860511   1.39489001563e-06  0.5             -1.0  -0.4  2.03338729318e-17   2.78978003125e-06  1350.0  8.59593033389  -1.317738225    -1.91773710909
-0.2  -0.6  0.8  0.499998326132  1.67386801855e-06  0.5             -1.0  -0.4  -8.20940097314e-17  3.34773603711e-06  1360.0  8.53272496379  -1.317737634    -1.9177362949
-0.2  -0.6  0.8  0.499998465621  1.53437901758e-06  0.5             -1.0  -0.4  -4.21991814322e-17  3.06875803516e-06  1370.0  8.47044229982  -1.3177379295   -1.91773670199
-0.2  -0.6  0.8  0.499996094308  3.90569204395e-06  0.5             -1.0  -0.4  -5.86155269829e-17  7.81138408789e-06  1380.0  8.40906228315  -1.31773290599  -1.91772978144
-0.2  -0.6  0.8  0.499998047154  1.95284602246e-06  0.5             -1.0  -0.4  1.48844864656e-17   3.90569204492e-06  1390.0  8.34856543219  -1.317737043    -1.91773548072
-0.2  -0.6  0.8  0.499996233797  3.76620304199e-06  0.5             -1.0  -0.4  3.91795089752e-18   7.53240608398e-06  1400.0  8.28893282196  -1.31773320149  -1.91773018853
-0.2  -0.6  0.8  0.499997489198  2.51080202832e-06  0.5             -1.0  -0.4  3.20733260643e-17   5.02160405664e-06  1410.0  8.23014606436  -1.317735861    -1.91773385235
-0.2  -0.6  0.8  0.499997628687  2.51080202832e-06  0.499999860511  -1.0  -0.4  2.78978003841e-07   5.02160405664e-06  1420.0  8.17218728926  -1.31773558058  -1.91773329296
-0.2  -0.6  0.8  0.499994699418  5.30058205957e-06  0.5             -1.0  -0.4  7.27406484114e-17   1.06011641191e-05  1430.0  8.1150391264   -1.31772995099  -1.91772571052
-0.2  -0.6  0.8  0.49999581533   4.18467004688e-06  0.5             -1.0  -0.4  -5.00206836672e-17  8.36934009375e-06  1440.0  8.05868468802  -1.31773231499  -1.91772896726
-0.2  -0.6  0.8  0.499995675841  4.32415904883e-06  0.5             -1.0  -0.4  -1.53143556864e-18  8.64831809766e-06  1450.0  8.00310755224  -1.31773201949  -1.91772856016
-0.2  -0.6  0.8  0.499993862484  6.13751606934e-06  0.5             -1.0  -0.4  -3.5136620718e-17   1.22750321387e-05  1460.0  7.94829174709  -1.31772817799  -1.91772326798
-0.2  -0.6  0.8  0.499995675841  4.32415904883e-06  0.5             -1.0  -0.4  -1.53143556864e-18  8.64831809766e-06  1470.0  7.8942217352   -1.31773201949  -1.91772856016
-0.2  -0.6  0.8  0.49999581533   4.18467004688e-06  0.5             -1.0  -0.4  -5.00206836672e-17  8.36934009375e-06  1480.0  7.84088239916  -1.31773231499  -1.91772896726
-0.2  -0.6  0.8  0.499997070731  2.9292690332e-06   0.5             -1.0  -0.4  -2.18653085004e-17  5.85853806641e-06  1490.0  7.78825902735  -1.31773497449  -1.91773263108
-0.2  -0.6  0.8  0.499994001973  6.83496107715e-06  0.499999163066  -1.0  -0.4  1.67386801956e-06   1.36699221543e-05  1500.0  7.7363373005   -1.31772501799  -1.91771787615
-0.2  -0.6  0.8  0.49999302555   6.97445007813e-06  0.5             -1.0  -0.4  -9.35293780358e-18  1.39489001563e-05  1510.0  7.68510327864  -1.31772640499  -1.91772082543
-0.2  -0.6  0.8  0.499993862484  6.27700507031e-06  0.499999860511  -1.0  -0.4  2.78978002846e-07   1.25540101406e-05  1520.0  7.63454338865  -1.31772760238  -1.9177223018
-0.2  -0.6  0.8  0.499992607083  7.39291708301e-06  0.5             -1.0  -0.4  4.77303065778e-17   1.4785834166e-05   1530.0  7.58464441225  -1.31772551849  -1.91771960415
-0.2  -0.6  0.8  0.49999581533   4.18467004688e-06  0.5             -1.0  -0.4  -5.00206836672e-17  8.36934009375e-06  1540.0  7.53539347451  -1.31773231499  -1.91772896726
-0.2  -0.6  0.8  0.499992746572  7.39291708301e-06  0.499999860511  -1.0  -0.4  2.78978002858e-07   1.4785834166e-05   1550.0  7.48677803274  -1.31772523727  -1.91771904396
-0.2  -0.6  0.8  0.49999442044   5.5795600625e-06   0.5             -1.0  -0.4  8.13354917271e-17   1.1159120125e-05   1560.0  7.43878586587  -1.31772935999  -1.91772489634
-0.2  -0.6  0.8  0.499989677814  1.03221861162e-05  0.5             -1.0  -0.4  2.58649980774e-17   2.06443722324e-05  1570.0  7.39140506417  -1.31771931298  -1.91771105523
-0.2  -0.6  0.8  0.499990375259  9.6247411084e-06   0.5             -1.0  -0.4  7.12083658098e-17   1.92494822168e-05  1580.0  7.34462401946  -1.31772079048  -1.91771309069
-0.2  -0.6  0.8  0.499988701391  1.15775871309e-05  0.499999721022  -1.0  -0.4  5.57956006816e-07   2.31551742617e-05  1590.0  7.29843141557  -1.31771609264  -1.91770627262
-0.2  -0.6  0.8  0.499985911611  1.40883891592e-05  0.5             -1.0  -0.4  1.00634459804e-15   2.81767783184e-05  1600.0  7.25281621922  -1.31771133447  -1.91770006376
-0.2  -0.6  0.8  0.499985353655  1.4785834167e-05   0.499999860511  -1.0  -0.4  2.78978003882e-07   2.9571668334e-05   1610.0  7.20776767127  -1.31770957655  -1.91769746891
-0.2  -0.6  0.8  0.499985353655  1.4646345165e-05   0.5             -1.0  -0.4  2.43335625087e-17   2.92926903301e-05  1620.0  7.16327527824  -1.31771015247  -1.9176984354
-0.2  -0.6  0.8  0.49998047154   2.03653942295e-05  0.499999163066  -1.0  -0.4  1.67386801946e-06   4.0730788459e-05   1630.0  7.11932880414  -1.31769635446  -1.91767838828
-0.2  -0.6  0.8  0.499987864457  1.31119661475e-05  0.499999023577  -1.0  -0.4  1.9528460214e-06    2.62239322949e-05  1640.0  7.07591826265  -1.31771144725  -1.91769900483
-0.2  -0.6  0.8  0.499980750518  1.92494822168e-05  0.5             -1.0  -0.4  -7.96278733055e-17  3.84989644336e-05  1650.0  7.03303390954  -1.31770040273  -1.91768500314
-0.2  -0.6  0.8  0.499979774095  2.02259052275e-05  0.5             -1.0  -0.4  -5.35324822665e-18  4.04518104551e-05  1660.0  6.99066623539  -1.31769833333  -1.91768215261
-0.2  -0.6  0.8  0.499984377232  1.60412351807e-05  0.499999581533  -1.0  -0.4  8.36934009696e-07   3.20824703613e-05  1670.0  6.94880595853  -1.31770635589  -1.91769268597
-0.2  -0.6  0.8  0.499975449936  2.45500642764e-05  0.5             -1.0  -0.4  -6.88468379528e-18  4.91001285527e-05  1680.0  6.9074440183   -1.31768917427  -1.91766953422
-0.2  -0.6  0.8  0.499981587452  1.91099932148e-05  0.499999302555  -1.0  -0.4  1.39489001559e-06   3.82199864297e-05  1690.0  6.86657156849  -1.31769929438  -1.9176826115
-0.2  -0.6  0.8  0.499976147381  2.41315972715e-05  0.499999721022  -1.0  -0.4  5.57956005778e-07   4.8263194543e-05   1700.0  6.82617997103  -1.31768949762  -1.91766963439
-0.2  -0.6  0.8  0.499976007892  2.46895532783e-05  0.499999302555  -1.0  -0.4  1.39489001554e-06   4.93791065566e-05  1710.0  6.78626078991  -1.31768747437  -1.91766632784
-0.2  -0.6  0.8  0.499975868403  2.51080202832e-05  0.499999023577  -1.0  -0.4  1.95284602232e-06   5.02160405664e-05  1720.0  6.74680578532  -1.31768602703  -1.91766398777
-0.2  -0.6  0.8  0.499975449936  2.53869982861e-05  0.499999163066  -1.0  -0.4  1.67386801952e-06   5.07739965723e-05  1730.0  6.70780690795  -1.3176856908   -1.91766370734
-0.2  -0.6  0.8  0.499972381178  2.84557563203e-05  0.499999163066  -1.0  -0.4  1.67386801857e-06   5.69115126406e-05  1740.0  6.66925629353  -1.31767921374  -1.91765477527
-0.2  -0.6  0.8  0.499970149354  3.02691133408e-05  0.499999581533  -1.0  -0.4  8.36934009774e-07   6.05382266816e-05  1750.0  6.63114625757  -1.31767621519  -1.91765116297
-0.2  -0.6  0.8  0.499964430305  3.61276514072e-05  0.499999442044  -1.0  -0.4  1.11591201265e-06   7.22553028145e-05  1760.0  6.5934692902   -1.3176635236   -1.91763350557
-0.2  -0.6  0.8  0.49996373286   3.6825096415e-05   0.499999442044  -1.0  -0.4  1.11591201272e-06   7.36501928301e-05  1770.0  6.55621805127  -1.31766204547  -1.91763146948
-0.2  -0.6  0.8  0.499958571767  4.21256784746e-05  0.499999302555  -1.0  -0.4  1.39489001549e-06   8.42513569492e-05  1780.0  6.51938536559  -1.31765054434  -1.9176154489
-0.2  -0.6  0.8  0.499958571767  4.28231234824e-05  0.49999860511   -1.0  -0.4  2.78978003116e-06   8.56462469648e-05  1790.0  6.4829642183   -1.31764765676  -1.91761060849
-0.2  -0.6  0.8  0.49994964447   5.03555295674e-05  0.5             -1.0  -0.4  -6.45642393715e-17  0.000100711059135  1800.0  6.44694775042  -1.31763451392  -1.91759422949
-0.2  -0.6  0.8  0.499956897899  4.40785244961e-05  0.499999023577  -1.0  -0.4  1.95284602148e-06   8.81570489922e-05  1810.0  6.41132925456  -1.3176458444   -1.91760862873
-0.2  -0.6  0.8  0.499961640525  3.90569204395e-05  0.499999302555  -1.0  -0.4  1.39489001557e-06   7.81138408789e-05  1820.0  6.37610217074  -1.31765703461  -1.91762439419
-0.2  -0.6  0.8  0.499946575712  5.64930456367e-05  0.499996931242  -1.0  -0.4  6.13751606927e-06   0.000112986091273  1830.0  6.34126008238  -1.31761533581  -1.91756400385
-0.2  -0.6  0.8  0.499952573739  4.84026835449e-05  0.499999023577  -1.0  -0.4  1.95284602148e-06   9.68053670898e-05  1840.0  6.30679671236  -1.31763669287  -1.91759601788
-0.2  -0.6  0.8  0.499942530531  5.87248696611e-05  0.499998744599  -1.0  -0.4  2.51080202724e-06   0.000117449739322  1850.0  6.27270591932  -1.31761425503  -1.91756476433
-0.2  -0.6  0.8  0.499942112064  6.02592486787e-05  0.499997628687  -1.0  -0.4  4.74262605278e-06   0.000120518497357  1860.0  6.23898169395  -1.31760876185  -1.91755581182
-0.2  -0.6  0.8  0.499941554108  6.09566936865e-05  0.499997489198  -1.0  -0.4  5.02160405666e-06   0.000121913387373  1870.0  6.20561815548  -1.31760700692  -1.91755321996
-0.2  -0.6  0.8  0.499941693597  6.02592486787e-05  0.499998047154  -1.0  -0.4  3.90569204391e-06   0.000120518497357  1880.0  6.17260954827  -1.31760959976  -1.91755748667
-0.2  -0.6  0.8  0.499940577685  6.05382266816e-05  0.499998884088  -1.0  -0.4  2.23182402539e-06   0.000121076453363  1890.0  6.13995023849  -1.31761069003  -1.91756002763
-0.2  -0.6  0.8  0.499936811482  6.56993197402e-05  0.499997489198  -1.0  -0.4  5.0216040566e-06    0.00013139863948   1900.0  6.10763471092  -1.31759695581  -1.91753937475
-0.2  -0.6  0.8  0.499931371411  7.07209237969e-05  0.499997907665  -1.0  -0.4  4.1846700469e-06    0.000141441847594  1910.0  6.07565756584  -1.31758716319  -1.91752640178
-0.2  -0.6  0.8  0.499929837032  7.3929170833e-05   0.499996233797  -1.0  -0.4  7.53240608494e-06   0.000147858341666  1920.0  6.04401351602  -1.31757699865  -1.91751032291
-0.2  -0.6  0.8  0.499919933313  8.32749339385e-05  0.499996791753  -1.0  -0.4  6.41649407232e-06   0.000166549867877  1930.0  6.01269738381  -1.31755831666  -1.91748528022
-0.2  -0.6  0.8  0.499917422511  8.59252249678e-05  0.499996652264  -1.0  -0.4  6.69547207623e-06   0.000171850449936  1940.0  5.98170409833  -1.31755242674  -1.91747699109
-0.2  -0.6  0.8  0.499922862582  8.09036209111e-05  0.499996233797  -1.0  -0.4  7.53240608393e-06   0.000161807241822  1950.0  5.95102869269  -1.31756222859  -1.91748997329
-0.2  -0.6  0.8  0.499911284995  9.16442740322e-05  0.499997070731  -1.0  -0.4  5.85853806638e-06   0.000183288548064  1960.0  5.9206663014   -1.31754117613  -1.91746200218
-0.2  -0.6  0.8  0.499907658281  9.40155870586e-05  0.499998326132  -1.0  -0.4  3.34773603719e-06   0.000188031174117  1970.0  5.89061215774  -1.31753866393  -1.91746010372
-0.2  -0.6  0.8  0.499901102298  0.000102663905156  0.499996233797  -1.0  -0.4  7.532406084e-06     0.000205327810313  1980.0  5.86086159129  -1.317516115    -1.91742645147
-0.2  -0.6  0.8  0.499906123902  9.88977021143e-05  0.499994978396  -1.0  -0.4  1.00432081133e-05   0.000197795404229  1990.0  5.8314100255   -1.31752156115  -1.91743239978
-0.2  -0.6  0.8  0.499901241787  0.000103221861163  0.499995536352  -1.0  -0.4  8.92729610071e-06   0.000206443722326  2000.0  5.80225297537  -1.31751353667  -1.91742203189
-0.2  -0.6  0.8  0.499896359672  0.000107127553207  0.499996512775  -1.0  -0.4  6.97445007909e-06   0.000214255106414  2010.0  5.77338604515  -1.31750725252  -1.91741457603
-0.2  -0.6  0.8  0.499900544342  0.000103640328167  0.49999581533   -1.0  -0.4  8.36934009372e-06   0.000207280656334  2020.0  5.74480492611  -1.31751323297  -1.91742195136
-0.2  -0.6  0.8  0.499890780112  0.000113962514283  0.499995257374  -1.0  -0.4  9.48525210643e-06   0.000227925028566  2030.0  5.71650539446  -1.31749021781  -1.91738956255
-0.2  -0.6  0.8  0.499875994278  0.000130003749465  0.499994001973  -1.0  -0.4  1.19960541357e-05   0.00026000749893   2040.0  5.68848330919  -1.31745375506  -1.91733775601
-0.2  -0.6  0.8  0.49988687442   0.000118844629339  0.499994280951  -1.0  -0.4  1.14380981289e-05   0.000237689258678  2050.0  5.66073461012  -1.31747796997  -1.91737145617
-0.2  -0.6  0.8  0.499867764427  0.000138373089559  0.499993862484  -1.0  -0.4  1.22750321388e-05   0.000276746179117  2060.0  5.6332553159   -1.31743570458  -1.91731273108
-0.2  -0.6  0.8  0.499859813553  0.000145068561634  0.499995117885  -1.0  -0.4  9.76423010937e-06   0.000290137123268  2070.0  5.6060415221   -1.31742403582  -1.91729821674
-0.2  -0.6  0.8  0.49987013574   0.000134467397515  0.499995396863  -1.0  -0.4  9.20627410349e-06   0.000268934795029  2080.0  5.5790893994   -1.3174470852   -1.91733030501
-0.2  -0.6  0.8  0.499854791949  0.000152321989716  0.499992886061  -1.0  -0.4  1.42278781602e-05   0.000304643979432  2090.0  5.55239519175  -1.31740415282  -1.91726806735
-0.2  -0.6  0.8  0.499848514944  0.00015706461577   0.49999442044   -1.0  -0.4  1.11591201259e-05   0.000314129231539  2100.0  5.52595521464  -1.31739725675  -1.91726044594
-0.2  -0.6  0.8  0.499830381374  0.000176453586987  0.499993165039  -1.0  -0.4  1.36699221543e-05   0.000352907173975  2110.0  5.49976585344  -1.3173536806   -1.91719884781
-0.2  -0.6  0.8  0.49982954444   0.000179940812026  0.499990514748  -1.0  -0.4  1.89705042129e-05   0.000359881624053  2120.0  5.47382356168  -1.31734093139  -1.91717800824
-0.2  -0.6  0.8  0.499852002169  0.00016069132981   0.499987306501  -1.0  -0.4  2.53869982851e-05   0.000321382659619  2130.0  5.44812485951  -1.31737531214  -1.91722137207
-0.2  -0.6  0.8  0.499822988457  0.000185101905085  0.499991909638  -1.0  -0.4  1.61807241816e-05   0.00037020381017   2140.0  5.42266633213  -1.31733276798  -1.91716850574
-0.2  -0.6  0.8  0.499821872545  0.000191378910155  0.499986748545  -1.0  -0.4  2.65029102979e-05   0.000382757820311  2150.0  5.39744462826  -1.3173091638   -1.91712955776
-0.2  -0.6  0.8  0.499812247804  0.000198771827239  0.499988980369  -1.0  -0.4  2.20392622481e-05   0.000397543654479  2160.0  5.37245645868  -1.31729800222  -1.9171169455
-0.2  -0.6  0.8  0.499797740948  0.000210349414369  0.499991909638  -1.0  -0.4  1.61807241816e-05   0.000420698828738  2170.0  5.34769859482  -1.3172792124   -1.91709475215
-0.2  -0.6  0.8  0.499804994376  0.000209791458363  0.499985214166  -1.0  -0.4  2.9571668334e-05    0.000419582916727  2180.0  5.32316786732  -1.31726697641  -1.91706957157
-0.2  -0.6  0.8  0.499789511097  0.000225832693544  0.49998465621   -1.0  -0.4  3.06875803457e-05   0.000451665387088  2190.0  5.29886116473  -1.31723194498  -1.91702059125
-0.2  -0.6  0.8  0.499777515042  0.000235736412655  0.499986748545  -1.0  -0.4  2.65029102988e-05   0.000471472825311  2200.0  5.27477543216  -1.31721529855  -1.91700020651
-0.2  -0.6  0.8  0.499788953141  0.000226948605557  0.499984098254  -1.0  -0.4  3.18034923583e-05   0.000453897211113  2210.0  5.25090767002  -1.31722836984  -1.91701500746
-0.2  -0.6  0.8  0.499772074971  0.00024145546172   0.499986469567  -1.0  -0.4  2.70608663047e-05   0.000482910923439  2220.0  5.22725493277  -1.31720258025  -1.91698235502
-0.2  -0.6  0.8  0.499757847093  0.000257636185902  0.499984516721  -1.0  -0.4  3.09665583495e-05   0.000515272371805  2230.0  5.20381432769  -1.31716418946  -1.91692711395
-0.2  -0.6  0.8  0.499758684027  0.000254427938866  0.499986888034  -1.0  -0.4  2.6223932296e-05    0.000508855877732  2240.0  5.18058301373  -1.3171758019   -1.91694603561
-0.2  -0.6  0.8  0.499754499357  0.000260425965934  0.499985074677  -1.0  -0.4  2.9850646336e-05    0.000520851931867  2250.0  5.15755820033  -1.31715947359  -1.91692128217
-0.2  -0.6  0.8  0.499732460095  0.000283302162191  0.499984237743  -1.0  -0.4  3.15245143555e-05   0.000566604324383  2260.0  5.13473714635  -1.31710944177  -1.91685127552
-0.2  -0.6  0.8  0.499740829435  0.000274793333096  0.499984377232  -1.0  -0.4  3.12455363526e-05   0.000549586666191  2270.0  5.11211715892  -1.31712771329  -1.91687663309
-0.2  -0.6  0.8  0.499717116305  0.00029920390837   0.499983679787  -1.0  -0.4  3.26404263672e-05   0.00059840781674   2280.0  5.08969559243  -1.31707451046  -1.9168025069
-0.2  -0.6  0.8  0.49970386485   0.000315245143551  0.499980890007  -1.0  -0.4  3.82199864298e-05   0.000630490287102  2290.0  5.06746984749  -1.3170351686   -1.9167447525
-0.2  -0.6  0.8  0.499716139882  0.000309107627481  0.499974752491  -1.0  -0.4  5.04950185683e-05   0.000618215254963  2300.0  5.04543736989  -1.31703570504  -1.91673792392
-0.2  -0.6  0.8  0.499702888427  0.000318313901586  0.499978797672  -1.0  -0.4  4.24046564786e-05   0.000636627803172  2310.0  5.02359564968  -1.31702429326  -1.91672723749
-0.2  -0.6  0.8  0.499688242081  0.000335331559777  0.499976426359  -1.0  -0.4  4.71472825314e-05   0.000670663119555  2320.0  5.00194222015  -1.31698333909  -1.91666792656
-0.2  -0.6  0.8  0.499671224423  0.000349140970933  0.499979634606  -1.0  -0.4  4.07307884589e-05   0.000698281941865  2330.0  4.98047465697  -1.31696058198  -1.91664053842
-0.2  -0.6  0.8  0.499650301073  0.000372296145193  0.499977402782  -1.0  -0.4  4.51944365087e-05   0.000744592290387  2340.0  4.95919057724  -1.31690715174  -1.91656412039
-0.2  -0.6  0.8  0.499663552528  0.000362950382088  0.49997349709   -1.0  -0.4  5.30058205968e-05   0.000725900764176  2350.0  4.93808763862  -1.31691907714  -1.91657571101
-0.2  -0.6  0.8  0.499640118376  0.000389034825382  0.499970846799  -1.0  -0.4  5.83064026562e-05   0.000778069650764  2360.0  4.91716353845  -1.31685828152  -1.91648874726
-0.2  -0.6  0.8  0.499641373777  0.000389034825382  0.499969591398  -1.0  -0.4  6.08172046846e-05   0.000778069650764  2370.0  4.89641601298  -1.31685598697  -1.9164839419
-0.2  -0.6  0.8  0.49964095531   0.000392522050421  0.49996652264   -1.0  -0.4  6.6954720754e-05    0.000785044100842  2380.0  4.87584283645  -1.31684241023  -1.91646143787
-0.2  -0.6  0.8  0.499614731378  0.000412050510642  0.499973218112  -1.0  -0.4  5.35637766036e-05   0.000824101021283  2390.0  4.8554418204   -1.31681454317  -1.91643133898
-0.2  -0.6  0.8  0.499592552626  0.000431021014855  0.499976426359  -1.0  -0.4  4.71472825314e-05   0.000862042029711  2400.0  4.83521081281  -1.31678060288  -1.91638863878
