#mu0             mu1            mu2              x0              x1              x2              mua  mub  xa                  xb              T       b              u                phi
-0.266666666667  1.03333333333  -0.766666666667  0.346398617162  0.153603196195  0.499998186643  0.5  1.3  3.62671404114e-06   0.30720639239   30.0    386.816865025  -1.00733152806   -0.373368318191
-0.266666666667  1.03333333333  -0.766666666667  0.346460131812  0.153544471326  0.499995396863  0.5  1.3  9.2062741045e-06    0.307088942651  40.0    290.112648769  -1.00766802056   -0.373554915807
-0.266666666667  1.03333333333  -0.766666666667  0.347153810616  0.152880503678  0.499965685706  0.5  1.3  6.86285887734e-05   0.305761007356  50.0    232.090119015  -1.00977701058   -0.373967301105
-0.266666666667  1.03333333333  -0.766666666667  0.347422605922  0.153166177153  0.499411216924  0.5  1.3  0.00117756615126    0.306332354307  60.0    193.408432513  -1.00976610486   -0.3752536152
-0.266666666667  1.03333333333  -0.766666666667  0.345203475396  0.154822609047  0.499973915557  0.5  1.3  5.2168886588e-05    0.309645218094  70.0    165.778656439  -1.0074920231    -0.376723557731
-0.266666666667  1.03333333333  -0.766666666667  0.345069844933  0.154930155067  0.5             0.5  1.3  0.0                 0.309860310134  80.0    145.056324384  -1.00727986833   -0.37676493817
-0.266666666667  1.03333333333  -0.766666666667  0.344276292003  0.155723707997  0.5             0.5  1.3  2.77555756156e-17   0.311447415994  90.0    128.938955008  -1.00600474819   -0.377553055645
-0.266666666667  1.03333333333  -0.766666666667  0.343538255696  0.156461744304  0.5             0.5  1.3  0.0                 0.312923488609  100.0   116.045059507  -1.00497706289   -0.37844426475
-0.266666666667  1.03333333333  -0.766666666667  0.343102771033  0.156897228967  0.5             0.5  1.3  -5.55111512313e-17  0.313794457935  110.0   105.495508643  -1.00540932831   -0.380008790296
-0.266666666667  1.03333333333  -0.766666666667  0.34301517194   0.15698482806   0.5             0.5  1.3  -2.77555756156e-17  0.313969656121  120.0   96.7042162563  -1.00563561937   -0.380462838993
-0.266666666667  1.03333333333  -0.766666666667  0.342288294753  0.157711705247  0.5             0.5  1.3  2.77555756156e-17   0.315423410495  130.0   89.2654303904  -1.00422102204   -0.380938122348
-0.266666666667  1.03333333333  -0.766666666667  0.342976812464  0.157023187536  0.5             0.5  1.3  0.0                 0.314046375071  140.0   82.8893282196  -1.0068264604    -0.381753414661
-0.266666666667  1.03333333333  -0.766666666667  0.343808585381  0.156191554108  0.499999860511  0.5  1.3  2.78978003865e-07   0.312383108217  150.0   77.363373005   -1.00956931426   -0.382334161093
-0.266666666667  1.03333333333  -0.766666666667  0.343138759195  0.156861240805  0.5             0.5  1.3  -8.32667268469e-17  0.31372248161   160.0   72.5281621922  -1.00797788853   -0.382483781292
-0.266666666667  1.03333333333  -0.766666666667  0.342783062241  0.157216937759  0.5             0.5  1.3  -8.32667268469e-17  0.314433875518  170.0   68.2617997103  -1.00707785976   -0.382508564597
-0.266666666667  1.03333333333  -0.766666666667  0.342643015284  0.157357542672  0.499999442044  0.5  1.3  1.11591201268e-06   0.314715085345  180.0   64.4694775042  -1.00669163528   -0.382488470852
-0.266666666667  1.03333333333  -0.766666666667  0.342839415798  0.157161142158  0.499999442044  0.5  1.3  1.11591201177e-06   0.314322284317  190.0   61.0763471092  -1.00719309539   -0.382479289621
-0.266666666667  1.03333333333  -0.766666666667  0.342061346147  0.157938932831  0.499999721022  0.5  1.3  5.57956006814e-07   0.315877865662  200.0   58.0225297537  -1.00521021782   -0.382518388825
-0.266666666667  1.03333333333  -0.766666666667  0.342317168976  0.157683528469  0.499999302555  0.5  1.3  1.3948900156e-06    0.315367056938  210.0   55.2595521464  -1.00602621583   -0.38267075396
-0.266666666667  1.03333333333  -0.766666666667  0.342797429608  0.157203825793  0.499998744599  0.5  1.3  2.51080202826e-06   0.314407651585  220.0   52.7477543216  -1.00764998331   -0.383047852437
-0.266666666667  1.03333333333  -0.766666666667  0.342583871947  0.157417662432  0.499998465621  0.5  1.3  3.06875803421e-06   0.314835324864  230.0   50.4543736989  -1.00724312663   -0.383197250002
-0.266666666667  1.03333333333  -0.766666666667  0.342668123304  0.15733271363   0.499999163066  0.5  1.3  1.67386801855e-06   0.31466542726   240.0   48.3521081281  -1.00752046023   -0.383253019268
-0.266666666667  1.03333333333  -0.766666666667  0.342615256972  0.157387393319  0.499997349709  0.5  1.3  5.30058205955e-06   0.314774786638  250.0   46.418023803   -1.00734654831   -0.383223087901
-0.266666666667  1.03333333333  -0.766666666667  0.342523612698  0.157503448168  0.499972939134  0.5  1.3  5.41217326094e-05   0.315006896336  260.0   44.6327151952  -1.006991182     -0.38319387477
-0.266666666667  1.03333333333  -0.766666666667  0.347399729726  0.152602781076  0.499997489198  0.5  1.3  5.02160405658e-06   0.305205562152  270.0   42.9796516694  -1.0218963572    -0.385332765461
-0.266666666667  1.03333333333  -0.766666666667  0.351508378267  0.148491621733  0.5             0.5  1.3  5.55111512313e-17   0.296983243465  280.0   41.4446641098  -1.03575888489   -0.388503768066
-0.266666666667  1.03333333333  -0.766666666667  0.351484107181  0.148515892819  0.5             0.5  1.3  2.77555756156e-17   0.297031785638  290.0   40.0155377612  -1.03568388951   -0.38849187751
-0.266666666667  1.03333333333  -0.766666666667  0.351459278139  0.148540721861  0.5             0.5  1.3  2.77555756156e-17   0.297081443722  300.0   38.6816865025  -1.03560826153   -0.388480805031
-0.266666666667  1.03333333333  -0.766666666667  0.351430403916  0.148569735573  0.499999860511  0.5  1.3  2.78978002893e-07   0.297139471147  310.0   37.4338901637  -1.03552057846   -0.388468697108
-0.266666666667  1.03333333333  -0.766666666667  0.351374189848  0.148626507597  0.499999302555  0.5  1.3  1.39489001547e-06   0.297253015194  320.0   36.2640810961  -1.03534415035   -0.388440434213
-0.266666666667  1.03333333333  -0.766666666667  0.351344478691  0.14865677671   0.499998744599  0.5  1.3  2.51080202729e-06   0.297313553421  330.0   35.1651695477  -1.03525038182   -0.388425923334
-0.266666666667  1.03333333333  -0.766666666667  0.351271107476  0.148729171502  0.499999721022  0.5  1.3  5.57956005842e-07   0.297458343005  340.0   34.1308998551  -1.03503037187   -0.388393163417
-0.266666666667  1.03333333333  -0.766666666667  0.351242372741  0.148758743171  0.499998884088  0.5  1.3  2.23182402531e-06   0.297517486341  350.0   33.1557312879  -1.03493978637   -0.388380301191
-0.266666666667  1.03333333333  -0.766666666667  0.351163979923  0.148837275479  0.499998744599  0.5  1.3  2.51080202732e-06   0.297674550957  360.0   32.2347387521  -1.03469324598   -0.388338084294
-0.266666666667  1.03333333333  -0.766666666667  0.351087679439  0.148915110341  0.49999721022   0.5  1.3  5.57956006247e-06   0.297830220683  370.0   31.3635295966  -1.03445335147   -0.388302094808
-0.266666666667  1.03333333333  -0.766666666667  0.350941215987  0.149061713282  0.499997070731  0.5  1.3  5.85853806648e-06   0.298123426564  380.0   30.5381735546  -1.03400412093   -0.388234171402
-0.266666666667  1.03333333333  -0.766666666667  0.350854593317  0.14914861493   0.499996791753  0.5  1.3  6.41649407232e-06   0.29829722986   390.0   29.7551434635  -1.03373226212   -0.388188535851
-0.266666666667  1.03333333333  -0.766666666667  0.350711756579  0.149294799404  0.499993444017  0.5  1.3  1.31119661474e-05   0.298589598807  400.0   29.0112648769  -1.03327738223   -0.388117083334
-0.266666666667  1.03333333333  -0.766666666667  0.350602536691  0.149406251116  0.499991212193  0.5  1.3  1.75756141972e-05   0.298812502232  410.0   28.3036730506  -1.03292459911   -0.388056306484
-0.266666666667  1.03333333333  -0.766666666667  0.350399859172  0.149613252794  0.499986888034  0.5  1.3  2.6223932296e-05    0.299226505588  420.0   27.6297760732  -1.03226469983   -0.387938935733
-0.266666666667  1.03333333333  -0.766666666667  0.350285338702  0.149731121001  0.499983540298  0.5  1.3  3.29194043711e-05   0.299462242001  430.0   26.9872231413  -1.03190469734   -0.387888738312
-0.266666666667  1.03333333333  -0.766666666667  0.350098004973  0.149922499911  0.499979495117  0.5  1.3  4.1009766462e-05    0.299844999821  440.0   26.3738771608  -1.0312985469    -0.387784218214
-0.266666666667  1.03333333333  -0.766666666667  0.349815958211  0.150219890462  0.499964151327  0.5  1.3  7.16973468076e-05   0.300439780924  450.0   25.7877910017  -1.03035249648   -0.387626727023
-0.266666666667  1.03333333333  -0.766666666667  0.349675353298  0.150361890266  0.499962756437  0.5  1.3  7.44871268399e-05   0.300723780531  460.0   25.2271868495  -1.02989604801   -0.387540872928
-0.266666666667  1.03333333333  -0.766666666667  0.349383542306  0.150666673734  0.499949783959  0.5  1.3  0.000100432081131   0.301333347468  470.0   24.6904381931  -1.02894239747   -0.387392631884
-0.266666666667  1.03333333333  -0.766666666667  0.349051697972  0.151005910986  0.499942391042  0.5  1.3  0.000115217915298   0.302011821972  480.0   24.1760540641  -1.02785869027   -0.387198334458
-0.266666666667  1.03333333333  -0.766666666667  0.348904676564  0.151172042387  0.499923281049  0.5  1.3  0.000153437901728   0.302344084774  490.0   23.6826652056  -1.02730198381   -0.387092679635
-0.266666666667  1.03333333333  -0.766666666667  0.348604775211  0.15149286709   0.499902357699  0.5  1.3  0.0001952846022     0.302985734181  500.0   23.2090119015  -1.02623480048   -0.386880563881
-0.266666666667  1.03333333333  -0.766666666667  0.348180868135  0.151926817374  0.499892314491  0.5  1.3  0.000215371018426   0.303853634749  510.0   22.7539332368  -1.02489270746   -0.386676784812
-0.266666666667  1.03333333333  -0.766666666667  0.348076251384  0.152049288718  0.499874459899  0.5  1.3  0.000251080202828   0.304098577435  520.0   22.3163575976  -1.02446061099   -0.386580968422
-0.266666666667  1.03333333333  -0.766666666667  0.347749986609  0.152406101584  0.499843911807  0.5  1.3  0.000312176385516   0.304812203167  530.0   21.8952942467  -1.02328915902   -0.386367778001
-0.266666666667  1.03333333333  -0.766666666667  0.347435020444  0.152762356494  0.499802623063  0.5  1.3  0.000394753874446   0.305524712987  540.0   21.4898258347  -1.02208255416   -0.386128724645
-0.266666666667  1.03333333333  -0.766666666667  0.347172781121  0.153061002446  0.499766216433  0.5  1.3  0.000467567133268   0.306122004892  550.0   21.0991017286  -1.02108595998   -0.385945016571
-0.266666666667  1.03333333333  -0.766666666667  0.346621381097  0.153666663691  0.499711955212  0.5  1.3  0.000576089576488   0.307333327382  560.0   20.7223320549  -1.0190577648    -0.385545801851
-0.266666666667  1.03333333333  -0.766666666667  0.346350353967  0.154001716273  0.49964792976   0.5  1.3  0.000704140479932   0.308003432545  570.0   20.3587823697  -1.01789130727   -0.385314506488
-0.266666666667  1.03333333333  -0.766666666667  0.346151024184  0.154221829917  0.499627145899  0.5  1.3  0.000745708202399   0.308443659834  580.0   20.0077688806  -1.01709718879   -0.38511346734
-0.266666666667  1.03333333333  -0.766666666667  0.345919751419  0.154534564259  0.499545684322  0.5  1.3  0.000908631356235   0.309069128517  590.0   19.6686541538  -1.0159868006    -0.38489765002
-0.266666666667  1.03333333333  -0.766666666667  0.345730743822  0.154765976512  0.499503279665  0.5  1.3  0.00099344066919    0.309531953025  600.0   19.3408432512  -1.01513926464   -0.384694190575
-0.266666666667  1.03333333333  -0.766666666667  0.345352310161  0.155245121233  0.499402568606  0.5  1.3  0.00119486278746    0.310490242465  610.0   19.0237802471  -1.01346267236   -0.38436408563
-0.266666666667  1.03333333333  -0.766666666667  0.345204172841  0.155444451016  0.499351376143  0.5  1.3  0.00129724771461    0.310888902032  620.0   18.7169450819  -1.01265156459   -0.384122427758
-0.266666666667  1.03333333333  -0.766666666667  0.345039994287  0.155686185456  0.499273820258  0.5  1.3  0.00145235948436    0.311372370911  630.0   18.4198507155  -1.01173681672   -0.383913745311
-0.266666666667  1.03333333333  -0.766666666667  0.344791564375  0.156040905987  0.499167529639  0.5  1.3  0.00166494072275    0.312081811973  640.0   18.132040548   -1.01038642447   -0.383591917066
-0.266666666667  1.03333333333  -0.766666666667  0.344494731779  0.156481412254  0.499023855967  0.5  1.3  0.00195228806599    0.312962824507  650.0   17.8530860781  -1.00865682304   -0.383151305603
-0.266666666667  1.03333333333  -0.766666666667  0.344665605806  0.156335367269  0.498999026925  0.5  1.3  0.00200194615055    0.312670734538  660.0   17.5825847739  -1.00902494011   -0.383164534754
-0.266666666667  1.03333333333  -0.766666666667  0.344409225021  0.156675022988  0.498915751991  0.5  1.3  0.00216849601843    0.313350045976  670.0   17.3201581354  -1.00776007637   -0.382866050809
-0.266666666667  1.03333333333  -0.766666666667  0.344248533692  0.156969205292  0.498782261016  0.5  1.3  0.00243547796743    0.313938410584  680.0   17.0654499276  -1.00656311524   -0.382567454647
-0.266666666667  1.03333333333  -0.766666666667  0.344261645658  0.157135615671  0.498602738671  0.5  1.3  0.00279452265748    0.314271231342  690.0   16.8181245663  -1.00575377798   -0.382370306716
-0.266666666667  1.03333333333  -0.766666666667  0.344167351093  0.157297143935  0.498535504973  0.5  1.3  0.00292899005499    0.31459428787   700.0   16.5778656439  -1.00501009123   -0.382113827153
-0.266666666667  1.03333333333  -0.766666666667  0.34415103088   0.157488522845  0.498360446276  0.5  1.3  0.00327910744894    0.31497704569   710.0   16.3443745785  -1.0040571217    -0.381833501492
-0.266666666667  1.03333333333  -0.766666666667  0.344031767783  0.157707799555  0.498260432661  0.5  1.3  0.00347913467719    0.315415599111  720.0   16.117369376   -1.00318510893   -0.381631621775
-0.266666666667  1.03333333333  -0.766666666667  0.344156889418  0.157737371224  0.498105739359  0.5  1.3  0.00378852128267    0.315474742448  730.0   15.8965834942  -1.00266842547   -0.381346517956
-0.266666666667  1.03333333333  -0.766666666667  0.344165258758  0.157872954533  0.497961786709  0.5  1.3  0.00407642658192    0.315745909067  740.0   15.6817647983  -1.00201138521   -0.381185946951
-0.266666666667  1.03333333333  -0.766666666667  0.343996616555  0.158235625937  0.497767757508  0.5  1.3  0.00446448498429    0.316471251875  750.0   15.472674601   -1.0005079247    -0.380819461293
-0.266666666667  1.03333333333  -0.766666666667  0.344156331462  0.158161696767  0.497681971772  0.5  1.3  0.00463605645622    0.316323393533  760.0   15.2690867773  -1.0005303734    -0.380735479892
-0.266666666667  1.03333333333  -0.766666666667  0.344144893363  0.158351680787  0.49750342585   0.5  1.3  0.00499314830024    0.316703361573  770.0   15.070786949   -0.999459438707  -0.380337049569
-0.266666666667  1.03333333333  -0.766666666667  0.344288009079  0.158467038191  0.49724495273   0.5  1.3  0.00551009454007    0.316934076382  780.0   14.8775717317  -0.998662450535  -0.380098463768
-0.266666666667  1.03333333333  -0.766666666667  0.344309211407  0.158512372116  0.497178416476  0.5  1.3  0.00564316704756    0.317024744233  790.0   14.6892480389  -0.99831769781   -0.379938115504
-0.266666666667  1.03333333333  -0.766666666667  0.344316883302  0.158799440482  0.496883676216  0.5  1.3  0.00623264756821    0.317598880963  800.0   14.5056324384  -0.996866337885  -0.379527873589
-0.266666666667  1.03333333333  -0.766666666667  0.344435448954  0.158917727155  0.496646823891  0.5  1.3  0.00670635221754    0.31783545431   810.0   14.3265505565  -0.996000151454  -0.379206084832
-0.266666666667  1.03333333333  -0.766666666667  0.377057462773  0.196046212148  0.426896325079  0.5  1.3  0.146207349843      0.392092424297  820.0   14.1518365253  -0.847508925627  -0.396999418801
-0.266666666667  1.03333333333  -0.766666666667  0.391120883401  0.212550690303  0.396328426296  0.5  1.3  0.207343147408      0.425101380606  830.0   13.9813324708  -0.781653496392  -0.404623531551
-0.266666666667  1.03333333333  -0.766666666667  0.391003294172  0.212684599745  0.396312106083  0.5  1.3  0.207375787834      0.425369199489  840.0   13.8148880366  -0.781132123675  -0.404466643594
-0.266666666667  1.03333333333  -0.766666666667  0.390796013516  0.212877094567  0.396326891917  0.5  1.3  0.207346216166      0.425754189134  850.0   13.6523599421  -0.780393452163  -0.404213672786
-0.266666666667  1.03333333333  -0.766666666667  0.390674658085  0.213000681822  0.396324660093  0.5  1.3  0.207350679814      0.426001363644  860.0   13.4936115706  -0.779825112965  -0.403968892276
-0.266666666667  1.03333333333  -0.766666666667  0.390597799645  0.213131661995  0.396270538361  0.5  1.3  0.207458923279      0.426263323989  870.0   13.3385125871  -0.779260945712  -0.403799395205
-0.266666666667  1.03333333333  -0.766666666667  0.390503086613  0.213180204167  0.39631670922   0.5  1.3  0.20736658156       0.426360408335  880.0   13.1869385804  -0.778867718737  -0.403486207018
-0.266666666667  1.03333333333  -0.766666666667  0.390347695865  0.213301838577  0.396350465558  0.5  1.3  0.207299068883      0.426603677153  890.0   13.0387707312  -0.778386453311  -0.403287434718
-0.266666666667  1.03333333333  -0.766666666667  0.390083922163  0.21353604061   0.396380037227  0.5  1.3  0.207239925546      0.427072081221  900.0   12.8938955008  -0.777525763294  -0.40300609832
-0.266666666667  1.03333333333  -0.766666666667  0.390015014596  0.213704543324  0.39628044208   0.5  1.3  0.207439115841      0.427409086648  910.0   12.7522043415  -0.776778684915  -0.402796722145
-0.266666666667  1.03333333333  -0.766666666667  0.389857392024  0.213757409656  0.39638519832   0.5  1.3  0.20722960336       0.427514819312  920.0   12.6135934247  -0.776515876829  -0.402566610281
-0.266666666667  1.03333333333  -0.766666666667  0.389763794904  0.213941535138  0.396294669958  0.5  1.3  0.207410660084      0.427883070276  930.0   12.4779633879  -0.775716426341  -0.402336414409
-0.266666666667  1.03333333333  -0.766666666667  0.389484119456  0.214236275398  0.396279605146  0.5  1.3  0.207440789709      0.428472550796  940.0   12.3452190965  -0.77462152289   -0.402022900446
-0.266666666667  1.03333333333  -0.766666666667  0.389450363118  0.214314110261  0.396235526621  0.5  1.3  0.207528946758      0.428628220522  950.0   12.2152694218  -0.774227402358  -0.401875229083
-0.266666666667  1.03333333333  -0.766666666667  0.389243779906  0.214587787682  0.396168432411  0.5  1.3  0.207663135177      0.429175575364  960.0   12.088027032   -0.772980955329  -0.401407437558
-0.266666666667  1.03333333333  -0.766666666667  0.389089923538  0.214700215817  0.396209860645  0.5  1.3  0.20758027871       0.429400431635  970.0   11.9634081967  -0.772591028865  -0.401268396012
-0.266666666667  1.03333333333  -0.766666666667  0.388936067169  0.214929535736  0.396134397095  0.5  1.3  0.20773120581       0.429859071472  980.0   11.8413326028  -0.771626817012  -0.400975879498
-0.266666666667  1.03333333333  -0.766666666667  0.388763240296  0.21500444133   0.396232318374  0.5  1.3  0.207535363252      0.43000888266   990.0   11.7217231826  -0.77114302875   -0.4005889245
-0.266666666667  1.03333333333  -0.766666666667  0.388566002848  0.215338238511  0.396095758642  0.5  1.3  0.207808482717      0.430676477021  1000.0  11.6045059507  -0.769819390404  -0.400269718557
-0.266666666667  1.03333333333  -0.766666666667  0.388461804564  0.215406030165  0.396132165271  0.5  1.3  0.207735669458      0.430812060331  1010.0  11.4896098522  -0.769598694877  -0.400188874703
-0.266666666667  1.03333333333  -0.766666666667  0.388212677207  0.215742477637  0.396044845156  0.5  1.3  0.207910309688      0.431484955274  1020.0  11.3769666184  -0.768044494777  -0.399596758144
-0.266666666667  1.03333333333  -0.766666666667  0.388208213559  0.215804689732  0.395987096709  0.5  1.3  0.208025806581      0.431609379464  1030.0  11.2665106318  -0.767671064085  -0.399442827345
-0.266666666667  1.03333333333  -0.766666666667  0.388022414209  0.215955058876  0.396022526916  0.5  1.3  0.207954946168      0.431910117751  1040.0  11.1581787988  -0.767010023024  -0.399137315851
-0.266666666667  1.03333333333  -0.766666666667  0.387944160879  0.215933717058  0.396122122063  0.5  1.3  0.207755755874      0.431867434117  1050.0  11.0519104293  -0.767016492872  -0.398988701827
-0.266666666667  1.03333333333  -0.766666666667  0.387720141542  0.216379384418  0.395900474039  0.5  1.3  0.208199051921      0.432758768837  1060.0  10.9476471233  -0.765170647717  -0.398523239832
-0.266666666667  1.03333333333  -0.766666666667  0.387394713702  0.216776230628  0.395829055671  0.5  1.3  0.208341888659      0.433552461256  1070.0  10.8453326643  -0.763553134324  -0.398008944952
-0.266666666667  1.03333333333  -0.766666666667  0.387452462148  0.216758655014  0.395788882838  0.5  1.3  0.208422234324      0.433517310027  1080.0  10.7449129174  -0.763445173703  -0.397895460567
-0.266666666667  1.03333333333  -0.766666666667  0.387216028291  0.21697012034   0.395813851369  0.5  1.3  0.208372297261      0.43394024068   1090.0  10.6463357346  -0.762523834451  -0.397498962632
-0.266666666667  1.03333333333  -0.766666666667  0.387114898764  0.217220503098  0.395664598138  0.5  1.3  0.208670803724      0.434441006196  1100.0  10.5495508643  -0.761286678148  -0.397062054731
-0.266666666667  1.03333333333  -0.766666666667  0.386850567106  0.217343253419  0.395806179474  0.5  1.3  0.208387641051      0.434686506838  1110.0  10.4545098655  -0.760738917432  -0.396691863514
-0.266666666667  1.03333333333  -0.766666666667  0.38690036468   0.217409092228  0.395690543092  0.5  1.3  0.208618913816      0.434818184456  1120.0  10.3611660275  -0.760270977301  -0.396510740668
-0.266666666667  1.03333333333  -0.766666666667  0.386495567597  0.217809286173  0.395695146229  0.5  1.3  0.208609707542      0.435618572347  1130.0  10.2694742927  -0.758532453391  -0.39580811788
-0.266666666667  1.03333333333  -0.766666666667  0.386499612779  0.217996201436  0.395504185786  0.5  1.3  0.208991628428      0.435992402871  1140.0  10.1793911849  -0.757687662921  -0.395640267534
-0.266666666667  1.03333333333  -0.766666666667  0.386268618992  0.218302519283  0.395428861725  0.5  1.3  0.20914227655       0.436605038566  1150.0  10.0908747398  -0.756423800814  -0.395248155892
-0.266666666667  1.03333333333  -0.766666666667  0.386127177144  0.218630597415  0.395242225441  0.5  1.3  0.209515549118      0.437261194829  1160.0  10.0038844403  -0.754851695807  -0.39471569031
-0.266666666667  1.03333333333  -0.766666666667  0.385920593933  0.218899253232  0.395180152835  0.5  1.3  0.209639694329      0.437798506463  1170.0  9.91838115449  -0.753861916921  -0.394486489154
-0.266666666667  1.03333333333  -0.766666666667  0.385706617805  0.21909230601   0.395201076186  0.5  1.3  0.209597847629      0.43818461202   1180.0  9.83432707691  -0.752798518926  -0.393904105033
-0.266666666667  1.03333333333  -0.766666666667  0.385714568678  0.219147264676  0.395138166646  0.5  1.3  0.209723666708      0.438294529353  1190.0  9.7516856729   -0.75209615879   -0.39340754697
-0.266666666667  1.03333333333  -0.766666666667  0.385439914834  0.219487199373  0.395072885793  0.5  1.3  0.209854228414      0.438974398747  1200.0  9.67042162562  -0.750820820337  -0.393081319581
-0.266666666667  1.03333333333  -0.766666666667  0.385359290191  0.219611902541  0.395028807269  0.5  1.3  0.209942385463      0.439223805081  1210.0  9.59050078574  -0.749945252194  -0.392574058198
-0.266666666667  1.03333333333  -0.766666666667  0.385248256945  0.219737303153  0.395014439901  0.5  1.3  0.209971120197      0.439474606306  1220.0  9.51189012357  -0.749172461367  -0.39214167633
-0.266666666667  1.03333333333  -0.766666666667  0.385077103941  0.220155212202  0.394767683858  0.5  1.3  0.210464632285      0.440310424404  1230.0  9.43455768354  -0.747456226468  -0.391758761002
-0.266666666667  1.03333333333  -0.766666666667  0.384968302519  0.220164278987  0.394867418494  0.5  1.3  0.210265163012      0.440328557974  1240.0  9.35847254093  -0.746937526923  -0.391163900462
-0.266666666667  1.03333333333  -0.766666666667  0.38482992943   0.220442420056  0.394727650514  0.5  1.3  0.210544698972      0.440884840112  1250.0  9.2836047606   -0.7455880656    -0.390677373898
-0.266666666667  1.03333333333  -0.766666666667  0.384650546574  0.220620826489  0.394728626937  0.5  1.3  0.210542746126      0.441241652978  1260.0  9.20992535774  -0.744718687305  -0.390270875906
-0.266666666667  1.03333333333  -0.766666666667  0.384571037843  0.22084568276   0.394583279398  0.5  1.3  0.210833441205      0.441691365519  1270.0  9.13740626043  -0.743314969526  -0.38959713197
-0.266666666667  1.03333333333  -0.766666666667  0.38432972187   0.221203193071  0.394467085059  0.5  1.3  0.211065829881      0.442406386141  1280.0  9.06602027402  -0.741839047126  -0.389166930717
-0.266666666667  1.03333333333  -0.766666666667  0.384217154246  0.221489982458  0.394292863296  0.5  1.3  0.211414273407      0.442979964916  1290.0  8.99574104709  -0.740495867899  -0.388743625659
-0.266666666667  1.03333333333  -0.766666666667  0.384124952016  0.22139471147   0.394480336514  0.5  1.3  0.211039326971      0.44278942294   1300.0  8.92654303904  -0.740343611126  -0.3881561911
-0.266666666667  1.03333333333  -0.766666666667  0.383944034781  0.221806901469  0.39424906375   0.5  1.3  0.2115018725        0.443613802939  1310.0  8.85840148912  -0.738456909029  -0.387572455766
-0.266666666667  1.03333333333  -0.766666666667  0.383624465478  0.222135537557  0.394239996965  0.5  1.3  0.211520006071      0.444271075114  1320.0  8.79129238693  -0.7366573645    -0.38663643185
-0.266666666667  1.03333333333  -0.766666666667  0.383629208104  0.222322173841  0.394048618055  0.5  1.3  0.211902763891      0.444644347682  1330.0  8.72519244417  -0.735286475686  -0.385942176285
-0.266666666667  1.03333333333  -0.766666666667  0.383361389221  0.222479238457  0.394159372322  0.5  1.3  0.211681255356      0.444958476914  1340.0  8.66007906772  -0.73412408979   -0.385077404123
-0.266666666667  1.03333333333  -0.766666666667  0.383302245885  0.222870226128  0.393827527987  0.5  1.3  0.212344944026      0.445740452257  1350.0  8.59593033389  -0.732725362078  -0.385027088691
-0.266666666667  1.03333333333  -0.766666666667  0.383241707658  0.222823078846  0.393935213496  0.5  1.3  0.212129573007      0.445646157692  1360.0  8.53272496379  -0.732106204838  -0.384177663008
-0.266666666667  1.03333333333  -0.766666666667  0.383003460443  0.223331934724  0.393664604833  0.5  1.3  0.212670790334      0.446663869447  1370.0  8.47044229982  -0.729759188964  -0.383424281078
-0.266666666667  1.03333333333  -0.766666666667  0.382872759249  0.223475887373  0.393651353378  0.5  1.3  0.212697293244      0.446951774746  1380.0  8.40906228315  -0.728285776921  -0.38233839738
-0.266666666667  1.03333333333  -0.766666666667  0.382817661093  0.223480769488  0.393701569419  0.5  1.3  0.212596861163      0.446961538977  1390.0  8.34856543219  -0.728073073872  -0.38208817179
-0.266666666667  1.03333333333  -0.766666666667  0.382467125232  0.224013756963  0.393519117805  0.5  1.3  0.212961764391      0.448027513927  1400.0  8.28893282196  -0.725653471637  -0.381236788603
-0.266666666667  1.03333333333  -0.766666666667  0.382523199811  0.224088104601  0.393388695588  0.5  1.3  0.213222608824      0.448176209202  1410.0  8.23014606436  -0.724420882531  -0.380327925572
-0.266666666667  1.03333333333  -0.766666666667  0.382242687429  0.224352017792  0.393405294779  0.5  1.3  0.213189410441      0.448704035584  1420.0  8.17218728926  -0.72294480709   -0.379521425237
-0.266666666667  1.03333333333  -0.766666666667  0.382123982288  0.224553021443  0.393322996268  0.5  1.3  0.213354007463      0.449106042887  1430.0  8.1150391264   -0.721471459228  -0.378652985379
-0.266666666667  1.03333333333  -0.766666666667  0.38209441062   0.224402373322  0.393503216058  0.5  1.3  0.212993567883      0.448804746643  1440.0  8.05868468802  -0.721717128102  -0.378326749347
-0.266666666667  1.03333333333  -0.766666666667  0.381907076891  0.224961026773  0.393131896336  0.5  1.3  0.213736207328      0.449922053546  1450.0  8.00310755224  -0.719350967887  -0.377784407827
-0.266666666667  1.03333333333  -0.766666666667  0.381817524952  0.225020030621  0.393162444428  0.5  1.3  0.213675111145      0.450040061241  1460.0  7.94829174709  -0.718188704576  -0.376745006429
-0.266666666667  1.03333333333  -0.766666666667  0.381609686339  0.225249071561  0.393141242099  0.5  1.3  0.213717515801      0.450498143122  1470.0  7.8942217352   -0.716450391641  -0.375623402267
-0.266666666667  1.03333333333  -0.766666666667  0.381538546949  0.225501686143  0.392959766908  0.5  1.3  0.214080466183      0.451003372286  1480.0  7.84088239916  -0.714672322758  -0.374683606488
-0.266666666667  1.03333333333  -0.766666666667  0.381220930492  0.22569766819   0.393081401318  0.5  1.3  0.213837197365      0.451395336381  1490.0  7.78825902735  -0.713338899483  -0.373738102127
-0.266666666667  1.03333333333  -0.766666666667  0.381306855717  0.225977343638  0.392715800645  0.5  1.3  0.214568398711      0.451954687277  1500.0  7.7363373005   -0.7113919356    -0.372883895082
-0.266666666667  1.03333333333  -0.766666666667  0.381143235118  0.226184484806  0.392672280076  0.5  1.3  0.214655439848      0.452368969611  1510.0  7.68510327864  -0.709315709079  -0.371389756164
-0.266666666667  1.03333333333  -0.766666666667  0.38091252031   0.226308630017  0.392778849673  0.5  1.3  0.214442300653      0.452617260034  1520.0  7.63454338865  -0.707959743786  -0.370249998824
-0.266666666667  1.03333333333  -0.766666666667  0.380951856208  0.226451885222  0.39259625857   0.5  1.3  0.21480748286       0.452903770444  1530.0  7.58464441225  -0.706794432343  -0.369639742016
-0.266666666667  1.03333333333  -0.766666666667  0.380678736743  0.226884301127  0.39243696213   0.5  1.3  0.215126075739      0.453768602253  1540.0  7.53539347451  -0.704504132318  -0.368633019783
-0.266666666667  1.03333333333  -0.766666666667  0.380668414557  0.22687118916   0.392460396283  0.5  1.3  0.215079207435      0.453742378321  1550.0  7.48677803274  -0.704048366687  -0.368119728888
-0.266666666667  1.03333333333  -0.766666666667  0.380513860743  0.227317274988  0.392168864269  0.5  1.3  0.215662271461      0.454634549975  1560.0  7.43878586587  -0.701127930124  -0.366650647488
-0.266666666667  1.03333333333  -0.766666666667  0.380376185099  0.227280868358  0.392342946543  0.5  1.3  0.215314106913      0.454561736716  1570.0  7.39140506417  -0.700262938065  -0.365516915919
-0.266666666667  1.03333333333  -0.766666666667  0.380244507481  0.227268593326  0.392486899193  0.5  1.3  0.215026201614      0.454537186652  1580.0  7.34462401946  -0.699721090305  -0.364799200426
-0.266666666667  1.03333333333  -0.766666666667  0.38019010677   0.227606296199  0.392203597031  0.5  1.3  0.215592805938      0.455212592398  1590.0  7.29843141557  -0.697462982121  -0.363702421873
-0.266666666667  1.03333333333  -0.766666666667  0.380081305349  0.227708262659  0.392210431992  0.5  1.3  0.215579136016      0.455416525318  1600.0  7.25281621922  -0.69522786078   -0.361725578368
-0.266666666667  1.03333333333  -0.766666666667  0.379933307519  0.228053637427  0.392013055055  0.5  1.3  0.215973889891      0.456107274854  1610.0  7.20776767127  -0.692756118362  -0.360349187284
-0.266666666667  1.03333333333  -0.766666666667  0.379732164378  0.228238739332  0.39202909629   0.5  1.3  0.21594180742       0.456477478664  1620.0  7.16327527824  -0.691492662404  -0.359550955043
-0.266666666667  1.03333333333  -0.766666666667  0.379637311857  0.228453691883  0.391908996259  0.5  1.3  0.216182007481      0.456907383767  1630.0  7.11932880414  -0.689328285512  -0.358065554816
-0.266666666667  1.03333333333  -0.766666666667  0.379776382392  0.228273611582  0.391950006026  0.5  1.3  0.216099987948      0.456547223165  1640.0  7.07591826265  -0.68923192195   -0.357459972705
-0.266666666667  1.03333333333  -0.766666666667  0.37949029045   0.228815665842  0.391694043708  0.5  1.3  0.216611912584      0.457631331685  1650.0  7.03303390954  -0.685096957659  -0.354990311807
-0.266666666667  1.03333333333  -0.766666666667  0.379538832622  0.228753732726  0.391707434652  0.5  1.3  0.216585130696      0.457507465451  1660.0  6.99066623539  -0.685358356696  -0.355077293797
-0.266666666667  1.03333333333  -0.766666666667  0.379239907692  0.229310712309  0.391449379999  0.5  1.3  0.217101240001      0.458621424618  1670.0  6.94880595853  -0.681042662007  -0.352467800677
-0.266666666667  1.03333333333  -0.766666666667  0.378534790789  0.228632656272  0.392832552939  0.5  1.3  0.214334894122      0.457265312545  1680.0  6.9074440183   -0.677750314784  -0.34602933482
-0.266666666667  1.03333333333  -0.766666666667  0.377828000018  0.228330523095  0.393841476887  0.5  1.3  0.212317046226      0.45666104619   1690.0  6.86657156849  -0.671459260211  -0.337943810038
-0.266666666667  1.03333333333  -0.766666666667  0.378174351209  0.228291466174  0.393534182617  0.5  1.3  0.212931634766      0.456582932349  1700.0  6.82617997103  -0.672945836166  -0.339636132269
-0.266666666667  1.03333333333  -0.766666666667  0.377031936286  0.227719003312  0.395249060402  0.5  1.3  0.209501879196      0.455438006624  1710.0  6.78626078991  -0.663500233585  -0.326987248461
-0.266666666667  1.03333333333  -0.766666666667  0.375678474504  0.226020724718  0.398300800778  0.5  1.3  0.203398398443      0.452041449436  1720.0  6.74680578532  -0.655979603908  -0.311999354063
-0.266666666667  1.03333333333  -0.766666666667  0.375795226798  0.226280453239  0.397924319963  0.5  1.3  0.204151360074      0.452560906478  1730.0  6.70780690795  -0.653938610886  -0.311010136011
-0.266666666667  1.03333333333  -0.766666666667  0.37594308514   0.226987522988  0.397069391873  0.5  1.3  0.205861216255      0.453975045976  1740.0  6.66925629353  -0.653690705909  -0.313455540472
-0.266666666667  1.03333333333  -0.766666666667  0.375615564964  0.226307932572  0.398076502464  0.5  1.3  0.203846995072      0.452615865144  1750.0  6.63114625757  -0.651564621812  -0.308555410703
-0.266666666667  1.03333333333  -0.766666666667  0.375703443035  0.226300539655  0.39799601731   0.5  1.3  0.20400796538       0.45260107931   1760.0  6.5934692902   -0.650992701533  -0.308044753993
-0.266666666667  1.03333333333  -0.766666666667  0.375846419262  0.226640613841  0.397512966898  0.5  1.3  0.204974066205      0.453281227682  1770.0  6.55621805127  -0.649196723266  -0.307616019022
-0.266666666667  1.03333333333  -0.766666666667  0.375877246331  0.227082096531  0.397040657138  0.5  1.3  0.205918685723      0.454164193062  1780.0  6.51938536559  -0.647824072869  -0.307863533378
-0.266666666667  1.03333333333  -0.766666666667  0.375798993001  0.227246972531  0.396954034468  0.5  1.3  0.206091931063      0.454493945061  1790.0  6.4829642183   -0.645976883142  -0.306531643921
-0.266666666667  1.03333333333  -0.766666666667  0.375795087309  0.226692922216  0.397511990475  0.5  1.3  0.204976019051      0.453385844433  1800.0  6.44694775042  -0.647926284524  -0.306482558479
-0.266666666667  1.03333333333  -0.766666666667  0.375884639248  0.227231907719  0.396883453033  0.5  1.3  0.206233093933      0.454463815437  1810.0  6.41132925456  -0.645255127283  -0.305841300985
-0.266666666667  1.03333333333  -0.766666666667  0.375973493742  0.227261897854  0.396764608404  0.5  1.3  0.206470783192      0.454523795708  1820.0  6.37610217074  -0.644333541846  -0.305116534529
-0.266666666667  1.03333333333  -0.766666666667  0.376104892381  0.227488009525  0.396407098093  0.5  1.3  0.207185803814      0.454976019051  1830.0  6.34126008238  -0.642936781075  -0.304665174414
-0.266666666667  1.03333333333  -0.766666666667  0.376183424689  0.227733091701  0.396083483609  0.5  1.3  0.207833032781      0.455466183402  1840.0  6.30679671236  -0.641527645923  -0.304216867404
-0.266666666667  1.03333333333  -0.766666666667  0.376211740957  0.227713144774  0.396075114269  0.5  1.3  0.207849771461      0.455426289548  1850.0  6.27270591932  -0.641114077446  -0.303759806256
-0.266666666667  1.03333333333  -0.766666666667  0.376227363725  0.22765218808   0.396120448195  0.5  1.3  0.20775910361       0.455304376161  1860.0  6.23898169395  -0.640733903021  -0.303175810502
-0.266666666667  1.03333333333  -0.766666666667  0.376197792056  0.228060332899  0.395741875045  0.5  1.3  0.208516249911      0.456120665798  1870.0  6.20561815548  -0.638702773841  -0.302584431001
-0.266666666667  1.03333333333  -0.766666666667  0.376187609359  0.227851378375  0.395961012266  0.5  1.3  0.208077975468      0.455702756749  1880.0  6.17260954827  -0.639178487298  -0.302297725473
-0.266666666667  1.03333333333  -0.766666666667  0.376367968638  0.228309599745  0.395322431617  0.5  1.3  0.209355136766      0.456619199489  1890.0  6.13995023849  -0.636913383975  -0.301862578361
-0.266666666667  1.03333333333  -0.766666666667  0.376307848879  0.228601550225  0.395090600896  0.5  1.3  0.209818798207      0.45720310045   1900.0  6.10763471092  -0.635243155829  -0.301183252185
-0.266666666667  1.03333333333  -0.766666666667  0.376486115823  0.228466106404  0.395047777773  0.5  1.3  0.209904444454      0.456932212809  1910.0  6.07565756584  -0.635253688995  -0.300884454541
-0.266666666667  1.03333333333  -0.766666666667  0.376636066499  0.228671434215  0.394692499286  0.5  1.3  0.210615001428      0.45734286843   1920.0  6.04401351602  -0.633990927113  -0.300510823453
-0.266666666667  1.03333333333  -0.766666666667  0.376513455667  0.228993653808  0.394492890525  0.5  1.3  0.211014218951      0.457987307617  1930.0  6.01269738381  -0.632463449211  -0.300020725256
-0.266666666667  1.03333333333  -0.766666666667  0.376616817017  0.228846911379  0.394536271604  0.5  1.3  0.210927456792      0.457693822757  1940.0  5.98170409833  -0.632302884282  -0.29943524893
-0.266666666667  1.03333333333  -0.766666666667  0.376737893471  0.228433465978  0.394828640551  0.5  1.3  0.210342718897      0.456866931956  1950.0  5.95102869269  -0.633487965451  -0.299253003109
-0.266666666667  1.03333333333  -0.766666666667  0.37680498768   0.229157832363  0.394037179956  0.5  1.3  0.211925640087      0.458315664726  1960.0  5.9206663014   -0.630177105167  -0.298616956022
-0.266666666667  1.03333333333  -0.766666666667  0.376886309768  0.229297879321  0.393815810911  0.5  1.3  0.212368378178      0.458595758642  1970.0  5.89061215774  -0.629046169721  -0.298071511711
-0.266666666667  1.03333333333  -0.766666666667  0.376888262614  0.229335122884  0.393776614501  0.5  1.3  0.212446770997      0.458670245768  1980.0  5.86086159129  -0.628699652579  -0.297861024244
-0.266666666667  1.03333333333  -0.766666666667  0.376789783379  0.229212512052  0.393997704569  0.5  1.3  0.212004590862      0.458425024104  1990.0  5.8314100255   -0.628856005742  -0.297477499175
-0.266666666667  1.03333333333  -0.766666666667  0.376980185866  0.229477122688  0.393542691446  0.5  1.3  0.212914617108      0.458954245376  2000.0  5.80225297537  -0.627112100822  -0.296876595032
-0.266666666667  1.03333333333  -0.766666666667  0.377133205301  0.229623167672  0.393243627026  0.5  1.3  0.213512745947      0.459246335345  2010.0  5.77338604515  -0.626170538414  -0.296613814003
-0.266666666667  1.03333333333  -0.766666666667  0.377226802421  0.229857788173  0.392915409406  0.5  1.3  0.214169181188      0.459715576346  2020.0  5.74480492611  -0.624789198599  -0.296170705111
-0.266666666667  1.03333333333  -0.766666666667  0.377149107047  0.230028801689  0.392822091264  0.5  1.3  0.214355817473      0.460057603378  2030.0  5.71650539446  -0.623631286739  -0.295550746534
-0.266666666667  1.03333333333  -0.766666666667  0.377103354655  0.23025644774   0.392640197606  0.5  1.3  0.214719604789      0.460512895479  2040.0  5.68848330919  -0.622661313165  -0.29535454635
-0.266666666667  1.03333333333  -0.766666666667  0.377376055653  0.230258679564  0.392365264784  0.5  1.3  0.215269470433      0.460517359127  2050.0  5.66073461012  -0.621825778657  -0.294799747406
-0.266666666667  1.03333333333  -0.766666666667  0.3773107748    0.230285042985  0.392404182215  0.5  1.3  0.21519163557       0.46057008597   2060.0  5.6332553159   -0.621427970566  -0.294431566779
-0.266666666667  1.03333333333  -0.766666666667  0.377522379615  0.230373618501  0.392104001884  0.5  1.3  0.215791996233      0.460747237002  2070.0  5.6060415221   -0.620462121707  -0.293996194593
-0.266666666667  1.03333333333  -0.766666666667  0.377567992519  0.230652735993  0.391779271488  0.5  1.3  0.216441457024      0.461305471986  2080.0  5.5790893994   -0.619202867496  -0.293787376257
-0.266666666667  1.03333333333  -0.766666666667  0.377640945267  0.230478374741  0.391880679992  0.5  1.3  0.216238640016      0.460956749482  2090.0  5.55239519175  -0.619145503035  -0.293175264037
-0.266666666667  1.03333333333  -0.766666666667  0.377648338184  0.230691792914  0.391659868903  0.5  1.3  0.216680262195      0.461383585827  2100.0  5.52595521464  -0.617873387071  -0.292678846411
-0.266666666667  1.03333333333  -0.766666666667  0.377737192678  0.231085570365  0.391177236957  0.5  1.3  0.217645526086      0.46217114073   2110.0  5.49976585344  -0.616053968047  -0.292365880705
-0.266666666667  1.03333333333  -0.766666666667  0.377813353673  0.231094218683  0.391092427644  0.5  1.3  0.217815144711      0.462188437366  2120.0  5.47382356168  -0.615434170188  -0.291853377787
-0.266666666667  1.03333333333  -0.766666666667  0.377742214282  0.231363013989  0.390894771729  0.5  1.3  0.218210456542      0.462726027978  2130.0  5.44812485951  -0.614303097382  -0.291618828692
-0.266666666667  1.03333333333  -0.766666666667  0.378070431903  0.231235521042  0.390694047056  0.5  1.3  0.218611905888      0.462471042083  2140.0  5.42266633213  -0.613913225335  -0.291098199655
-0.266666666667  1.03333333333  -0.766666666667  0.377996642221  0.23148018475   0.390523173029  0.5  1.3  0.218953653942      0.462960369501  2150.0  5.39744462826  -0.612663556141  -0.29065553013
-0.266666666667  1.03333333333  -0.766666666667  0.377959817124  0.231660544029  0.390379638846  0.5  1.3  0.219240722308      0.463321088059  2160.0  5.37245645868  -0.611950911226  -0.290555353523
-0.266666666667  1.03333333333  -0.766666666667  0.37832639422   0.231986111359  0.38968749442   0.5  1.3  0.220625011159      0.463972222718  2170.0  5.34769859482  -0.609800469954  -0.289943531735
-0.266666666667  1.03333333333  -0.766666666667  0.378303099557  0.231787060554  0.389909839889  0.5  1.3  0.220180320222      0.463574121108  2180.0  5.32316786732  -0.610084473612  -0.28948765783
-0.266666666667  1.03333333333  -0.766666666667  0.378090239341  0.231912042699  0.38999771796   0.5  1.3  0.22000456408       0.463824085399  2190.0  5.29886116473  -0.609716440747  -0.289356700473
-0.266666666667  1.03333333333  -0.766666666667  0.378358755669  0.232114301752  0.38952694258   0.5  1.3  0.220946114841      0.464228603503  2200.0  5.27477543216  -0.608116152124  -0.288753060765
-0.266666666667  1.03333333333  -0.766666666667  0.378551529469  0.232062272354  0.389386198177  0.5  1.3  0.221227603646      0.464124544708  2210.0  5.25090767002  -0.607749978092  -0.288392354702
-0.266666666667  1.03333333333  -0.766666666667  0.378556411584  0.232117649488  0.389325938928  0.5  1.3  0.221348122143      0.464235298975  2220.0  5.22725493277  -0.607344263489  -0.288190879896
-0.266666666667  1.03333333333  -0.766666666667  0.378486527594  0.232412947704  0.389100524702  0.5  1.3  0.221798950596      0.464825895408  2230.0  5.20381432769  -0.605918527045  -0.28775833304
-0.266666666667  1.03333333333  -0.766666666667  0.378547065821  0.232269274032  0.389183660147  0.5  1.3  0.221632679706      0.464538548065  2240.0  5.18058301373  -0.606150150649  -0.287533269653
-0.266666666667  1.03333333333  -0.766666666667  0.378840829658  0.232445030174  0.388714140167  0.5  1.3  0.222571719665      0.464890060349  2250.0  5.15755820033  -0.604688984798  -0.286998589751
-0.266666666667  1.03333333333  -0.766666666667  0.378860497607  0.232557039843  0.38858246255   0.5  1.3  0.2228350749        0.465114079685  2260.0  5.13473714635  -0.60398937127   -0.286721878978
-0.266666666667  1.03333333333  -0.766666666667  0.378883373804  0.23257977655   0.388536849646  0.5  1.3  0.222926300707      0.4651595531    2270.0  5.11211715892  -0.603558063786  -0.286395299835
-0.266666666667  1.03333333333  -0.766666666667  0.378877794244  0.232944540289  0.388177665467  0.5  1.3  0.223644669065      0.465889080578  2280.0  5.08969559243  -0.601914992097  -0.286059798047
-0.266666666667  1.03333333333  -0.766666666667  0.379048249804  0.232588982824  0.388362767373  0.5  1.3  0.223274465255      0.465177965648  2290.0  5.06746984749  -0.602622290196  -0.285657544833
-0.266666666667  1.03333333333  -0.766666666667  0.379075729137  0.233111369135  0.387812901728  0.5  1.3  0.224374196543      0.46622273827   2300.0  5.04543736989  -0.600198688527  -0.285142013216
-0.266666666667  1.03333333333  -0.766666666667  0.379138080721  0.232927522631  0.387934396649  0.5  1.3  0.224131206703      0.465855045261  2310.0  5.02359564968  -0.600532878887  -0.284876707744
-0.266666666667  1.03333333333  -0.766666666667  0.379265713157  0.233300934688  0.387433352155  0.5  1.3  0.22513329569       0.466601869376  2320.0  5.00194222015  -0.59873049774   -0.284546242441
-0.266666666667  1.03333333333  -0.766666666667  0.379191923475  0.23335798569   0.387450090835  0.5  1.3  0.22509981833       0.466715971379  2330.0  4.98047465697  -0.598371397686  -0.28431873631
-0.266666666667  1.03333333333  -0.766666666667  0.379500473147  0.233349755838  0.387149771015  0.5  1.3  0.22570045797       0.466699511677  2340.0  4.95919057724  -0.59767790256   -0.283904163391
-0.266666666667  1.03333333333  -0.766666666667  0.379483455489  0.233465392221  0.387051152291  0.5  1.3  0.225897695419      0.466930784442  2350.0  4.93808763862  -0.596949819342  -0.283575353492
-0.266666666667  1.03333333333  -0.766666666667  0.379615272595  0.233622456837  0.386762270568  0.5  1.3  0.226475458863      0.467244913673  2360.0  4.91716353845  -0.595926844253  -0.283249628126
-0.266666666667  1.03333333333  -0.766666666667  0.379661024988  0.233799328891  0.386539646122  0.5  1.3  0.226920707756      0.467598657781  2370.0  4.89641601298  -0.594653411095  -0.282658686755
-0.266666666667  1.03333333333  -0.766666666667  0.37971654161   0.2340718904    0.38621156799   0.5  1.3  0.227576864019      0.468143780799  2380.0  4.87584283645  -0.593181209349  -0.282223223064
-0.266666666667  1.03333333333  -0.766666666667  0.379749739993  0.23386084354   0.386389416467  0.5  1.3  0.227221167065      0.46772168708   2390.0  4.8554418204   -0.593761755109  -0.282077198513
-0.266666666667  1.03333333333  -0.766666666667  0.379849753607  0.233928635195  0.386221611198  0.5  1.3  0.227556777603      0.46785727039   2400.0  4.83521081281  -0.593155957384  -0.281815464359
