#mu0  mu1  mu2  x0              x1                 x2              mua   mub  xa                  xb                 T       b              u               phi
-0.7  0.2  0.5  0.5             0.0                0.5             -1.2  0.9  0.0                 0.0                30.0    386.816865025  -1.31774118     -1.11774118
-0.7  0.2  0.5  0.5             0.0                0.5             -1.2  0.9  0.0                 0.0                40.0    290.112648769  -1.31774118     -1.11774118
-0.7  0.2  0.5  0.5             0.0                0.5             -1.2  0.9  0.0                 0.0                50.0    232.090119015  -1.31774118     -1.11774118
-0.7  0.2  0.5  0.5             0.0                0.5             -1.2  0.9  0.0                 0.0                60.0    193.408432513  -1.31774118     -1.11774118
-0.7  0.2  0.5  0.5             0.0                0.5             -1.2  0.9  0.0                 0.0                70.0    165.778656439  -1.31774118     -1.11774118
-0.7  0.2  0.5  0.5             0.0                0.5             -1.2  0.9  0.0                 0.0                80.0    145.056324384  -1.31774118     -1.11774118
-0.7  0.2  0.5  0.5             0.0                0.5             -1.2  0.9  0.0                 0.0                90.0    128.938955008  -1.31774118     -1.11774118
-0.7  0.2  0.5  0.5             0.0                0.5             -1.2  0.9  0.0                 0.0                100.0   116.045059507  -1.31774118     -1.11774118
-0.7  0.2  0.5  0.5             0.0                0.5             -1.2  0.9  0.0                 0.0                110.0   105.495508643  -1.31774118     -1.11774118
-0.7  0.2  0.5  0.499999721022  2.7897800293e-07   0.5             -1.2  0.9  8.59441979932e-18   5.57956005859e-07  120.0   96.7042162563  -1.317740589    -1.11774109116
-0.7  0.2  0.5  0.5             0.0                0.5             -1.2  0.9  0.0                 0.0                130.0   89.2654303904  -1.31774118     -1.11774118
-0.7  0.2  0.5  0.499999581533  4.18467004883e-07  0.5             -1.2  0.9  5.70836678978e-17   8.36934009766e-07  140.0   82.8893282196  -1.3177402935   -1.11774104674
-0.7  0.2  0.5  0.499998744599  1.25540101367e-06  0.5             -1.2  0.9  8.28669272958e-17   2.51080202734e-06  150.0   77.363373005   -1.3177385205   -1.11774078022
-0.7  0.2  0.5  0.499997070731  2.9292690332e-06   0.5             -1.2  0.9  -2.18653085004e-17  5.85853806641e-06  160.0   72.5281621922  -1.31773497449  -1.11774024718
-0.7  0.2  0.5  0.499988701391  1.1298609127e-05   0.5             -1.2  0.9  -1.08843733722e-17  2.25972182539e-05  170.0   68.2617997103  -1.31771724448  -1.11773758197
-0.7  0.2  0.5  0.499985632633  1.43673671621e-05  0.5             -1.2  0.9  1.57395662259e-17   2.87347343242e-05  180.0   64.4694775042  -1.31771074347  -1.11773660473
-0.7  0.2  0.5  0.499969591398  3.04086023428e-05  0.5             -1.2  0.9  -5.06153007961e-17  6.08172046855e-05  190.0   61.0763471092  -1.31767676821  -1.11773150369
-0.7  0.2  0.5  0.499948389069  5.16109305811e-05  0.5             -1.2  0.9  1.83026879243e-17   0.000103221861162  200.0   58.0225297537  -1.31763184807  -1.11772474774
-0.7  0.2  0.5  0.499932347834  6.76521657617e-05  0.5             -1.2  0.9  6.29650411671e-17   0.000135304331523  210.0   55.2595521464  -1.31759788852  -1.11771966242
-0.7  0.2  0.5  0.499889385222  0.000110614778246  0.5             -1.2  0.9  -4.93311988481e-17  0.000221229556492  220.0   52.7477543216  -1.3175069399   -1.1177060465
-0.7  0.2  0.5  0.499843772318  0.00015622768176   0.5             -1.2  0.9  5.26109104199e-17   0.00031245536352   230.0   50.4543736989  -1.31741037834  -1.11769158817
-0.7  0.2  0.5  0.499766355922  0.000233644077632  0.5             -1.2  0.9  1.32272665043e-17   0.000467288155264  240.0   48.3521081281  -1.31724650593  -1.11766706527
-0.7  0.2  0.5  0.499692566241  0.000307433759463  0.5             -1.2  0.9  4.10370522286e-17   0.000614867518926  250.0   46.418023803   -1.31709024698  -1.11764362775
-0.7  0.2  0.5  0.499587670511  0.000412329488645  0.5             -1.2  0.9  -2.70508442035e-17  0.000824658977289  260.0   44.6327151952  -1.31686850908  -1.11761070216
-0.7  0.2  0.5  0.499415262105  0.000584737894587  0.5             -1.2  0.9  7.69783542465e-18   0.00116947578917   270.0   42.9796516694  -1.31650392309  -1.1175564513
-0.7  0.2  0.5  0.499271727923  0.000728272077203  0.5             -1.2  0.9  7.35089072945e-17   0.00145654415441   280.0   41.4446641098  -1.31620048286  -1.11751137259
-0.7  0.2  0.5  0.499074350986  0.000925649014427  0.5             -1.2  0.9  4.73796349376e-17   0.00185129802885   290.0   40.0155377612  -1.31578351556  -1.11744968378
-0.7  0.2  0.5  0.498833732458  0.00116626754214   0.5             -1.2  0.9  5.11743425413e-17   0.00233253508427   300.0   38.6816865025  -1.31527584533  -1.11737512691
-0.7  0.2  0.5  0.498590184661  0.00140981533888   0.5             -1.2  0.9  -7.78457159845e-17  0.00281963067776   310.0   37.4338901637  -1.31476287743  -1.11730054504
-0.7  0.2  0.5  0.498296281335  0.00170371866519   0.5             -1.2  0.9  -4.92227786308e-17  0.00340743733038   320.0   36.2640810961  -1.31414333989  -1.11721003349
-0.7  0.2  0.5  0.497829411647  0.00217058835345   0.5             -1.2  0.9  -7.97972798949e-17  0.0043411767069    330.0   35.1651695477  -1.31316094047  -1.11706799951
-0.7  0.2  0.5  0.497473296226  0.00252670377446   0.5             -1.2  0.9  -2.12503625807e-17  0.00505340754892   340.0   34.1308998551  -1.31241219092  -1.11696025771
-0.7  0.2  0.5  0.496979644649  0.00302035535102   0.5             -1.2  0.9  -3.55618312575e-17  0.00604071070204   350.0   33.1557312879  -1.31137502364  -1.11681166327
-0.7  0.2  0.5  0.49637872603   0.00362127396979   0.5             -1.2  0.9  -2.29850860567e-17  0.00724254793958   360.0   32.2347387521  -1.31011640283  -1.11663469597
-0.7  0.2  0.5  0.495771111939  0.00422888806063   0.5             -1.2  0.9  -2.86229373536e-17  0.00845777612127   370.0   31.3635295966  -1.30884431493  -1.11645631344
-0.7  0.2  0.5  0.495012291771  0.00498770822918   0.5             -1.2  0.9  4.25007251614e-17   0.00997541645836   380.0   30.5381735546  -1.30725768555  -1.11623556036
-0.7  0.2  0.5  0.494354043172  0.0056459568276    0.5             -1.2  0.9  -1.82145964978e-17  0.0112919136552    390.0   29.7551434635  -1.30588480914  -1.11604753143
-0.7  0.2  0.5  0.49336799542   0.0066320045797    0.5             -1.2  0.9  -1.82145964978e-17  0.0132640091594    400.0   29.0112648769  -1.30383204196  -1.1157696502
-0.7  0.2  0.5  0.492386271827  0.00761372817276   0.5             -1.2  0.9  6.07153216592e-18   0.0152274563455    410.0   28.3036730506  -1.30179452106  -1.11549923177
-0.7  0.2  0.5  0.491336198623  0.00866380137659   0.5             -1.2  0.9  2.42861286637e-17   0.0173276027532    420.0   27.6297760732  -1.2996190475   -1.11521388997
-0.7  0.2  0.5  0.490205640266  0.00979435973432   0.5             -1.2  0.9  -5.72458747072e-17  0.0195887194686    430.0   26.9872231413  -1.29728304808  -1.1149128956
-0.7  0.2  0.5  0.488892490805  0.0111075091951    0.5             -1.2  0.9  7.2858385991e-17    0.0222150183902    440.0   26.3738771608  -1.29457800207  -1.11457151862
-0.7  0.2  0.5  0.487482814955  0.012517185045     0.5             -1.2  0.9  -5.37764277553e-17  0.02503437009      450.0   25.7877910017  -1.29167805414  -1.11420898722
-0.7  0.2  0.5  0.486057376848  0.013942623152     0.5             -1.2  0.9  -5.55111512313e-17  0.0278852463041    460.0   25.2271868495  -1.28876279998  -1.11385952165
-0.7  0.2  0.5  0.484503608859  0.0154963911406    0.5             -1.2  0.9  7.8062556419e-17    0.0309927822811    470.0   24.6904381931  -1.28558811257  -1.11348161662
-0.7  0.2  0.5  0.482812304715  0.0171876952846    0.5             -1.2  0.9  -8.32667268469e-17  0.0343753905692    480.0   24.1760540641  -1.28214598927  -1.11308384078
-0.7  0.2  0.5  0.480858621759  0.0191413782406    0.5             -1.2  0.9  -6.59194920871e-17  0.0382827564812    490.0   23.6826652056  -1.27818574197  -1.1126402228
-0.7  0.2  0.5  0.478802832854  0.0211971671458    0.5             -1.2  0.9  -4.51028103754e-17  0.0423943342915    500.0   23.2090119015  -1.27403982843  -1.11219472929
-0.7  0.2  0.5  0.477001611377  0.0229983886231    0.5             -1.2  0.9  1.04083408559e-17   0.0459967772461    510.0   22.7539332368  -1.27040488687  -1.11180198639
-0.7  0.2  0.5  0.475121439125  0.0248785608752    0.5             -1.2  0.9  -1.38777878078e-17  0.0497571217505    520.0   22.3163575976  -1.26665080078  -1.11143221036
-0.7  0.2  0.5  0.473205418199  0.0267945818008    0.5             -1.2  0.9  5.55111512313e-17   0.0535891636016    530.0   21.8952942467  -1.26279777396  -1.1110280212
-0.7  0.2  0.5  0.389198027514  0.110801972486     0.5             -1.2  0.9  -2.77555756156e-17  0.221603944972     540.0   21.4898258347  -1.12301153244  -1.12245508291
-0.7  0.2  0.5  0.376273674073  0.123726325927     0.5             -1.2  0.9  -1.38777878078e-17  0.247452651853     550.0   21.0991017286  -1.10162920569  -1.12433659235
-0.7  0.2  0.5  0.376418463657  0.123581536343     0.5             -1.2  0.9  8.32667268469e-17   0.247163072686     560.0   20.7223320549  -1.10182757072  -1.12427433614
-0.7  0.2  0.5  0.376516942892  0.123483057108     0.5             -1.2  0.9  1.38777878078e-17   0.246966114216     570.0   20.3587823697  -1.10196265272  -1.12423215552
-0.7  0.2  0.5  0.376635229565  0.123364770435     0.5             -1.2  0.9  0.0                 0.246729540869     580.0   20.0077688806  -1.10212282577  -1.12417941255
-0.7  0.2  0.5  0.376840278398  0.123159721602     0.5             -1.2  0.9  -2.77555756156e-17  0.246319443205     590.0   19.6686541538  -1.10240405122  -1.1240915501
-0.7  0.2  0.5  0.376999714327  0.123000285673     0.5             -1.2  0.9  4.16333634234e-17   0.246000571347     600.0   19.3408432512  -1.10262144124  -1.12402195545
-0.7  0.2  0.5  0.377138087416  0.122861912584     0.5             -1.2  0.9  0.0                 0.245723825168     610.0   19.0237802471  -1.10281240629  -1.12396384894
-0.7  0.2  0.5  0.377318446695  0.122681553305     0.5             -1.2  0.9  -6.93889390391e-17  0.24536310661      620.0   18.7169450819  -1.10306168234  -1.12388847829
-0.7  0.2  0.5  0.377470908174  0.122529091826     0.5             -1.2  0.9  8.32667268469e-17   0.245058183652     630.0   18.4198507155  -1.10326742867  -1.12381979396
-0.7  0.2  0.5  0.377607886373  0.122392113627     0.5             -1.2  0.9  -5.55111512313e-17  0.244784227253     640.0   18.132040548   -1.10345756463  -1.12376336916
-0.7  0.2  0.5  0.377890770069  0.122109229931     0.5             -1.2  0.9  1.38777878078e-17   0.244218459863     650.0   17.8530860781  -1.1038478543   -1.12364446818
-0.7  0.2  0.5  0.378022726664  0.121977273336     0.5             -1.2  0.9  5.55111512313e-17   0.243954546672     660.0   17.5825847739  -1.10402719942  -1.12358629142
-0.7  0.2  0.5  0.378248977825  0.121751022175     0.5             -1.2  0.9  -2.77555756156e-17  0.243502044351     670.0   17.3201581354  -1.10433753068  -1.1234893706
-0.7  0.2  0.5  0.378493083577  0.121506916423     0.5             -1.2  0.9  -2.77555756156e-17  0.243013832845     680.0   17.0654499276  -1.10467317852  -1.12338562808
-0.7  0.2  0.5  0.378680138328  0.121319861672     0.5             -1.2  0.9  -8.32667268469e-17  0.242639723343     690.0   16.8181245663  -1.10493150573  -1.12330725674
-0.7  0.2  0.5  0.378972507276  0.121027492724     0.5             -1.2  0.9  6.93889390391e-17   0.242054985449     700.0   16.5778656439  -1.10533736422  -1.12318685112
-0.7  0.2  0.5  0.379322345692  0.120677654308     0.5             -1.2  0.9  2.77555756156e-17   0.241355308617     710.0   16.3443745785  -1.1058151967   -1.12303497446
-0.7  0.2  0.5  0.37948038673   0.12051961327      0.5             -1.2  0.9  0.0                 0.241039226539     720.0   16.117369376   -1.10603117123  -1.12296647512
-0.7  0.2  0.5  0.379741928608  0.120258071392     0.5             -1.2  0.9  6.93889390391e-17   0.240516142783     730.0   15.8965834942  -1.10639322878  -1.12285775728
-0.7  0.2  0.5  0.380071680608  0.119928319392     0.5             -1.2  0.9  6.93889390391e-17   0.239856638784     740.0   15.6817647983  -1.10684463352  -1.12271560843
-0.7  0.2  0.5  0.380314809938  0.119685190062     0.5             -1.2  0.9  -5.55111512313e-17  0.239370380124     750.0   15.472674601   -1.10718334622  -1.12261668833
-0.7  0.2  0.5  0.380695056956  0.119304943044     0.5             -1.2  0.9  -5.55111512313e-17  0.238609886088     760.0   15.2690867773  -1.10769662429  -1.12244552177
-0.7  0.2  0.5  0.381030667494  0.118969332506     0.5             -1.2  0.9  -2.77555756156e-17  0.237938665012     770.0   15.070786949   -1.10816356595  -1.12230836446
-0.7  0.2  0.5  0.381380226932  0.118619773068     0.5             -1.2  0.9  -5.55111512313e-17  0.237239546136     780.0   14.8775717317  -1.10864464172  -1.12216023325
-0.7  0.2  0.5  0.381643721656  0.118356278344     0.5             -1.2  0.9  -2.77555756156e-17  0.236712556688     790.0   14.6892480389  -1.10900711367  -1.12204841469
-0.7  0.2  0.5  0.382165968478  0.117834031522     0.5             -1.2  0.9  0.0                 0.235668063045     800.0   14.5056324384  -1.10971816209  -1.12181941883
-0.7  0.2  0.5  0.382557514105  0.117442485895     0.5             -1.2  0.9  1.38777878078e-17   0.23488497179      810.0   14.3265505565  -1.1102492948   -1.12164576941
-0.7  0.2  0.5  0.382924649157  0.117075350843     0.5             -1.2  0.9  -1.38777878078e-17  0.234150701685     820.0   14.1518365253  -1.11076622483  -1.12150185634
-0.7  0.2  0.5  0.383397656362  0.116602343638     0.5             -1.2  0.9  2.77555756156e-17   0.233204687277     830.0   13.9813324708  -1.11140445526  -1.12128867381
-0.7  0.2  0.5  0.383941523979  0.116058476021     0.5             -1.2  0.9  5.55111512313e-17   0.232116952043     840.0   13.8148880366  -1.11214477101  -1.12105002785
-0.7  0.2  0.5  0.384175168056  0.115824831944     0.5             -1.2  0.9  2.77555756156e-17   0.231649663887     850.0   13.6523599421  -1.11246854246  -1.12095323996
-0.7  0.2  0.5  0.384639387454  0.115360612546     0.5             -1.2  0.9  -5.55111512313e-17  0.230721225093     860.0   13.4936115706  -1.11309691668  -1.12074601926
-0.7  0.2  0.5  0.433115581703  0.0668844182974    0.5             -1.2  0.9  -4.16333634234e-17  0.133768836595     870.0   13.3385125871  -1.18704325377  -1.10743520671
-0.7  0.2  0.5  0.441071197418  0.0589288025818    0.5             -1.2  0.9  -4.85722573274e-17  0.117857605164     880.0   13.1869385804  -1.1990886565   -1.10516050115
-0.7  0.2  0.5  0.437630422216  0.0623695777835    0.5             -1.2  0.9  0.0                 0.124739155567     890.0   13.0387707312  -1.19363121078  -1.10589645079
-0.7  0.2  0.5  0.440484367189  0.0595156328114    0.5             -1.2  0.9  6.93889390391e-17   0.119031265623     900.0   12.8938955008  -1.19783363745  -1.10496177652
-0.7  0.2  0.5  0.440010941517  0.0599890584827    0.5             -1.2  0.9  5.55111512313e-17   0.119978116965     910.0   12.7522043415  -1.19688272555  -1.10486303082
-0.7  0.2  0.5  0.439738658986  0.0602613410138    0.5             -1.2  0.9  -4.16333634234e-17  0.120522682028     920.0   12.6135934247  -1.19631882117  -1.104789235
-0.7  0.2  0.5  0.439396492465  0.0606035075346    0.5             -1.2  0.9  8.32667268469e-17   0.121207015069     930.0   12.4779633879  -1.19561921302  -1.10470552658
-0.7  0.2  0.5  0.438758330283  0.0612416697168    0.5             -1.2  0.9  7.6327832943e-17    0.122483339434     940.0   12.3452190965  -1.19429987042  -1.10453487591
-0.7  0.2  0.5  0.438749681965  0.0612503180349    0.5             -1.2  0.9  6.93889390391e-17   0.12250063607      950.0   12.2152694218  -1.19421911973  -1.10446969219
-0.7  0.2  0.5  0.438398727637  0.0616012723629    0.5             -1.2  0.9  2.08166817117e-17   0.123202544726     960.0   12.088027032   -1.19349473193  -1.10437702219
-0.7  0.2  0.5  0.438321171752  0.0616788282477    0.5             -1.2  0.9  -6.24500451352e-17  0.123357656495     970.0   11.9634081967  -1.19325534991  -1.10427724075
-0.7  0.2  0.5  0.43792474401   0.0620752559902    0.5             -1.2  0.9  2.77555756156e-17   0.12415051198      980.0   11.8413326028  -1.19246254395  -1.10419800473
-0.7  0.2  0.5  0.437603919306  0.0623960806938    0.5             -1.2  0.9  3.46944695195e-17   0.124792161388     990.0   11.7217231826  -1.19175503393  -1.10406797918
-0.7  0.2  0.5  0.437210560322  0.0627894396783    0.5             -1.2  0.9  -1.38777878078e-17  0.125578879357     1000.0  11.6045059507  -1.190936017    -1.10395700842
-0.7  0.2  0.5  0.437140815821  0.062859184179     0.5             -1.2  0.9  0.0                 0.125718368358     1010.0  11.4896098522  -1.1907289755   -1.10387550702
-0.7  0.2  0.5  0.436782747554  0.0632172524461    0.5             -1.2  0.9  -1.38777878078e-17  0.126434504892     1020.0  11.3769666184  -1.19000149807  -1.10379255247
-0.7  0.2  0.5  0.436428863957  0.0635711360431    0.5             -1.2  0.9  1.38777878078e-17   0.127142272086     1030.0  11.2665106318  -1.18926120027  -1.10368924515
-0.7  0.2  0.5  0.436086836925  0.0639131630749    0.5             -1.2  0.9  6.93889390391e-17   0.12782632615      1040.0  11.1581787988  -1.18853323578  -1.10357692932
-0.7  0.2  0.5  0.436133007785  0.0638669922154    0.5             -1.2  0.9  8.32667268469e-17   0.127733984431     1050.0  11.0519104293  -1.18856366723  -1.10352425322
-0.7  0.2  0.5  0.435525114716  0.0644748852842    0.5             -1.2  0.9  -4.16333634234e-17  0.128949770568     1060.0  10.9476471233  -1.18731399634  -1.10336878985
-0.7  0.2  0.5  0.435360517694  0.0646394823061    0.5             -1.2  0.9  9.99200722163e-16   0.129278964612     1070.0  10.8453326643  -1.18690324892  -1.10325431707
-0.7  0.2  0.5  0.435204847968  0.0647951520319    0.5             -1.2  0.9  -5.55111512313e-17  0.129590304064     1080.0  10.7449129174  -1.1865548416   -1.10318611526
-0.7  0.2  0.5  0.434969669511  0.0650303304885    0.5             -1.2  0.9  2.77555756156e-17   0.130060660977     1090.0  10.6463357346  -1.18603626809  -1.10309086297
-0.7  0.2  0.5  0.434695155156  0.0653048448436    0.5             -1.2  0.9  -2.77555756156e-17  0.130609689687     1100.0  10.5495508643  -1.18539247676  -1.10294119748
-0.7  0.2  0.5  0.434425801894  0.0655741981056    0.5             -1.2  0.9  0.0                 0.131148396211     1110.0  10.4545098655  -1.18485956057  -1.10289311716
-0.7  0.2  0.5  0.434303191062  0.065696808938     0.5             -1.2  0.9  1.38777878078e-17   0.131393617876     1120.0  10.3611660275  -1.18455877679  -1.10281303288
-0.7  0.2  0.5  0.433800054233  0.0661999457667    0.5             -1.2  0.9  1.38777878078e-17   0.132399891533     1130.0  10.2694742927  -1.18347416157  -1.10263406395
-0.7  0.2  0.5  0.433486064491  0.0665139355092    0.5             -1.2  0.9  -2.77555756156e-17  0.133027871018     1140.0  10.1793911849  -1.18281722773  -1.10254231165
-0.7  0.2  0.5  0.433569478914  0.0664305210863    0.5             -1.2  0.9  -1.38777878078e-17  0.132861042173     1150.0  10.0908747398  -1.18289371928  -1.10246865724
-0.7  0.2  0.5  0.433158683804  0.0668413161959    0.5             -1.2  0.9  0.0                 0.133682632392     1160.0  10.0038844403  -1.18201057297  -1.10232494212
-0.7  0.2  0.5  0.432924621259  0.0670753787405    0.5             -1.2  0.9  -4.16333634234e-17  0.134150757481     1170.0  9.91838115449  -1.18154429276  -1.10227997449
-0.7  0.2  0.5  0.432764348397  0.0672356516033    0.5             -1.2  0.9  0.0                 0.134471303207     1180.0  9.83432707691  -1.1811497764   -1.10217394928
-0.7  0.2  0.5  0.432659173689  0.0673408263105    0.5             -1.2  0.9  5.55111512313e-17   0.134681652621     1190.0  9.7516856729   -1.18084834487  -1.10206183223
-0.7  0.2  0.5  0.432268464996  0.0677315350039    0.5             -1.2  0.9  -8.32667268469e-17  0.135463070008     1200.0  9.67042162562  -1.18000902848  -1.10192579149
-0.7  0.2  0.5  0.432113213737  0.0678867862627    0.5             -1.2  0.9  1.38777878078e-17   0.135773572525     1210.0  9.59050078574  -1.17961013612  -1.10180635139
-0.7  0.2  0.5  0.431753192624  0.0682468073757    0.5             -1.2  0.9  1.38777878078e-17   0.136493614751     1220.0  9.51189012357  -1.17890509043  -1.10174934371
-0.7  0.2  0.5  0.431571438455  0.0684285615448    0.5             -1.2  0.9  1.38777878078e-17   0.13685712309      1230.0  9.43455768354  -1.17844990566  -1.10162131645
-0.7  0.2  0.5  0.431474633088  0.0685253669119    0.5             -1.2  0.9  -5.55111512313e-17  0.137050733824     1240.0  9.35847254093  -1.17813590561  -1.10148156605
-0.7  0.2  0.5  0.431280882865  0.0687191171351    0.5             -1.2  0.9  1.38777878078e-17   0.13743823427      1250.0  9.2836047606   -1.1777267987   -1.10142120954
-0.7  0.2  0.5  0.430979168155  0.0690208318455    0.5             -1.2  0.9  4.16333634234e-17   0.138041663691     1260.0  9.20992535774  -1.17706719545  -1.10130469277
-0.7  0.2  0.5  0.430793647782  0.0692063522175    0.5             -1.2  0.9  2.77555756156e-17   0.138412704435     1270.0  9.13740626043  -1.17655115513  -1.10112258912
-0.7  0.2  0.5  0.430569907424  0.0694300925761    0.5             -1.2  0.9  6.93889390391e-17   0.138860185152     1280.0  9.06602027402  -1.1761005404   -1.10107470704
-0.7  0.2  0.5  0.430195100477  0.0698048995233    0.5             -1.2  0.9  -5.55111512313e-17  0.139609799047     1290.0  8.99574104709  -1.17525966726  -1.1009084864
-0.7  0.2  0.5  0.429984193106  0.0700158068937    0.5             -1.2  0.9  -6.93889390391e-17  0.140031613787     1300.0  8.92654303904  -1.1748284628   -1.1008569152
-0.7  0.2  0.5  0.429713444954  0.0702865550457    0.5             -1.2  0.9  -1.38777878078e-17  0.140573110091     1310.0  8.85840148912  -1.17416124883  -1.10067704791
-0.7  0.2  0.5  0.429528482538  0.0704715174618    0.5             -1.2  0.9  -1.38777878078e-17  0.140943034924     1320.0  8.79129238693  -1.17372849416  -1.1005772256
-0.7  0.2  0.5  0.42933682465   0.07066317535      0.5             -1.2  0.9  -6.93889390391e-17  0.1413263507       1330.0  8.72519244417  -1.17328354937  -1.100477265
-0.7  0.2  0.5  0.429177807188  0.0708221928117    0.5             -1.2  0.9  2.77555756156e-17   0.141644385623     1340.0  8.66007906772  -1.17289517147  -1.10037511853
-0.7  0.2  0.5  0.42896801573   0.0710319842701    0.5             -1.2  0.9  0.0                 0.14206396854      1350.0  8.59593033389  -1.17238492101  -1.1002424927
-0.7  0.2  0.5  0.42868443459   0.0713155654103    0.5             -1.2  0.9  1.38777878078e-17   0.142631130821     1360.0  8.53272496379  -1.1717528092   -1.10012082694
-0.7  0.2  0.5  0.428553872884  0.0714461271158    0.5             -1.2  0.9  -5.55111512313e-17  0.142892254232     1370.0  8.47044229982  -1.1714472054   -1.10005023421
-0.7  0.2  0.5  0.428355380035  0.071644898943     0.499999721022  -1.2  0.9  5.57956005801e-07   0.143289797886     1380.0  8.40906228315  -1.17097226548  -1.09993241403
-0.7  0.2  0.5  0.428080307724  0.0719196922761    0.5             -1.2  0.9  1.38777878078e-17   0.143839384552     1390.0  8.34856543219  -1.17032339414  -1.09977884024
-0.7  0.2  0.5  0.427863960282  0.0721360397175    0.5             -1.2  0.9  2.77555756156e-17   0.144272079435     1400.0  8.28893282196  -1.16980076142  -1.09964563291
-0.7  0.2  0.5  0.427722657924  0.0722776210541    0.499999721022  -1.2  0.9  5.57956005898e-07   0.144555242108     1410.0  8.23014606436  -1.16944779866  -1.09954684701
-0.7  0.2  0.5  0.427499893988  0.0725001060116    0.5             -1.2  0.9  1.38777878078e-17   0.145000212023     1420.0  8.17218728926  -1.16893239077  -1.09943258159
-0.7  0.2  0.5  0.427139733386  0.0728602666137    0.5             -1.2  0.9  -2.77555756156e-17  0.145720533227     1430.0  8.1150391264   -1.16816709486  -1.09931557476
-0.7  0.2  0.5  0.426972207095  0.0730277929046    0.5             -1.2  0.9  1.38777878078e-17   0.146055585809     1440.0  8.05868468802  -1.16775948804  -1.09920951526
-0.7  0.2  0.5  0.426848480351  0.073151519649     0.5             -1.2  0.9  4.16333634234e-17   0.146303039298     1450.0  8.00310755224  -1.16742340275  -1.09909613812
-0.7  0.2  0.5  0.426594889346  0.0734051106538    0.5             -1.2  0.9  2.77555756156e-17   0.146810221308     1460.0  7.94829174709  -1.16684699362  -1.0989761928
-0.7  0.2  0.5  0.426314097986  0.073685902014     0.5             -1.2  0.9  0.0                 0.147371804028     1470.0  7.8942217352   -1.1661851325   -1.09881975613
-0.7  0.2  0.5  0.426346459434  0.0736535405656    0.5             -1.2  0.9  1.38777878078e-17   0.147307081131     1480.0  7.84088239916  -1.1661509818   -1.09872735482
-0.7  0.2  0.5  0.425969699641  0.0740303003589    0.5             -1.2  0.9  2.77555756156e-17   0.148060600718     1490.0  7.78825902735  -1.16535084981  -1.09860539046
-0.7  0.2  0.5  0.425777204819  0.07422293467      0.499999860511  -1.2  0.9  2.78978002866e-07   0.14844586934      1500.0  7.7363373005   -1.16490577758  -1.09850672522
-0.7  0.2  0.5  0.425662265882  0.0743377341183    0.5             -1.2  0.9  6.93889390391e-17   0.148675468237     1510.0  7.68510327864  -1.16455871788  -1.09836663929
-0.7  0.2  0.5  0.42536627022   0.0746342877357    0.499999442044  -1.2  0.9  1.11591201275e-06   0.149268575471     1520.0  7.63454338865  -1.16389423038  -1.09823460921
-0.7  0.2  0.5  0.425104867831  0.0748951321686    0.5             -1.2  0.9  4.16333634234e-17   0.149790264337     1530.0  7.58464441225  -1.16329273158  -1.09810396948
-0.7  0.2  0.5  0.425060231351  0.0749397686491    0.5             -1.2  0.9  -1.38777878078e-17  0.149879537298     1540.0  7.53539347451  -1.16313937851  -1.09803096208
-0.7  0.2  0.5  0.424622793842  0.075377206158     0.5             -1.2  0.9  -5.55111512313e-17  0.150754412316     1550.0  7.48677803274  -1.1621431817   -1.09782215278
-0.7  0.2  0.5  0.424561697659  0.0754383023407    0.5             -1.2  0.9  6.93889390391e-17   0.150876604681     1560.0  7.43878586587  -1.16193784206  -1.09772678627
-0.7  0.2  0.5  0.424516084756  0.0754841942223    0.499999721022  -1.2  0.9  5.57956005801e-07   0.150968388445     1570.0  7.39140506417  -1.16175127661  -1.09762215666
-0.7  0.2  0.5  0.424148949704  0.0758510502964    0.5             -1.2  0.9  1.38777878078e-17   0.151702100593     1580.0  7.34462401946  -1.16097886023  -1.09751075076
-0.7  0.2  0.5  0.423972496117  0.0760275038834    0.5             -1.2  0.9  4.16333634234e-17   0.152055007767     1590.0  7.29843141557  -1.16050360181  -1.0973531088
-0.7  0.2  0.5  0.423684869795  0.0763151302046    0.5             -1.2  0.9  5.55111512313e-17   0.152630260409     1600.0  7.25281621922  -1.15986166329  -1.09722889765
-0.7  0.2  0.5  0.423707048547  0.0762929514534    0.5             -1.2  0.9  2.77555756156e-17   0.152585902907     1610.0  7.20776767127  -1.15981621898  -1.0971435316
-0.7  0.2  0.5  0.423462663816  0.0765373361841    0.5             -1.2  0.9  2.77555756156e-17   0.153074672368     1620.0  7.16327527824  -1.15926118123  -1.09702838636
-0.7  0.2  0.5  0.423067212496  0.0769327875036    0.5             -1.2  0.9  4.16333634234e-17   0.153865575007     1630.0  7.11932880414  -1.15832603019  -1.09680504769
-0.7  0.2  0.5  0.42280260186   0.0771973981396    0.5             -1.2  0.9  2.77555756156e-17   0.154394796279     1640.0  7.07591826265  -1.15775628358  -1.09671160023
-0.7  0.2  0.5  0.422725324954  0.0772749540244    0.499999721022  -1.2  0.9  5.57956005787e-07   0.154549908049     1650.0  7.03303390954  -1.15754281981  -1.09663706751
-0.7  0.2  0.5  0.422595042226  0.0774050972629    0.499999860511  -1.2  0.9  2.78978002852e-07   0.154810194526     1660.0  6.99066623539  -1.15717317692  -1.09650201722
-0.7  0.2  0.5  0.422521392033  0.0774787474557    0.499999860511  -1.2  0.9  2.7897800392e-07    0.154957494911     1670.0  6.94880595853  -1.15694382051  -1.09640523116
-0.7  0.2  0.5  0.421970410477  0.0780295895229    0.5             -1.2  0.9  9.57567358739e-16   0.156059179046     1680.0  6.9074440183   -1.1556716334   -1.09612489454
-0.7  0.2  0.5  0.421906664003  0.0780934754856    0.499999860511  -1.2  0.9  2.78978002852e-07   0.156186950971     1690.0  6.86657156849  -1.15552014332  -1.09608806442
-0.7  0.2  0.5  0.42167106708   0.0783289329203    0.5             -1.2  0.9  1.38777878078e-17   0.156657865841     1700.0  6.82617997103  -1.15492225926  -1.09591433851
-0.7  0.2  0.5  0.421621130017  0.0783797069169    0.499999163066  -1.2  0.9  1.67386801954e-06   0.156759413834     1710.0  6.78626078991  -1.15476928267  -1.09585074648
-0.7  0.2  0.5  0.421350660843  0.0786493391569    0.5             -1.2  0.9  -5.55111512313e-17  0.157298678314     1720.0  6.74680578532  -1.15411948655  -1.09568829703
-0.7  0.2  0.5  0.421172951855  0.0788276061009    0.499999442044  -1.2  0.9  1.11591201164e-06   0.157655212202     1730.0  6.70780690795  -1.15367955995  -1.09556791184
-0.7  0.2  0.5  0.420976551341  0.0790234486591    0.5             -1.2  0.9  -2.77555756156e-17  0.158046897318     1740.0  6.66925629353  -1.15318966072  -1.0954318683
-0.7  0.2  0.5  0.420781824695  0.0792181753053    0.5             -1.2  0.9  -2.77555756156e-17  0.158436350611     1750.0  6.63114625757  -1.15270627609  -1.09529899163
-0.7  0.2  0.5  0.42060230235   0.0793979766283    0.499999721022  -1.2  0.9  5.57956005898e-07   0.158795953257     1760.0  6.5934692902   -1.15225519693  -1.09517088532
-0.7  0.2  0.5  0.420340899961  0.0796591000393    0.5             -1.2  0.9  -6.93889390391e-17  0.159318200079     1770.0  6.55621805127  -1.151654461    -1.09504084107
-0.7  0.2  0.5  0.420276316553  0.079724241403     0.499999442044  -1.2  0.9  1.11591201164e-06   0.159448482806     1780.0  6.51938536559  -1.15148323986  -1.09498553529
-0.7  0.2  0.5  0.419952004624  0.0800486928207    0.499999302555  -1.2  0.9  1.39489001659e-06   0.160097385641     1790.0  6.4829642183   -1.15071236024  -1.09479833345
-0.7  0.2  0.5  0.41979201074   0.0802081287495    0.499999860511  -1.2  0.9  2.78978003837e-07   0.160416257499     1800.0  6.44694775042  -1.15027092875  -1.09464522572
-0.7  0.2  0.5  0.419617788977  0.0803831874464    0.499999023577  -1.2  0.9  1.95284602239e-06   0.160766374893     1810.0  6.41132925456  -1.14985182878  -1.09453922277
-0.7  0.2  0.5  0.419402278469  0.0805985584649    0.499999163066  -1.2  0.9  1.67386801952e-06   0.16119711693      1820.0  6.37610217074  -1.14935137687  -1.09442677347
-0.7  0.2  0.5  0.419358757901  0.0806420790334    0.499999163066  -1.2  0.9  1.67386801954e-06   0.161284158067     1830.0  6.34126008238  -1.14916069941  -1.09431443303
-0.7  0.2  0.5  0.418954239796  0.0810464576489    0.499999302555  -1.2  0.9  1.39489001555e-06   0.162092915298     1840.0  6.30679671236  -1.1481983685   -1.0940803184
-0.7  0.2  0.5  0.41893833805   0.0810620804171    0.499999581533  -1.2  0.9  8.36934009693e-07   0.162124160834     1850.0  6.27270591932  -1.14803517834  -1.09394591877
-0.7  0.2  0.5  0.418685723468  0.0813144160209    0.499999860511  -1.2  0.9  2.78978003879e-07   0.162628832042     1860.0  6.23898169395  -1.14747974591  -1.09384535997
-0.7  0.2  0.5  0.418378289709  0.0816225472254    0.499999163066  -1.2  0.9  1.67386801948e-06   0.163245094451     1870.0  6.20561815548  -1.14674526407  -1.09366384043
-0.7  0.2  0.5  0.418317333015  0.0816829459631    0.499999721022  -1.2  0.9  5.57956006869e-07   0.163365891926     1880.0  6.17260954827  -1.14662019738  -1.09364883056
-0.7  0.2  0.5  0.418097498348  0.0819040360306    0.499998465621  -1.2  0.9  3.06875803523e-06   0.163808072061     1890.0  6.13995023849  -1.14599221144  -1.09341579379
-0.7  0.2  0.5  0.417948105628  0.0820530102842    0.499998884088  -1.2  0.9  2.23182402544e-06   0.164106020568     1900.0  6.10763471092  -1.14564197116  -1.09333471148
-0.7  0.2  0.5  0.417834840558  0.0821662753535    0.499998884088  -1.2  0.9  2.23182402448e-06   0.164332550707     1910.0  6.07565756584  -1.14532908066  -1.09322569811
-0.7  0.2  0.5  0.417563813428  0.0824371629946    0.499999023577  -1.2  0.9  1.95284602145e-06   0.164874325989     1920.0  6.04401351602  -1.1446517725   -1.09303632248
-0.7  0.2  0.5  0.417261261784  0.082739854128     0.499998884088  -1.2  0.9  2.23182402535e-06   0.165479708256     1930.0  6.01269738381  -1.14388629453  -1.09281535377
-0.7  0.2  0.5  0.417150786495  0.0828507478842    0.499998465621  -1.2  0.9  3.06875803419e-06   0.165701495768     1940.0  5.98170409833  -1.14366606422  -1.09279372791
-0.7  0.2  0.5  0.417018829899  0.0829824255017    0.499998744599  -1.2  0.9  2.51080202729e-06   0.165964851003     1950.0  5.95102869269  -1.14332376002  -1.09268911296
-0.7  0.2  0.5  0.416633003321  0.0833681125911    0.499998884088  -1.2  0.9  2.23182402538e-06   0.166736225182     1960.0  5.9206663014   -1.14237816503  -1.09243808951
-0.7  0.2  0.5  0.41670442169   0.0832979496233    0.499997628687  -1.2  0.9  4.74262605379e-06   0.166595899247     1970.0  5.89061215774  -1.14247561307  -1.09240623124
-0.7  0.2  0.5  0.416427536022  0.0835759512034    0.499996512775  -1.2  0.9  6.97445007811e-06   0.167151902407     1980.0  5.86086159129  -1.14174515298  -1.09217349581
-0.7  0.2  0.5  0.416364347504  0.0836374658531    0.499998186643  -1.2  0.9  3.62671404112e-06   0.167274931706     1990.0  5.8314100255   -1.14158464073  -1.09212772721
-0.7  0.2  0.5  0.416050636739  0.0839504791726    0.499998884088  -1.2  0.9  2.23182402542e-06   0.167900958345     2000.0  5.80225297537  -1.1408549616   -1.09196314593
-0.7  0.2  0.5  0.415921748902  0.0840806224111    0.499997628687  -1.2  0.9  4.74262605281e-06   0.168161244822     2010.0  5.77338604515  -1.14037429756  -1.09171372675
-0.7  0.2  0.5  0.415706098906  0.0842971093415    0.499996791753  -1.2  0.9  6.41649407229e-06   0.168594218683     2020.0  5.74480492611  -1.13995453721  -1.09168163423
-0.7  0.2  0.5  0.415500492117  0.0845013212398    0.499998186643  -1.2  0.9  3.62671404099e-06   0.16900264248      2030.0  5.71650539446  -1.13943633039  -1.09153435656
-0.7  0.2  0.5  0.415221095647  0.084780857199     0.499998047154  -1.2  0.9  3.90569204491e-06   0.169561714398     2040.0  5.68848330919  -1.13875452245  -1.09135537858
-0.7  0.2  0.5  0.415043805126  0.084958705676     0.499997489198  -1.2  0.9  5.02160405655e-06   0.169917411352     2050.0  5.66073461012  -1.13831767825  -1.09123732254
-0.7  0.2  0.5  0.415081188178  0.0849214621126    0.499997349709  -1.2  0.9  5.30058206047e-06   0.169842924225     2060.0  5.6332553159   -1.13829090258  -1.09114317368
-0.7  0.2  0.5  0.414776265221  0.08522638507      0.499997349709  -1.2  0.9  5.30058206048e-06   0.17045277014      2070.0  5.6060415221   -1.13756209167  -1.0909632241
-0.7  0.2  0.5  0.414412756883  0.0855900328971    0.49999721022   -1.2  0.9  5.57956006247e-06   0.171180065794     2080.0  5.5790893994   -1.1367241976   -1.09077956134
-0.7  0.2  0.5  0.414295307144  0.0857080405924    0.499996652264  -1.2  0.9  6.69547207525e-06   0.171416081185     2090.0  5.55239519175  -1.13638866468  -1.09065510318
-0.7  0.2  0.5  0.414209381919  0.0857949422404    0.499995675841  -1.2  0.9  8.64831809767e-06   0.171589884481     2100.0  5.52595521464  -1.13610159004  -1.09052210809
-0.7  0.2  0.5  0.414081052037  0.0859241090558    0.499994838907  -1.2  0.9  1.03221861171e-05   0.171848218112     2110.0  5.49976585344  -1.13575650961  -1.09040751928
-0.7  0.2  0.5  0.413839317597  0.0861624957595    0.499998186643  -1.2  0.9  3.6267140411e-06    0.172324991519     2120.0  5.47382356168  -1.13516412554  -1.09025226585
-0.7  0.2  0.5  0.413606510454  0.0863987901282    0.499994699418  -1.2  0.9  1.06011641191e-05   0.172797580256     2130.0  5.44812485951  -1.13454831307  -1.0900534139
-0.7  0.2  0.5  0.413401322133  0.0866042574275    0.49999442044   -1.2  0.9  1.11591201259e-05   0.173208514855     2140.0  5.42266633213  -1.13408243193  -1.08995670436
-0.7  0.2  0.5  0.41325778795   0.0867483495661    0.499993862484  -1.2  0.9  1.22750321387e-05   0.173496699132     2150.0  5.39744462826  -1.13371764155  -1.08984994073
-0.7  0.2  0.5  0.413083008231  0.0869270349771    0.499989956792  -1.2  0.9  2.00864162265e-05   0.173854069954     2160.0  5.37245645868  -1.13322292308  -1.08966748234
-0.7  0.2  0.5  0.412953841416  0.0870535515016    0.499992607083  -1.2  0.9  1.4785834166e-05    0.174107103003     2170.0  5.34769859482  -1.13288359534  -1.08956224504
-0.7  0.2  0.5  0.412738191419  0.087268364564     0.499993444017  -1.2  0.9  1.31119661485e-05   0.174536729128     2180.0  5.32316786732  -1.13233514697  -1.08940246882
-0.7  0.2  0.5  0.412477207497  0.0875275351289    0.499995257374  -1.2  0.9  9.48525210737e-06   0.175055070258     2190.0  5.29886116473  -1.131677048    -1.08921522893
-0.7  0.2  0.5  0.412260860056  0.0877449984824    0.499994141462  -1.2  0.9  1.17170761319e-05   0.175489996965     2200.0  5.27477543216  -1.13116296107  -1.08908989785
-0.7  0.2  0.5  0.412027215978  0.087983664164     0.499989119858  -1.2  0.9  2.17602842442e-05   0.175967328328     2210.0  5.25090767002  -1.1305207779   -1.08886526105
-0.7  0.2  0.5  0.411974349646  0.0880379253857    0.499987724968  -1.2  0.9  2.45500642774e-05   0.176075850771     2220.0  5.22725493277  -1.13038826303  -1.08882706865
-0.7  0.2  0.5  0.411900141498  0.0881058565294    0.499994001973  -1.2  0.9  1.19960541357e-05   0.176211713059     2230.0  5.20381432769  -1.13018914409  -1.08876529058
-0.7  0.2  0.5  0.411605959193  0.0884029681028    0.499991072704  -1.2  0.9  1.78545922012e-05   0.176805936206     2240.0  5.18058301373  -1.12936488155  -1.08846879862
-0.7  0.2  0.5  0.411489904344  0.0885176280621    0.499992467594  -1.2  0.9  1.50648121699e-05   0.177035256124     2250.0  5.15755820033  -1.12914288149  -1.08845653423
-0.7  0.2  0.5  0.411175914601  0.0888331521836    0.499990933215  -1.2  0.9  1.8133570204e-05    0.177666304367     2260.0  5.13473714635  -1.12827934046  -1.08815725411
-0.7  0.2  0.5  0.411144390087  0.088866211077     0.499989398836  -1.2  0.9  2.12023282394e-05   0.177732422154     2270.0  5.11211715892  -1.12822881306  -1.0881625502
-0.7  0.2  0.5  0.410830260856  0.0891827116216    0.499987027523  -1.2  0.9  2.5944954292e-05    0.178365423243     2280.0  5.08969559243  -1.12740642451  -1.08790417148
-0.7  0.2  0.5  0.41062563049   0.0893831573168    0.499991212193  -1.2  0.9  1.75756141973e-05   0.178766314634     2290.0  5.06746984749  -1.12697474693  -1.08784333936
-0.7  0.2  0.5  0.410610705167  0.089400314464     0.499988980369  -1.2  0.9  2.2039262248e-05    0.178800628928     2300.0  5.04543736989  -1.12677676298  -1.0876708819
-0.7  0.2  0.5  0.410370505106  0.0896412119697    0.499988282924  -1.2  0.9  2.34341522636e-05   0.179282423939     2310.0  5.02359564968  -1.12611937524  -1.0874454358
-0.7  0.2  0.5  0.410190006338  0.0898226871608    0.499987306501  -1.2  0.9  2.53869982851e-05   0.179645374322     2320.0  5.00194222015  -1.12570503045  -1.08735540294
-0.7  0.2  0.5  0.409990537066  0.090022714389     0.499986748545  -1.2  0.9  2.65029102989e-05   0.180045428778     2330.0  4.98047465697  -1.12521747315  -1.08722655556
-0.7  0.2  0.5  0.409880480244  0.0901312368322    0.499988282924  -1.2  0.9  2.34341522636e-05   0.180262473664     2340.0  4.95919057724  -1.12490110131  -1.08710920663
-0.7  0.2  0.5  0.409722020738  0.0902954153871    0.499982563875  -1.2  0.9  3.48722503926e-05   0.180590830774     2350.0  4.93808763862  -1.12448320701  -1.08697310801
-0.7  0.2  0.5  0.409553099557  0.0904591754749    0.499987724968  -1.2  0.9  2.45500642775e-05   0.18091835095      2360.0  4.91716353845  -1.12409265159  -1.08688970736
-0.7  0.2  0.5  0.409163088309  0.0908544873054    0.499982424386  -1.2  0.9  3.51512283965e-05   0.181708974611     2370.0  4.89641601298  -1.1230846749   -1.08658057058
-0.7  0.2  0.5  0.409198518515  0.09081752272      0.499983958765  -1.2  0.9  3.20824703613e-05   0.18163504544      2380.0  4.87584283645  -1.12309824118  -1.08653128311
-0.7  0.2  0.5  0.408931397077  0.091083946713     0.49998465621   -1.2  0.9  3.06875803456e-05   0.182167893426     2390.0  4.8554418204   -1.12245262737  -1.08636690635
-0.7  0.2  0.5  0.408614757044  0.0914007262355    0.499984516721  -1.2  0.9  3.09665583496e-05   0.182801452471     2400.0  4.83521081281  -1.12160338939  -1.08608753674
