#mu0            mu1              mu2             x0              x1                 x2              mua   mub   xa                 xb                 T       b              u               phi
0.333333333333  -0.866666666667  0.533333333333  0.5             0.0                0.5             -0.2  -1.2  0.0                0.0                30.0    386.816865025  -1.31774118     -2.18440784667
0.333333333333  -0.866666666667  0.533333333333  0.5             0.0                0.5             -0.2  -1.2  0.0                0.0                40.0    290.112648769  -1.31774118     -2.18440784667
0.333333333333  -0.866666666667  0.533333333333  0.5             0.0                0.5             -0.2  -1.2  0.0                0.0                50.0    232.090119015  -1.31774118     -2.18440784667
0.333333333333  -0.866666666667  0.533333333333  0.5             0.0                0.5             -0.2  -1.2  0.0                0.0                60.0    193.408432513  -1.31774118     -2.18440784667
0.333333333333  -0.866666666667  0.533333333333  0.5             0.0                0.5             -0.2  -1.2  0.0                0.0                70.0    165.778656439  -1.31774118     -2.18440784667
0.333333333333  -0.866666666667  0.533333333333  0.5             0.0                0.5             -0.2  -1.2  0.0                0.0                80.0    145.056324384  -1.31774118     -2.18440784667
0.333333333333  -0.866666666667  0.533333333333  0.5             0.0                0.5             -0.2  -1.2  0.0                0.0                90.0    128.938955008  -1.31774118     -2.18440784667
0.333333333333  -0.866666666667  0.533333333333  0.5             0.0                0.5             -0.2  -1.2  0.0                0.0                100.0   116.045059507  -1.31774118     -2.18440784667
0.333333333333  -0.866666666667  0.533333333333  0.5             0.0                0.5             -0.2  -1.2  0.0                0.0                110.0   105.495508643  -1.31774118     -2.18440784667
0.333333333333  -0.866666666667  0.533333333333  0.5             0.0                0.5             -0.2  -1.2  0.0                0.0                120.0   96.7042162563  -1.31774118     -2.18440784667
0.333333333333  -0.866666666667  0.533333333333  0.5             0.0                0.5             -0.2  -1.2  0.0                0.0                130.0   89.2654303904  -1.31774118     -2.18440784667
0.333333333333  -0.866666666667  0.533333333333  0.5             0.0                0.5             -0.2  -1.2  0.0                0.0                140.0   82.8893282196  -1.31774118     -2.18440784667
0.333333333333  -0.866666666667  0.533333333333  0.5             0.0                0.5             -0.2  -1.2  0.0                0.0                150.0   77.363373005   -1.31774118     -2.18440784667
0.333333333333  -0.866666666667  0.533333333333  0.5             0.0                0.5             -0.2  -1.2  0.0                0.0                160.0   72.5281621922  -1.31774118     -2.18440784667
0.333333333333  -0.866666666667  0.533333333333  0.5             0.0                0.5             -0.2  -1.2  0.0                0.0                170.0   68.2617997103  -1.31774118     -2.18440784667
0.333333333333  -0.866666666667  0.533333333333  0.5             0.0                0.5             -0.2  -1.2  0.0                0.0                180.0   64.4694775042  -1.31774118     -2.18440784667
0.333333333333  -0.866666666667  0.533333333333  0.5             0.0                0.5             -0.2  -1.2  0.0                0.0                190.0   61.0763471092  -1.31774118     -2.18440784667
0.333333333333  -0.866666666667  0.533333333333  0.5             0.0                0.5             -0.2  -1.2  0.0                0.0                200.0   58.0225297537  -1.31774118     -2.18440784667
0.333333333333  -0.866666666667  0.533333333333  0.5             0.0                0.5             -0.2  -1.2  0.0                0.0                210.0   55.2595521464  -1.31774118     -2.18440784667
0.333333333333  -0.866666666667  0.533333333333  0.5             0.0                0.5             -0.2  -1.2  0.0                0.0                220.0   52.7477543216  -1.31774118     -2.18440784667
0.333333333333  -0.866666666667  0.533333333333  0.5             0.0                0.5             -0.2  -1.2  0.0                0.0                230.0   50.4543736989  -1.31774118     -2.18440784667
0.333333333333  -0.866666666667  0.533333333333  0.5             0.0                0.5             -0.2  -1.2  0.0                0.0                240.0   48.3521081281  -1.31774118     -2.18440784667
0.333333333333  -0.866666666667  0.533333333333  0.5             0.0                0.5             -0.2  -1.2  0.0                0.0                250.0   46.418023803   -1.31774118     -2.18440784667
0.333333333333  -0.866666666667  0.533333333333  0.5             0.0                0.5             -0.2  -1.2  0.0                0.0                260.0   44.6327151952  -1.31774118     -2.18440784667
0.333333333333  -0.866666666667  0.533333333333  0.5             0.0                0.5             -0.2  -1.2  0.0                0.0                270.0   42.9796516694  -1.31774118     -2.18440784667
0.333333333333  -0.866666666667  0.533333333333  0.5             0.0                0.5             -0.2  -1.2  0.0                0.0                280.0   41.4446641098  -1.31774118     -2.18440784667
0.333333333333  -0.866666666667  0.533333333333  0.5             0.0                0.5             -0.2  -1.2  0.0                0.0                290.0   40.0155377612  -1.31774118     -2.18440784667
0.333333333333  -0.866666666667  0.533333333333  0.5             0.0                0.5             -0.2  -1.2  0.0                0.0                300.0   38.6816865025  -1.31774118     -2.18440784667
0.333333333333  -0.866666666667  0.533333333333  0.5             0.0                0.5             -0.2  -1.2  0.0                0.0                310.0   37.4338901637  -1.31774118     -2.18440784667
0.333333333333  -0.866666666667  0.533333333333  0.5             0.0                0.5             -0.2  -1.2  0.0                0.0                320.0   36.2640810961  -1.31774118     -2.18440784667
0.333333333333  -0.866666666667  0.533333333333  0.5             0.0                0.5             -0.2  -1.2  0.0                0.0                330.0   35.1651695477  -1.31774118     -2.18440784667
0.333333333333  -0.866666666667  0.533333333333  0.5             0.0                0.5             -0.2  -1.2  0.0                0.0                340.0   34.1308998551  -1.31774118     -2.18440784667
0.333333333333  -0.866666666667  0.533333333333  0.5             0.0                0.5             -0.2  -1.2  0.0                0.0                350.0   33.1557312879  -1.31774118     -2.18440784667
0.333333333333  -0.866666666667  0.533333333333  0.5             0.0                0.5             -0.2  -1.2  0.0                0.0                360.0   32.2347387521  -1.31774118     -2.18440784667
0.333333333333  -0.866666666667  0.533333333333  0.5             0.0                0.5             -0.2  -1.2  0.0                0.0                370.0   31.3635295966  -1.31774118     -2.18440784667
0.333333333333  -0.866666666667  0.533333333333  0.5             0.0                0.5             -0.2  -1.2  0.0                0.0                380.0   30.5381735546  -1.31774118     -2.18440784667
0.333333333333  -0.866666666667  0.533333333333  0.5             0.0                0.5             -0.2  -1.2  0.0                0.0                390.0   29.7551434635  -1.31774118     -2.18440784667
0.333333333333  -0.866666666667  0.533333333333  0.5             0.0                0.5             -0.2  -1.2  0.0                0.0                400.0   29.0112648769  -1.31774118     -2.18440784667
0.333333333333  -0.866666666667  0.533333333333  0.5             0.0                0.5             -0.2  -1.2  0.0                0.0                410.0   28.3036730506  -1.31774118     -2.18440784667
0.333333333333  -0.866666666667  0.533333333333  0.5             0.0                0.5             -0.2  -1.2  0.0                0.0                420.0   27.6297760732  -1.31774118     -2.18440784667
0.333333333333  -0.866666666667  0.533333333333  0.5             0.0                0.5             -0.2  -1.2  0.0                0.0                430.0   26.9872231413  -1.31774118     -2.18440784667
0.333333333333  -0.866666666667  0.533333333333  0.5             0.0                0.5             -0.2  -1.2  0.0                0.0                440.0   26.3738771608  -1.31774118     -2.18440784667
0.333333333333  -0.866666666667  0.533333333333  0.5             0.0                0.5             -0.2  -1.2  0.0                0.0                450.0   25.7877910017  -1.31774118     -2.18440784667
0.333333333333  -0.866666666667  0.533333333333  0.5             0.0                0.5             -0.2  -1.2  0.0                0.0                460.0   25.2271868495  -1.31774118     -2.18440784667
0.333333333333  -0.866666666667  0.533333333333  0.5             0.0                0.5             -0.2  -1.2  0.0                0.0                470.0   24.6904381931  -1.31774118     -2.18440784667
0.333333333333  -0.866666666667  0.533333333333  0.5             0.0                0.5             -0.2  -1.2  0.0                0.0                480.0   24.1760540641  -1.31774118     -2.18440784667
0.333333333333  -0.866666666667  0.533333333333  0.5             0.0                0.5             -0.2  -1.2  0.0                0.0                490.0   23.6826652056  -1.31774118     -2.18440784667
0.333333333333  -0.866666666667  0.533333333333  0.5             0.0                0.5             -0.2  -1.2  0.0                0.0                500.0   23.2090119015  -1.31774118     -2.18440784667
0.333333333333  -0.866666666667  0.533333333333  0.5             0.0                0.5             -0.2  -1.2  0.0                0.0                510.0   22.7539332368  -1.31774118     -2.18440784667
0.333333333333  -0.866666666667  0.533333333333  0.5             0.0                0.5             -0.2  -1.2  0.0                0.0                520.0   22.3163575976  -1.31774118     -2.18440784667
0.333333333333  -0.866666666667  0.533333333333  0.5             0.0                0.5             -0.2  -1.2  0.0                0.0                530.0   21.8952942467  -1.31774118     -2.18440784667
0.333333333333  -0.866666666667  0.533333333333  0.5             0.0                0.5             -0.2  -1.2  0.0                0.0                540.0   21.4898258347  -1.31774118     -2.18440784667
0.333333333333  -0.866666666667  0.533333333333  0.5             0.0                0.5             -0.2  -1.2  0.0                0.0                550.0   21.0991017286  -1.31774118     -2.18440784667
0.333333333333  -0.866666666667  0.533333333333  0.5             0.0                0.5             -0.2  -1.2  0.0                0.0                560.0   20.7223320549  -1.31774118     -2.18440784667
0.333333333333  -0.866666666667  0.533333333333  0.5             0.0                0.5             -0.2  -1.2  0.0                0.0                570.0   20.3587823697  -1.31774118     -2.18440784667
0.333333333333  -0.866666666667  0.533333333333  0.5             0.0                0.5             -0.2  -1.2  0.0                0.0                580.0   20.0077688806  -1.31774118     -2.18440784667
0.333333333333  -0.866666666667  0.533333333333  0.5             0.0                0.5             -0.2  -1.2  0.0                0.0                590.0   19.6686541538  -1.31774118     -2.18440784667
0.333333333333  -0.866666666667  0.533333333333  0.5             0.0                0.5             -0.2  -1.2  0.0                0.0                600.0   19.3408432512  -1.31774118     -2.18440784667
0.333333333333  -0.866666666667  0.533333333333  0.5             0.0                0.5             -0.2  -1.2  0.0                0.0                610.0   19.0237802471  -1.31774118     -2.18440784667
0.333333333333  -0.866666666667  0.533333333333  0.5             0.0                0.5             -0.2  -1.2  0.0                0.0                620.0   18.7169450819  -1.31774118     -2.18440784667
0.333333333333  -0.866666666667  0.533333333333  0.5             0.0                0.5             -0.2  -1.2  0.0                0.0                630.0   18.4198507155  -1.31774118     -2.18440784667
0.333333333333  -0.866666666667  0.533333333333  0.5             0.0                0.5             -0.2  -1.2  0.0                0.0                640.0   18.132040548   -1.31774118     -2.18440784667
0.333333333333  -0.866666666667  0.533333333333  0.5             0.0                0.5             -0.2  -1.2  0.0                0.0                650.0   17.8530860781  -1.31774118     -2.18440784667
0.333333333333  -0.866666666667  0.533333333333  0.5             0.0                0.5             -0.2  -1.2  0.0                0.0                660.0   17.5825847739  -1.31774118     -2.18440784667
0.333333333333  -0.866666666667  0.533333333333  0.5             0.0                0.5             -0.2  -1.2  0.0                0.0                670.0   17.3201581354  -1.31774118     -2.18440784667
0.333333333333  -0.866666666667  0.533333333333  0.5             0.0                0.5             -0.2  -1.2  0.0                0.0                680.0   17.0654499276  -1.31774118     -2.18440784667
0.333333333333  -0.866666666667  0.533333333333  0.5             0.0                0.5             -0.2  -1.2  0.0                0.0                690.0   16.8181245663  -1.31774118     -2.18440784667
0.333333333333  -0.866666666667  0.533333333333  0.5             0.0                0.5             -0.2  -1.2  0.0                0.0                700.0   16.5778656439  -1.31774118     -2.18440784667
0.333333333333  -0.866666666667  0.533333333333  0.5             0.0                0.5             -0.2  -1.2  0.0                0.0                710.0   16.3443745785  -1.31774118     -2.18440784667
0.333333333333  -0.866666666667  0.533333333333  0.5             0.0                0.5             -0.2  -1.2  0.0                0.0                720.0   16.117369376   -1.31774118     -2.18440784667
0.333333333333  -0.866666666667  0.533333333333  0.5             0.0                0.5             -0.2  -1.2  0.0                0.0                730.0   15.8965834942  -1.31774118     -2.18440784667
0.333333333333  -0.866666666667  0.533333333333  0.5             0.0                0.5             -0.2  -1.2  0.0                0.0                740.0   15.6817647983  -1.31774118     -2.18440784667
0.333333333333  -0.866666666667  0.533333333333  0.5             0.0                0.5             -0.2  -1.2  0.0                0.0                750.0   15.472674601   -1.31774118     -2.18440784667
0.333333333333  -0.866666666667  0.533333333333  0.5             0.0                0.5             -0.2  -1.2  0.0                0.0                760.0   15.2690867773  -1.31774118     -2.18440784667
0.333333333333  -0.866666666667  0.533333333333  0.5             0.0                0.5             -0.2  -1.2  0.0                0.0                770.0   15.070786949   -1.31774118     -2.18440784667
0.333333333333  -0.866666666667  0.533333333333  0.5             0.0                0.5             -0.2  -1.2  0.0                0.0                780.0   14.8775717317  -1.31774118     -2.18440784667
0.333333333333  -0.866666666667  0.533333333333  0.5             0.0                0.5             -0.2  -1.2  0.0                0.0                790.0   14.6892480389  -1.31774118     -2.18440784667
0.333333333333  -0.866666666667  0.533333333333  0.5             0.0                0.5             -0.2  -1.2  0.0                0.0                800.0   14.5056324384  -1.31774118     -2.18440784667
0.333333333333  -0.866666666667  0.533333333333  0.5             0.0                0.5             -0.2  -1.2  0.0                0.0                810.0   14.3265505565  -1.31774118     -2.18440784667
0.333333333333  -0.866666666667  0.533333333333  0.5             0.0                0.5             -0.2  -1.2  0.0                0.0                820.0   14.1518365253  -1.31774118     -2.18440784667
0.333333333333  -0.866666666667  0.533333333333  0.5             0.0                0.5             -0.2  -1.2  0.0                0.0                830.0   13.9813324708  -1.31774118     -2.18440784667
0.333333333333  -0.866666666667  0.533333333333  0.5             0.0                0.5             -0.2  -1.2  0.0                0.0                840.0   13.8148880366  -1.31774118     -2.18440784667
0.333333333333  -0.866666666667  0.533333333333  0.5             0.0                0.5             -0.2  -1.2  0.0                0.0                850.0   13.6523599421  -1.31774118     -2.18440784667
0.333333333333  -0.866666666667  0.533333333333  0.5             0.0                0.5             -0.2  -1.2  0.0                0.0                860.0   13.4936115706  -1.31774118     -2.18440784667
0.333333333333  -0.866666666667  0.533333333333  0.5             0.0                0.5             -0.2  -1.2  0.0                0.0                870.0   13.3385125871  -1.31774118     -2.18440784667
0.333333333333  -0.866666666667  0.533333333333  0.5             0.0                0.5             -0.2  -1.2  0.0                0.0                880.0   13.1869385804  -1.31774118     -2.18440784667
0.333333333333  -0.866666666667  0.533333333333  0.5             0.0                0.5             -0.2  -1.2  0.0                0.0                890.0   13.0387707312  -1.31774118     -2.18440784667
0.333333333333  -0.866666666667  0.533333333333  0.5             0.0                0.5             -0.2  -1.2  0.0                0.0                900.0   12.8938955008  -1.31774118     -2.18440784667
0.333333333333  -0.866666666667  0.533333333333  0.5             0.0                0.5             -0.2  -1.2  0.0                0.0                910.0   12.7522043415  -1.31774118     -2.18440784667
0.333333333333  -0.866666666667  0.533333333333  0.500000836934  0.0                0.499999163066  -0.2  -1.2  1.67386801941e-06  0.0                920.0   12.6135934247  -1.3177394975   -2.18440582939
0.333333333333  -0.866666666667  0.533333333333  0.500000139489  0.0                0.499999860511  -0.2  -1.2  2.78978003809e-07  0.0                930.0   12.4779633879  -1.31774089958  -2.18440751045
0.333333333333  -0.866666666667  0.533333333333  0.500000139489  0.0                0.499999860511  -0.2  -1.2  2.78978003809e-07  0.0                940.0   12.3452190965  -1.31774089958  -2.18440751045
0.333333333333  -0.866666666667  0.533333333333  0.5             0.0                0.5             -0.2  -1.2  0.0                0.0                950.0   12.2152694218  -1.31774118     -2.18440784667
0.333333333333  -0.866666666667  0.533333333333  0.500000278978  0.0                0.499999721022  -0.2  -1.2  5.57956005842e-07  0.0                960.0   12.088027032   -1.31774061917  -2.18440717424
0.333333333333  -0.866666666667  0.533333333333  0.5             0.0                0.5             -0.2  -1.2  0.0                0.0                970.0   11.9634081967  -1.31774118     -2.18440784667
0.333333333333  -0.866666666667  0.533333333333  0.500000418467  0.0                0.499999581533  -0.2  -1.2  8.36934009874e-07  0.0                980.0   11.8413326028  -1.31774033875  -2.18440683803
0.333333333333  -0.866666666667  0.533333333333  0.5             0.0                0.5             -0.2  -1.2  0.0                0.0                990.0   11.7217231826  -1.31774118     -2.18440784667
0.333333333333  -0.866666666667  0.533333333333  0.500000139489  0.0                0.499999860511  -0.2  -1.2  2.78978003809e-07  0.0                1000.0  11.6045059507  -1.31774089958  -2.18440751045
0.333333333333  -0.866666666667  0.533333333333  0.500000139489  0.0                0.499999860511  -0.2  -1.2  2.78978003809e-07  0.0                1010.0  11.4896098522  -1.31774089958  -2.18440751045
0.333333333333  -0.866666666667  0.533333333333  0.500000697445  0.0                0.499999302555  -0.2  -1.2  1.39489001572e-06  0.0                1020.0  11.3769666184  -1.31773977792  -2.18440616561
0.333333333333  -0.866666666667  0.533333333333  0.500000278978  0.0                0.499999721022  -0.2  -1.2  5.57956005842e-07  0.0                1030.0  11.2665106318  -1.31774061917  -2.18440717424
0.333333333333  -0.866666666667  0.533333333333  0.500000418467  0.0                0.499999581533  -0.2  -1.2  8.36934009874e-07  0.0                1040.0  11.1581787988  -1.31774033875  -2.18440683803
0.333333333333  -0.866666666667  0.533333333333  0.500000697445  0.0                0.499999302555  -0.2  -1.2  1.39489001572e-06  0.0                1050.0  11.0519104293  -1.31773977792  -2.18440616561
0.333333333333  -0.866666666667  0.533333333333  0.500001255401  0.0                0.499998744599  -0.2  -1.2  2.5108020274e-06   0.0                1060.0  10.9476471233  -1.31773865625  -2.18440482076
0.333333333333  -0.866666666667  0.533333333333  0.500000836934  0.0                0.499999163066  -0.2  -1.2  1.67386801941e-06  0.0                1070.0  10.8453326643  -1.3177394975   -2.18440582939
0.333333333333  -0.866666666667  0.533333333333  0.500002650291  0.0                0.499997349709  -0.2  -1.2  5.30058206039e-06  0.0                1080.0  10.7449129174  -1.31773585208  -2.18440145863
0.333333333333  -0.866666666667  0.533333333333  0.50000139489   0.0                0.49999860511   -0.2  -1.2  2.7897800311e-06   0.0                1090.0  10.6463357346  -1.31773837583  -2.18440448454
0.333333333333  -0.866666666667  0.533333333333  0.500000697445  0.0                0.499999302555  -0.2  -1.2  1.39489001572e-06  0.0                1100.0  10.5495508643  -1.31773977792  -2.18440616561
0.333333333333  -0.866666666667  0.533333333333  0.500001534379  0.0                0.499998465621  -0.2  -1.2  3.06875803524e-06  0.0                1110.0  10.4545098655  -1.31773809542  -2.18440414833
0.333333333333  -0.866666666667  0.533333333333  0.500002231824  0.0                0.499997768176  -0.2  -1.2  4.46364805073e-06  0.0                1120.0  10.3611660275  -1.31773669333  -2.18440246727
0.333333333333  -0.866666666667  0.533333333333  0.500001673868  0.0                0.499998326132  -0.2  -1.2  3.34773603705e-06  0.0                1130.0  10.2694742927  -1.317737815    -2.18440381212
0.333333333333  -0.866666666667  0.533333333333  0.500002929269  0.0                0.499997070731  -0.2  -1.2  5.85853806634e-06  0.0                1140.0  10.1793911849  -1.31773529125  -2.18440078621
0.333333333333  -0.866666666667  0.533333333333  0.500003068758  0.0                0.499996931242  -0.2  -1.2  6.13751606826e-06  0.0                1150.0  10.0908747398  -1.31773501083  -2.18440045
0.333333333333  -0.866666666667  0.533333333333  0.500004045181  0.0                0.499995954819  -0.2  -1.2  8.09036209182e-06  0.0                1160.0  10.0038844403  -1.31773304792  -2.18439809651
0.333333333333  -0.866666666667  0.533333333333  0.500002231824  0.0                0.499997768176  -0.2  -1.2  4.46364805073e-06  0.0                1170.0  9.91838115449  -1.31773669333  -2.18440246727
0.333333333333  -0.866666666667  0.533333333333  0.500002929269  0.0                0.499997070731  -0.2  -1.2  5.85853806634e-06  0.0                1180.0  9.83432707691  -1.31773529125  -2.18440078621
0.333333333333  -0.866666666667  0.533333333333  0.500004742626  0.0                0.499995257374  -0.2  -1.2  9.48525210731e-06  0.0                1190.0  9.7516856729   -1.31773164583  -2.18439641545
0.333333333333  -0.866666666667  0.533333333333  0.500005300582  0.0                0.499994699418  -0.2  -1.2  1.0601164119e-05   0.0                1200.0  9.67042162562  -1.31773052417  -2.1843950706
0.333333333333  -0.866666666667  0.533333333333  0.50000557956   0.0                0.49999442044   -0.2  -1.2  1.11591201248e-05  0.0                1210.0  9.59050078574  -1.31772996333  -2.18439439818
0.333333333333  -0.866666666667  0.533333333333  0.500004742626  0.0                0.499995257374  -0.2  -1.2  9.48525210731e-06  0.0                1220.0  9.51189012357  -1.31773164583  -2.18439641545
0.333333333333  -0.866666666667  0.533333333333  0.500004324159  0.0                0.499995675841  -0.2  -1.2  8.64831809766e-06  0.0                1230.0  9.43455768354  -1.31773248708  -2.18439742409
0.333333333333  -0.866666666667  0.533333333333  0.500007532406  0.0                0.499992467594  -0.2  -1.2  1.50648121701e-05  0.0                1240.0  9.35847254093  -1.3177260375   -2.1843896912
0.333333333333  -0.866666666667  0.533333333333  0.500005719049  0.0                0.499994280951  -0.2  -1.2  1.1438098129e-05   0.0                1250.0  9.2836047606   -1.31772968292  -2.18439406196
0.333333333333  -0.866666666667  0.533333333333  0.500008508829  0.0                0.499991491171  -0.2  -1.2  1.70176581915e-05  0.0                1260.0  9.20992535774  -1.31772407458  -2.18438733772
0.333333333333  -0.866666666667  0.533333333333  0.500007392917  0.0                0.499992607083  -0.2  -1.2  1.47858341659e-05  0.0                1270.0  9.13740626043  -1.31772631792  -2.18439002742
0.333333333333  -0.866666666667  0.533333333333  0.500007113939  0.0                0.499992886061  -0.2  -1.2  1.42278781601e-05  0.0                1280.0  9.06602027402  -1.31772687875  -2.18439069984
0.333333333333  -0.866666666667  0.533333333333  0.500011298609  0.0                0.499988701391  -0.2  -1.2  2.25972182539e-05  0.0                1290.0  8.99574104709  -1.31771846625  -2.18438061347
0.333333333333  -0.866666666667  0.533333333333  0.500012414521  0.0                0.499987585479  -0.2  -1.2  2.48290422792e-05  0.0                1300.0  8.92654303904  -1.31771622292  -2.18437792377
0.333333333333  -0.866666666667  0.533333333333  0.500012414521  0.0                0.499987585479  -0.2  -1.2  2.48290422792e-05  0.0                1310.0  8.85840148912  -1.31771622292  -2.18437792377
0.333333333333  -0.866666666667  0.533333333333  0.50001255401   0.0                0.49998744599   -0.2  -1.2  2.51080202833e-05  0.0                1320.0  8.79129238693  -1.3177159425   -2.18437758756
0.333333333333  -0.866666666667  0.533333333333  0.500011438098  0.0                0.499988561902  -0.2  -1.2  2.28761962577e-05  0.0                1330.0  8.72519244417  -1.31771818583  -2.18438027726
0.333333333333  -0.866666666667  0.533333333333  0.500017575614  0.0                0.499982424386  -0.2  -1.2  3.51512283965e-05  0.0                1340.0  8.66007906772  -1.3177058475   -2.18436548392
0.333333333333  -0.866666666667  0.533333333333  0.500017017658  0.0                0.499982982342  -0.2  -1.2  3.40353163829e-05  0.0                1350.0  8.59593033389  -1.31770696917  -2.18436682877
0.333333333333  -0.866666666667  0.533333333333  0.500016041235  0.0                0.499983958765  -0.2  -1.2  3.20824703612e-05  0.0                1360.0  8.53272496379  -1.31770893208  -2.18436918226
0.333333333333  -0.866666666667  0.533333333333  0.500017017658  0.0                0.499982982342  -0.2  -1.2  3.40353163829e-05  0.0                1370.0  8.47044229982  -1.31770696917  -2.18436682877
0.333333333333  -0.866666666667  0.533333333333  0.500020783861  0.0                0.499979216139  -0.2  -1.2  4.15677224687e-05  0.0                1380.0  8.40906228315  -1.31769939792  -2.18435775104
0.333333333333  -0.866666666667  0.533333333333  0.500020365394  0.0                0.499979634606  -0.2  -1.2  4.07307884589e-05  0.0                1390.0  8.34856543219  -1.31770023879  -2.1843587593
0.333333333333  -0.866666666667  0.533333333333  0.500022597218  0.0                0.499977402782  -0.2  -1.2  4.51944365096e-05  0.0                1400.0  8.28893282196  -1.3176957525   -2.18435338028
0.333333333333  -0.866666666667  0.533333333333  0.500022457729  0.0                0.499977542271  -0.2  -1.2  4.49154585058e-05  0.0                1410.0  8.23014606436  -1.31769603292  -2.18435371649
0.333333333333  -0.866666666667  0.533333333333  0.5000278978    0.0                0.4999721022    -0.2  -1.2  5.57956006288e-05  0.0                1420.0  8.17218728926  -1.31768509667  -2.18434060421
0.333333333333  -0.866666666667  0.533333333333  0.500028037289  0.0                0.499971962711  -0.2  -1.2  5.6074578631e-05   0.0                1430.0  8.1150391264   -1.31768481625  -2.184340268
0.333333333333  -0.866666666667  0.533333333333  0.500026642399  0.0                0.499973357601  -0.2  -1.2  5.32847985997e-05  0.0                1440.0  8.05868468802  -1.31768761967  -2.18434362938
0.333333333333  -0.866666666667  0.533333333333  0.500036546118  0.0                0.499963453882  -0.2  -1.2  7.30922368241e-05  0.0                1450.0  8.00310755224  -1.31766771083  -2.18431975905
0.333333333333  -0.866666666667  0.533333333333  0.500029711157  0.0                0.499970288843  -0.2  -1.2  5.94223146698e-05  0.0                1460.0  7.94829174709  -1.31768145051  -2.18433623271
0.333333333333  -0.866666666667  0.533333333333  0.50003905692   0.0                0.49996094308   -0.2  -1.2  7.8113840879e-05   0.0                1470.0  7.8942217352   -1.31766266333  -2.18431370723
0.333333333333  -0.866666666667  0.533333333333  0.500041986189  0.0                0.499958013811  -0.2  -1.2  8.39723789454e-05  0.0                1480.0  7.84088239916  -1.3176567764   -2.18430664859
0.333333333333  -0.866666666667  0.533333333333  0.500039614876  0.0                0.499960385124  -0.2  -1.2  7.92297528927e-05  0.0                1490.0  7.78825902735  -1.31766154348  -2.18431236419
0.333333333333  -0.866666666667  0.533333333333  0.500046310349  0.0                0.499953689651  -0.2  -1.2  9.26206970431e-05  0.0                1500.0  7.7363373005   -1.31764808166  -2.18429622419
0.333333333333  -0.866666666667  0.533333333333  0.500043381079  0.0                0.499956618921  -0.2  -1.2  8.67621589764e-05  0.0                1510.0  7.68510327864  -1.31765397041  -2.18430328465
0.333333333333  -0.866666666667  0.533333333333  0.500057190491  0.0                0.499942809509  -0.2  -1.2  0.000114380981289  0.0                1520.0  7.63454338865  -1.31762621061  -2.18427000108
0.333333333333  -0.866666666667  0.533333333333  0.500055098156  0.0                0.499944901844  -0.2  -1.2  0.000110196311241  0.0                1530.0  7.58464441225  -1.31763041541  -2.18427504282
0.333333333333  -0.866666666667  0.533333333333  0.500058306403  0.0                0.499941693597  -0.2  -1.2  0.000116612805314  0.0                1540.0  7.53539347451  -1.31762395804  -2.18426730214
0.333333333333  -0.866666666667  0.533333333333  0.500062491073  0.0                0.499937508927  -0.2  -1.2  0.000124982145408  0.0                1550.0  7.48677803274  -1.31761554528  -2.18425721552
0.333333333333  -0.866666666667  0.533333333333  0.500066257276  0.0                0.499933742724  -0.2  -1.2  0.000132514551492  0.0                1560.0  7.43878586587  -1.31760798097  -2.18424814472
0.333333333333  -0.866666666667  0.533333333333  0.500065838809  0.0                0.499934161191  -0.2  -1.2  0.000131677617483  0.0                1570.0  7.39140506417  -1.3176088244   -2.18424915554
0.333333333333  -0.866666666667  0.533333333333  0.50006569932   0.0                0.49993430068   -0.2  -1.2  0.00013139863948   0.0                1580.0  7.34462401946  -1.31760910747  -2.18424949441
0.333333333333  -0.866666666667  0.533333333333  0.500084530335  0.0                0.499915469665  -0.2  -1.2  0.000169060669904  0.0                1590.0  7.29843141557  -1.31757117936  -2.18420403389
0.333333333333  -0.866666666667  0.533333333333  0.500069047056  0.0                0.499930952944  -0.2  -1.2  0.000138094111555  0.0                1600.0  7.25281621922  -1.31760236686  -2.18424141471
0.333333333333  -0.866666666667  0.533333333333  0.500082856467  0.0                0.499917143533  -0.2  -1.2  0.000165712933867  0.0                1610.0  7.20776767127  -1.31757461548  -2.18420813956
0.333333333333  -0.866666666667  0.533333333333  0.500086762159  0.0                0.499913237841  -0.2  -1.2  0.000173524317955  0.0                1620.0  7.16327527824  -1.31756675378  -2.18419871558
0.333333333333  -0.866666666667  0.533333333333  0.500090249384  0.0                0.499909750616  -0.2  -1.2  0.000180498768033  0.0                1630.0  7.11932880414  -1.31755975367  -2.18419032058
0.333333333333  -0.866666666667  0.533333333333  0.500105314196  1.39489001953e-07  0.499894546315  -0.2  -1.2  0.000210907370376  2.78978003906e-07  1640.0  7.07591826265  -1.31752889051  -2.18415304093
0.333333333333  -0.866666666667  0.533333333333  0.500095828944  0.0                0.499904171056  -0.2  -1.2  0.000191657888158  0.0                1650.0  7.03303390954  -1.31754854018  -2.18417687527
0.333333333333  -0.866666666667  0.533333333333  0.500109219888  0.0                0.499890780112  -0.2  -1.2  0.000218439776461  0.0                1660.0  6.99066623539  -1.31752161673  -2.18414459544
0.333333333333  -0.866666666667  0.533333333333  0.500118426162  2.7897800293e-07   0.49988129486   -0.2  -1.2  0.000237410280674  5.57956005859e-07  1670.0  6.94880595853  -1.31750196963  -2.18412048469
0.333333333333  -0.866666666667  0.533333333333  0.500132235573  8.36934009766e-07  0.499866927493  -0.2  -1.2  0.000266145014998  1.67386801953e-06  1680.0  6.9074440183   -1.31747193056  -2.18408335958
0.333333333333  -0.866666666667  0.533333333333  0.50012707448   2.7897800293e-07   0.499872646542  -0.2  -1.2  0.000254706916869  5.57956005859e-07  1690.0  6.86657156849  -1.31748457373  -2.18409962947
0.333333333333  -0.866666666667  0.533333333333  0.500132235573  0.0                0.499867764427  -0.2  -1.2  0.000264471146979  0.0                1700.0  6.82617997103  -1.31747533523  -2.18408910767
0.333333333333  -0.866666666667  0.533333333333  0.500133769953  1.39489001953e-07  0.499866090558  -0.2  -1.2  0.000267818883017  2.78978003906e-07  1710.0  6.78626078991  -1.3174717027   -2.18408447082
0.333333333333  -0.866666666667  0.533333333333  0.500153577391  0.0                0.499846422609  -0.2  -1.2  0.000307154781459  0.0                1720.0  6.74680578532  -1.31743246208  -2.18403769779
0.333333333333  -0.866666666667  0.533333333333  0.500151624545  2.7897800293e-07   0.499848096477  -0.2  -1.2  0.000303807045422  5.57956005859e-07  1730.0  6.70780690795  -1.31743523663  -2.18404047234
0.333333333333  -0.866666666667  0.533333333333  0.500169897604  0.0                0.499830102396  -0.2  -1.2  0.000339795207828  0.0                1740.0  6.66925629353  -1.31739958417  -2.18399829179
0.333333333333  -0.866666666667  0.533333333333  0.500186357306  1.39489001953e-07  0.499813503205  -0.2  -1.2  0.000372993590202  2.78978003906e-07  1750.0  6.63114625757  -1.31736597821  -2.18395771139
0.333333333333  -0.866666666667  0.533333333333  0.500162783665  2.7897800293e-07   0.499836937357  -0.2  -1.2  0.000326125285674  5.57956005859e-07  1760.0  6.5934692902   -1.31741279802  -2.18401357008
0.333333333333  -0.866666666667  0.533333333333  0.500193192267  1.39489001953e-07  0.499806668244  -0.2  -1.2  0.000386663512356  2.78978003906e-07  1770.0  6.55621805127  -1.31735223286  -2.18394123205
0.333333333333  -0.866666666667  0.533333333333  0.500208396568  5.57956005859e-07  0.499791045476  -0.2  -1.2  0.000417909048707  1.11591201172e-06  1780.0  6.51938536559  -1.31731993569  -2.18390168145
0.333333333333  -0.866666666667  0.533333333333  0.500191518399  0.0                0.499808481601  -0.2  -1.2  0.000383036798314  0.0                1790.0  6.4829642183   -1.31735619744  -2.18394625674
0.333333333333  -0.866666666667  0.533333333333  0.500212162771  6.97445007813e-07  0.499787139784  -0.2  -1.2  0.000425720432795  1.39489001563e-06  1800.0  6.44694775042  -1.31731183624  -2.18389168495
0.333333333333  -0.866666666667  0.533333333333  0.500217323864  8.36934009766e-07  0.499781839202  -0.2  -1.2  0.000436321596915  1.67386801953e-06  1810.0  6.41132925456  -1.3173008588   -2.1838782525
0.333333333333  -0.866666666667  0.533333333333  0.500211883793  1.1159120127e-06   0.499787000295  -0.2  -1.2  0.000425999410799  2.23182402539e-06  1820.0  6.37610217074  -1.31731064347  -2.18388943207
0.333333333333  -0.866666666667  0.533333333333  0.500243547797  0.0                0.499756452203  -0.2  -1.2  0.000487095593486  0.0                1830.0  6.34126008238  -1.31725153472  -2.18382078227
0.333333333333  -0.866666666667  0.533333333333  0.500241036995  0.0                0.499758963005  -0.2  -1.2  0.00048207398943   0.0                1840.0  6.30679671236  -1.31725660142  -2.18382685329
0.333333333333  -0.866666666667  0.533333333333  0.500263215746  0.0                0.499736784254  -0.2  -1.2  0.00052643149193   0.0                1850.0  6.27270591932  -1.31721202645  -2.18377340682
0.333333333333  -0.866666666667  0.533333333333  0.500293205881  0.0                0.499706794119  -0.2  -1.2  0.000586411762606  0.0                1860.0  6.23898169395  -1.31715179422  -2.18370117853
0.333333333333  -0.866666666667  0.533333333333  0.50029613515   5.57956005859e-07  0.499703306894  -0.2  -1.2  0.000593386212683  1.11591201172e-06  1870.0  6.20561815548  -1.31714333588  -2.18368998621
0.333333333333  -0.866666666667  0.533333333333  0.500302551644  1.39489001953e-07  0.499697308867  -0.2  -1.2  0.000605382266819  2.78978003906e-07  1880.0  6.17260954827  -1.31713237769  -2.18367763313
0.333333333333  -0.866666666667  0.533333333333  0.500301017265  0.0                0.499698982735  -0.2  -1.2  0.000602034530781  0.0                1890.0  6.13995023849  -1.31713597936  -2.18368223912
0.333333333333  -0.866666666667  0.533333333333  0.500297948507  8.36934009766e-07  0.499701214559  -0.2  -1.2  0.000597570882731  1.67386801953e-06  1900.0  6.10763471092  -1.31713883195  -2.1836839758
0.333333333333  -0.866666666667  0.533333333333  0.500338958274  0.0                0.499661041726  -0.2  -1.2  0.000677916547637  0.0                1910.0  6.07565756584  -1.31705976088  -2.18359084423
0.333333333333  -0.866666666667  0.533333333333  0.500341329587  2.7897800293e-07   0.499658391435  -0.2  -1.2  0.000683217129695  5.57956005859e-07  1920.0  6.04401351602  -1.31705383754  -2.18358319123
0.333333333333  -0.866666666667  0.533333333333  0.500343003455  5.57956005859e-07  0.499656438589  -0.2  -1.2  0.000687122821739  1.11591201172e-06  1930.0  6.01269738381  -1.31704928188  -2.18357718489
0.333333333333  -0.866666666667  0.533333333333  0.500372156656  2.7897800293e-07   0.499627564366  -0.2  -1.2  0.000744871268391  5.57956005859e-07  1940.0  5.98170409833  -1.31699177424  -2.18350879711
0.333333333333  -0.866666666667  0.533333333333  0.500384710666  2.7897800293e-07   0.499615010356  -0.2  -1.2  0.000769979288673  5.57956005859e-07  1950.0  5.95102869269  -1.3169666041   -2.18347860536
0.333333333333  -0.866666666667  0.533333333333  0.50040800533   0.0                0.49959199467   -0.2  -1.2  0.000816010659191  0.0                1960.0  5.9206663014   -1.3169208969   -2.18342436143
0.333333333333  -0.866666666667  0.533333333333  0.500391824605  1.95284602246e-06  0.499606222549  -0.2  -1.2  0.000787554902871  3.90569204492e-06  1970.0  5.89061215774  -1.31694531505  -2.1834497839
0.333333333333  -0.866666666667  0.533333333333  0.500424883499  5.57956005859e-07  0.499574558545  -0.2  -1.2  0.000850882909584  1.11591201172e-06  1980.0  5.86086159129  -1.31688475649  -2.18337990748
0.333333333333  -0.866666666667  0.533333333333  0.500439390355  1.53437901758e-06  0.499559075266  -0.2  -1.2  0.000881849467934  3.06875803516e-06  1990.0  5.8314100255   -1.31685142268  -2.18333803695
0.333333333333  -0.866666666667  0.533333333333  0.500465893265  9.76423010742e-07  0.499533130312  -0.2  -1.2  0.000933739376518  1.95284602148e-06  2000.0  5.80225297537  -1.31680038824  -2.18327796362
0.333333333333  -0.866666666667  0.533333333333  0.500461429617  9.76423010742e-07  0.49953759396   -0.2  -1.2  0.000924812080417  1.95284602148e-06  2010.0  5.77338604515  -1.31680943674  -2.18328879757
0.333333333333  -0.866666666667  0.533333333333  0.50048904844   4.18467004883e-07  0.499510533093  -0.2  -1.2  0.000978933813027  8.36934009766e-07  2020.0  5.74480492611  -1.31675617277  -2.18322604835
0.333333333333  -0.866666666667  0.533333333333  0.50049741778   6.97445007813e-07  0.499501884775  -0.2  -1.2  0.000996230449221  1.39489001563e-06  2030.0  5.71650539446  -1.31673819934  -2.18320394604
0.333333333333  -0.866666666667  0.533333333333  0.500521688866  8.36934009766e-07  0.4994774742    -0.2  -1.2  0.00104505159977   1.67386801953e-06  2040.0  5.68848330919  -1.31668888913  -2.18314453684
0.333333333333  -0.866666666667  0.533333333333  0.50054205426   6.97445007813e-07  0.499457248295  -0.2  -1.2  0.00108550341023   1.39489001563e-06  2050.0  5.66073461012  -1.31664866969  -2.1830965618
0.333333333333  -0.866666666667  0.533333333333  0.500582227093  5.57956005859e-07  0.499417214951  -0.2  -1.2  0.00116557009713   1.11591201172e-06  2060.0  5.6332553159   -1.31656835346  -2.18300056702
0.333333333333  -0.866666666667  0.533333333333  0.500568138703  9.76423010742e-07  0.499430884874  -0.2  -1.2  0.00113823025282   1.95284602148e-06  2070.0  5.6060415221   -1.31659489099  -2.18303156819
0.333333333333  -0.866666666667  0.533333333333  0.500596175993  3.62671404102e-06  0.499400197293  -0.2  -1.2  0.00119960541351   7.25342808203e-06  2080.0  5.5790893994   -1.31652741479  -2.18294545626
0.333333333333  -0.866666666667  0.533333333333  0.500610822338  1.53437901758e-06  0.499387643283  -0.2  -1.2  0.0012247134338    3.06875803516e-06  2090.0  5.55239519175  -1.31650663487  -2.18292467634
0.333333333333  -0.866666666667  0.533333333333  0.500633838023  1.1159120127e-06   0.499365046065  -0.2  -1.2  0.0012699078703    2.23182402539e-06  2100.0  5.52595521464  -1.31646235     -2.18287235691
0.333333333333  -0.866666666667  0.533333333333  0.500659643488  1.81335702051e-06  0.499338543155  -0.2  -1.2  0.0013229136909    3.62671404102e-06  2110.0  5.49976585344  -1.31640750119  -2.18280523306
0.333333333333  -0.866666666667  0.533333333333  0.500649739769  2.78978003125e-06  0.499347470451  -0.2  -1.2  0.0013050590987    5.5795600625e-06   2120.0  5.47382356168  -1.31642333899  -2.18282229837
0.333333333333  -0.866666666667  0.533333333333  0.500702048145  9.76423010742e-07  0.499296975432  -0.2  -1.2  0.00140604913584   1.95284602148e-06  2130.0  5.44812485951  -1.31632564899  -2.18270876241
0.333333333333  -0.866666666667  0.533333333333  0.500714741644  2.51080202832e-06  0.499282747554  -0.2  -1.2  0.00143450489216   5.02160405664e-06  2140.0  5.42266633213  -1.31629357356  -2.18266731332
0.333333333333  -0.866666666667  0.533333333333  0.500706372304  4.32415904883e-06  0.499289303537  -0.2  -1.2  0.00142139292601   8.64831809766e-06  2150.0  5.39744462826  -1.31630315571  -2.18267516581
0.333333333333  -0.866666666667  0.533333333333  0.500756867323  1.95284602246e-06  0.499241179831  -0.2  -1.2  0.00151764033709   3.90569204492e-06  2160.0  5.37245645868  -1.31621155928  -2.18257001105
0.333333333333  -0.866666666667  0.533333333333  0.500796900666  2.9292690332e-06   0.499200170065  -0.2  -1.2  0.00159965987002   5.85853806641e-06  2170.0  5.34769859482  -1.31612698276  -2.18246668721
0.333333333333  -0.866666666667  0.533333333333  0.500823682554  3.48722503906e-06  0.499172830221  -0.2  -1.2  0.00165433955863   6.97445007813e-06  2180.0  5.32316786732  -1.31607029884  -2.18239772825
0.333333333333  -0.866666666667  0.533333333333  0.500850185465  2.78978003125e-06  0.499147024755  -0.2  -1.2  0.00170595048922   5.5795600625e-06   2190.0  5.29886116473  -1.31602040543  -2.18233918653
0.333333333333  -0.866666666667  0.533333333333  0.500833586273  4.0451810459e-06   0.499162368546  -0.2  -1.2  0.00167526290887   8.0903620918e-06   2200.0  5.27477543216  -1.31604839883  -2.18237030449
0.333333333333  -0.866666666667  0.533333333333  0.500897332747  3.90569204395e-06  0.499098761561  -0.2  -1.2  0.0018024768783    7.81138408789e-06  2210.0  5.25090767002  -1.31592093633  -2.18221773396
0.333333333333  -0.866666666667  0.533333333333  0.500895798368  2.51080202832e-06  0.49910169083   -0.2  -1.2  0.00179661834024   5.02160405664e-06  2220.0  5.22725493277  -1.31592965848  -2.18223097556
0.333333333333  -0.866666666667  0.533333333333  0.500960242287  3.62671404102e-06  0.499036130999  -0.2  -1.2  0.00192773800171   7.25342808203e-06  2230.0  5.20381432769  -1.31579529679  -2.18206771174
0.333333333333  -0.866666666667  0.533333333333  0.500964845424  5.02160405664e-06  0.499030132972  -0.2  -1.2  0.00193973405585   1.00432081133e-05  2240.0  5.18058301373  -1.31578041507  -2.18204708307
0.333333333333  -0.866666666667  0.533333333333  0.501015758909  3.76620304199e-06  0.498980474888  -0.2  -1.2  0.00203905022497   7.53240608398e-06  2250.0  5.15755820033  -1.31568348632  -2.18193330405
0.333333333333  -0.866666666667  0.533333333333  0.501006552635  5.02160405664e-06  0.498988425761  -0.2  -1.2  0.00202314847879   1.00432081133e-05  2260.0  5.13473714635  -1.31569656343  -2.18194654855
0.333333333333  -0.866666666667  0.533333333333  0.501033474013  5.44007106152e-06  0.498961085916  -0.2  -1.2  0.0020778281674    1.0880142123e-05   2270.0  5.11211715892  -1.31564061139  -2.18187865625
0.333333333333  -0.866666666667  0.533333333333  0.501077552537  3.20824703613e-06  0.498919239216  -0.2  -1.2  0.00216152156835   6.41649407227e-06  2280.0  5.08969559243  -1.31556139077  -2.18178805333
0.333333333333  -0.866666666667  0.533333333333  0.501137532808  3.62671404102e-06  0.498858840478  -0.2  -1.2  0.00228231904371   7.25342808203e-06  2290.0  5.06746984749  -1.31543893868  -2.18164043742
0.333333333333  -0.866666666667  0.533333333333  0.50114562317   7.53240608496e-06  0.498846844424  -0.2  -1.2  0.00230631115198   1.50648121699e-05  2300.0  5.04543736989  -1.3154067118   -2.18159403847
0.333333333333  -0.866666666667  0.533333333333  0.50119165454   5.99802706738e-06  0.498802347433  -0.2  -1.2  0.00239530513498   1.19960541348e-05  2310.0  5.02359564968  -1.31532048556  -2.18149369593
0.333333333333  -0.866666666667  0.533333333333  0.501192909941  3.62671404102e-06  0.498803463345  -0.2  -1.2  0.00239307331096   7.25342808203e-06  2320.0  5.00194222015  -1.31532777703  -2.18150712492
0.333333333333  -0.866666666667  0.533333333333  0.501233222263  6.83496107715e-06  0.498759942776  -0.2  -1.2  0.00248011444794   1.36699221543e-05  2330.0  4.98047465697  -1.31523312211  -2.18138736198
0.333333333333  -0.866666666667  0.533333333333  0.501278137721  8.22985109277e-06  0.498713632428  -0.2  -1.2  0.00257273514498   1.64597021855e-05  2340.0  4.95919057724  -1.31513709412  -2.18126946211
0.333333333333  -0.866666666667  0.533333333333  0.50127269765   9.90371911133e-06  0.498717398631  -0.2  -1.2  0.00256520273889   1.98074382227e-05  2350.0  4.93808763862  -1.31514093409  -2.18127079129
0.333333333333  -0.866666666667  0.533333333333  0.50131886851   1.08801421221e-05  0.498670251348  -0.2  -1.2  0.00265949730396   2.17602842441e-05  2360.0  4.91716353845  -1.31504452357  -2.18115317843
0.333333333333  -0.866666666667  0.533333333333  0.501305756544  8.64831809766e-06  0.498685595138  -0.2  -1.2  0.00262880972361   1.72966361953e-05  2370.0  4.89641601298  -1.31507936752  -2.18119951628
0.333333333333  -0.866666666667  0.533333333333  0.50139991162   7.95087308984e-06  0.498592137507  -0.2  -1.2  0.00281572498572   1.59017461797e-05  2380.0  4.87584283645  -1.31489289533  -2.1809773349
0.333333333333  -0.866666666667  0.533333333333  0.501429901755  8.78780709863e-06  0.498561310438  -0.2  -1.2  0.00287737912441   1.75756141973e-05  2390.0  4.8554418204   -1.31482896736  -2.18089906747
0.333333333333  -0.866666666667  0.533333333333  0.501465471451  1.38094111553e-05  0.498520719138  -0.2  -1.2  0.00295856172333   2.76188223105e-05  2400.0  4.83521081281  -1.31473786889  -2.18077968062
