#mu0  mu1   mu2  x0              x1                 x2              mua   mub   xa                 xb                 T       b              u               phi
0.0   -1.3  1.3  0.5             0.0                0.5             -1.3  -1.3  0.0                0.0                30.0    386.816865025  -1.31774118     -2.61774118
0.0   -1.3  1.3  0.5             0.0                0.5             -1.3  -1.3  0.0                0.0                40.0    290.112648769  -1.31774118     -2.61774118
0.0   -1.3  1.3  0.5             0.0                0.5             -1.3  -1.3  0.0                0.0                50.0    232.090119015  -1.31774118     -2.61774118
0.0   -1.3  1.3  0.5             0.0                0.5             -1.3  -1.3  0.0                0.0                60.0    193.408432513  -1.31774118     -2.61774118
0.0   -1.3  1.3  0.5             0.0                0.5             -1.3  -1.3  0.0                0.0                70.0    165.778656439  -1.31774118     -2.61774118
0.0   -1.3  1.3  0.5             0.0                0.5             -1.3  -1.3  0.0                0.0                80.0    145.056324384  -1.31774118     -2.61774118
0.0   -1.3  1.3  0.5             0.0                0.5             -1.3  -1.3  0.0                0.0                90.0    128.938955008  -1.31774118     -2.61774118
0.0   -1.3  1.3  0.5             0.0                0.5             -1.3  -1.3  0.0                0.0                100.0   116.045059507  -1.31774118     -2.61774118
0.0   -1.3  1.3  0.5             0.0                0.5             -1.3  -1.3  0.0                0.0                110.0   105.495508643  -1.31774118     -2.61774118
0.0   -1.3  1.3  0.5             0.0                0.5             -1.3  -1.3  0.0                0.0                120.0   96.7042162563  -1.31774118     -2.61774118
0.0   -1.3  1.3  0.5             0.0                0.5             -1.3  -1.3  0.0                0.0                130.0   89.2654303904  -1.31774118     -2.61774118
0.0   -1.3  1.3  0.5             0.0                0.5             -1.3  -1.3  0.0                0.0                140.0   82.8893282196  -1.31774118     -2.61774118
0.0   -1.3  1.3  0.5             0.0                0.5             -1.3  -1.3  0.0                0.0                150.0   77.363373005   -1.31774118     -2.61774118
0.0   -1.3  1.3  0.5             0.0                0.5             -1.3  -1.3  0.0                0.0                160.0   72.5281621922  -1.31774118     -2.61774118
0.0   -1.3  1.3  0.5             0.0                0.5             -1.3  -1.3  0.0                0.0                170.0   68.2617997103  -1.31774118     -2.61774118
0.0   -1.3  1.3  0.5             0.0                0.5             -1.3  -1.3  0.0                0.0                180.0   64.4694775042  -1.31774118     -2.61774118
0.0   -1.3  1.3  0.5             0.0                0.5             -1.3  -1.3  0.0                0.0                190.0   61.0763471092  -1.31774118     -2.61774118
0.0   -1.3  1.3  0.5             0.0                0.5             -1.3  -1.3  0.0                0.0                200.0   58.0225297537  -1.31774118     -2.61774118
0.0   -1.3  1.3  0.5             0.0                0.5             -1.3  -1.3  0.0                0.0                210.0   55.2595521464  -1.31774118     -2.61774118
0.0   -1.3  1.3  0.5             0.0                0.5             -1.3  -1.3  0.0                0.0                220.0   52.7477543216  -1.31774118     -2.61774118
0.0   -1.3  1.3  0.5             0.0                0.5             -1.3  -1.3  0.0                0.0                230.0   50.4543736989  -1.31774118     -2.61774118
0.0   -1.3  1.3  0.5             0.0                0.5             -1.3  -1.3  0.0                0.0                240.0   48.3521081281  -1.31774118     -2.61774118
0.0   -1.3  1.3  0.5             0.0                0.5             -1.3  -1.3  0.0                0.0                250.0   46.418023803   -1.31774118     -2.61774118
0.0   -1.3  1.3  0.5             0.0                0.5             -1.3  -1.3  0.0                0.0                260.0   44.6327151952  -1.31774118     -2.61774118
0.0   -1.3  1.3  0.5             0.0                0.5             -1.3  -1.3  0.0                0.0                270.0   42.9796516694  -1.31774118     -2.61774118
0.0   -1.3  1.3  0.5             0.0                0.5             -1.3  -1.3  0.0                0.0                280.0   41.4446641098  -1.31774118     -2.61774118
0.0   -1.3  1.3  0.5             0.0                0.5             -1.3  -1.3  0.0                0.0                290.0   40.0155377612  -1.31774118     -2.61774118
0.0   -1.3  1.3  0.5             0.0                0.5             -1.3  -1.3  0.0                0.0                300.0   38.6816865025  -1.31774118     -2.61774118
0.0   -1.3  1.3  0.5             0.0                0.5             -1.3  -1.3  0.0                0.0                310.0   37.4338901637  -1.31774118     -2.61774118
0.0   -1.3  1.3  0.5             0.0                0.5             -1.3  -1.3  0.0                0.0                320.0   36.2640810961  -1.31774118     -2.61774118
0.0   -1.3  1.3  0.5             0.0                0.5             -1.3  -1.3  0.0                0.0                330.0   35.1651695477  -1.31774118     -2.61774118
0.0   -1.3  1.3  0.5             0.0                0.5             -1.3  -1.3  0.0                0.0                340.0   34.1308998551  -1.31774118     -2.61774118
0.0   -1.3  1.3  0.5             0.0                0.5             -1.3  -1.3  0.0                0.0                350.0   33.1557312879  -1.31774118     -2.61774118
0.0   -1.3  1.3  0.5             0.0                0.5             -1.3  -1.3  0.0                0.0                360.0   32.2347387521  -1.31774118     -2.61774118
0.0   -1.3  1.3  0.5             0.0                0.5             -1.3  -1.3  0.0                0.0                370.0   31.3635295966  -1.31774118     -2.61774118
0.0   -1.3  1.3  0.5             0.0                0.5             -1.3  -1.3  0.0                0.0                380.0   30.5381735546  -1.31774118     -2.61774118
0.0   -1.3  1.3  0.5             0.0                0.5             -1.3  -1.3  0.0                0.0                390.0   29.7551434635  -1.31774118     -2.61774118
0.0   -1.3  1.3  0.5             0.0                0.5             -1.3  -1.3  0.0                0.0                400.0   29.0112648769  -1.31774118     -2.61774118
0.0   -1.3  1.3  0.5             0.0                0.5             -1.3  -1.3  0.0                0.0                410.0   28.3036730506  -1.31774118     -2.61774118
0.0   -1.3  1.3  0.5             0.0                0.5             -1.3  -1.3  0.0                0.0                420.0   27.6297760732  -1.31774118     -2.61774118
0.0   -1.3  1.3  0.5             0.0                0.5             -1.3  -1.3  0.0                0.0                430.0   26.9872231413  -1.31774118     -2.61774118
0.0   -1.3  1.3  0.5             0.0                0.5             -1.3  -1.3  0.0                0.0                440.0   26.3738771608  -1.31774118     -2.61774118
0.0   -1.3  1.3  0.5             0.0                0.5             -1.3  -1.3  0.0                0.0                450.0   25.7877910017  -1.31774118     -2.61774118
0.0   -1.3  1.3  0.5             0.0                0.5             -1.3  -1.3  0.0                0.0                460.0   25.2271868495  -1.31774118     -2.61774118
0.0   -1.3  1.3  0.5             0.0                0.5             -1.3  -1.3  0.0                0.0                470.0   24.6904381931  -1.31774118     -2.61774118
0.0   -1.3  1.3  0.5             0.0                0.5             -1.3  -1.3  0.0                0.0                480.0   24.1760540641  -1.31774118     -2.61774118
0.0   -1.3  1.3  0.5             0.0                0.5             -1.3  -1.3  0.0                0.0                490.0   23.6826652056  -1.31774118     -2.61774118
0.0   -1.3  1.3  0.5             0.0                0.5             -1.3  -1.3  0.0                0.0                500.0   23.2090119015  -1.31774118     -2.61774118
0.0   -1.3  1.3  0.5             0.0                0.5             -1.3  -1.3  0.0                0.0                510.0   22.7539332368  -1.31774118     -2.61774118
0.0   -1.3  1.3  0.5             0.0                0.5             -1.3  -1.3  0.0                0.0                520.0   22.3163575976  -1.31774118     -2.61774118
0.0   -1.3  1.3  0.5             0.0                0.5             -1.3  -1.3  0.0                0.0                530.0   21.8952942467  -1.31774118     -2.61774118
0.0   -1.3  1.3  0.5             0.0                0.5             -1.3  -1.3  0.0                0.0                540.0   21.4898258347  -1.31774118     -2.61774118
0.0   -1.3  1.3  0.5             0.0                0.5             -1.3  -1.3  0.0                0.0                550.0   21.0991017286  -1.31774118     -2.61774118
0.0   -1.3  1.3  0.5             0.0                0.5             -1.3  -1.3  0.0                0.0                560.0   20.7223320549  -1.31774118     -2.61774118
0.0   -1.3  1.3  0.5             0.0                0.5             -1.3  -1.3  0.0                0.0                570.0   20.3587823697  -1.31774118     -2.61774118
0.0   -1.3  1.3  0.5             0.0                0.5             -1.3  -1.3  0.0                0.0                580.0   20.0077688806  -1.31774118     -2.61774118
0.0   -1.3  1.3  0.5             0.0                0.5             -1.3  -1.3  0.0                0.0                590.0   19.6686541538  -1.31774118     -2.61774118
0.0   -1.3  1.3  0.5             0.0                0.5             -1.3  -1.3  0.0                0.0                600.0   19.3408432512  -1.31774118     -2.61774118
0.0   -1.3  1.3  0.5             0.0                0.5             -1.3  -1.3  0.0                0.0                610.0   19.0237802471  -1.31774118     -2.61774118
0.0   -1.3  1.3  0.5             0.0                0.5             -1.3  -1.3  0.0                0.0                620.0   18.7169450819  -1.31774118     -2.61774118
0.0   -1.3  1.3  0.5             0.0                0.5             -1.3  -1.3  0.0                0.0                630.0   18.4198507155  -1.31774118     -2.61774118
0.0   -1.3  1.3  0.5             0.0                0.5             -1.3  -1.3  0.0                0.0                640.0   18.132040548   -1.31774118     -2.61774118
0.0   -1.3  1.3  0.5             0.0                0.5             -1.3  -1.3  0.0                0.0                650.0   17.8530860781  -1.31774118     -2.61774118
0.0   -1.3  1.3  0.5             0.0                0.5             -1.3  -1.3  0.0                0.0                660.0   17.5825847739  -1.31774118     -2.61774118
0.0   -1.3  1.3  0.5             0.0                0.5             -1.3  -1.3  0.0                0.0                670.0   17.3201581354  -1.31774118     -2.61774118
0.0   -1.3  1.3  0.5             0.0                0.5             -1.3  -1.3  0.0                0.0                680.0   17.0654499276  -1.31774118     -2.61774118
0.0   -1.3  1.3  0.5             0.0                0.5             -1.3  -1.3  0.0                0.0                690.0   16.8181245663  -1.31774118     -2.61774118
0.0   -1.3  1.3  0.5             0.0                0.5             -1.3  -1.3  0.0                0.0                700.0   16.5778656439  -1.31774118     -2.61774118
0.0   -1.3  1.3  0.5             0.0                0.5             -1.3  -1.3  0.0                0.0                710.0   16.3443745785  -1.31774118     -2.61774118
0.0   -1.3  1.3  0.5             0.0                0.5             -1.3  -1.3  0.0                0.0                720.0   16.117369376   -1.31774118     -2.61774118
0.0   -1.3  1.3  0.5             0.0                0.5             -1.3  -1.3  0.0                0.0                730.0   15.8965834942  -1.31774118     -2.61774118
0.0   -1.3  1.3  0.5             0.0                0.5             -1.3  -1.3  0.0                0.0                740.0   15.6817647983  -1.31774118     -2.61774118
0.0   -1.3  1.3  0.5             0.0                0.5             -1.3  -1.3  0.0                0.0                750.0   15.472674601   -1.31774118     -2.61774118
0.0   -1.3  1.3  0.5             0.0                0.5             -1.3  -1.3  0.0                0.0                760.0   15.2690867773  -1.31774118     -2.61774118
0.0   -1.3  1.3  0.5             0.0                0.5             -1.3  -1.3  0.0                0.0                770.0   15.070786949   -1.31774118     -2.61774118
0.0   -1.3  1.3  0.5             0.0                0.5             -1.3  -1.3  0.0                0.0                780.0   14.8775717317  -1.31774118     -2.61774118
0.0   -1.3  1.3  0.5             0.0                0.5             -1.3  -1.3  0.0                0.0                790.0   14.6892480389  -1.31774118     -2.61774118
0.0   -1.3  1.3  0.5             0.0                0.5             -1.3  -1.3  0.0                0.0                800.0   14.5056324384  -1.31774118     -2.61774118
0.0   -1.3  1.3  0.5             0.0                0.5             -1.3  -1.3  0.0                0.0                810.0   14.3265505565  -1.31774118     -2.61774118
0.0   -1.3  1.3  0.5             0.0                0.5             -1.3  -1.3  0.0                0.0                820.0   14.1518365253  -1.31774118     -2.61774118
0.0   -1.3  1.3  0.5             0.0                0.5             -1.3  -1.3  0.0                0.0                830.0   13.9813324708  -1.31774118     -2.61774118
0.0   -1.3  1.3  0.5             0.0                0.5             -1.3  -1.3  0.0                0.0                840.0   13.8148880366  -1.31774118     -2.61774118
0.0   -1.3  1.3  0.5             0.0                0.5             -1.3  -1.3  0.0                0.0                850.0   13.6523599421  -1.31774118     -2.61774118
0.0   -1.3  1.3  0.5             0.0                0.5             -1.3  -1.3  0.0                0.0                860.0   13.4936115706  -1.31774118     -2.61774118
0.0   -1.3  1.3  0.5             0.0                0.5             -1.3  -1.3  0.0                0.0                870.0   13.3385125871  -1.31774118     -2.61774118
0.0   -1.3  1.3  0.5             0.0                0.5             -1.3  -1.3  0.0                0.0                880.0   13.1869385804  -1.31774118     -2.61774118
0.0   -1.3  1.3  0.5             0.0                0.5             -1.3  -1.3  0.0                0.0                890.0   13.0387707312  -1.31774118     -2.61774118
0.0   -1.3  1.3  0.5             0.0                0.5             -1.3  -1.3  0.0                0.0                900.0   12.8938955008  -1.31774118     -2.61774118
0.0   -1.3  1.3  0.5             0.0                0.5             -1.3  -1.3  0.0                0.0                910.0   12.7522043415  -1.31774118     -2.61774118
0.0   -1.3  1.3  0.5             0.0                0.5             -1.3  -1.3  0.0                0.0                920.0   12.6135934247  -1.31774118     -2.61774118
0.0   -1.3  1.3  0.5             0.0                0.5             -1.3  -1.3  0.0                0.0                930.0   12.4779633879  -1.31774118     -2.61774118
0.0   -1.3  1.3  0.5             0.0                0.5             -1.3  -1.3  0.0                0.0                940.0   12.3452190965  -1.31774118     -2.61774118
0.0   -1.3  1.3  0.5             0.0                0.5             -1.3  -1.3  0.0                0.0                950.0   12.2152694218  -1.31774118     -2.61774118
0.0   -1.3  1.3  0.5             0.0                0.5             -1.3  -1.3  0.0                0.0                960.0   12.088027032   -1.31774118     -2.61774118
0.0   -1.3  1.3  0.5             0.0                0.5             -1.3  -1.3  0.0                0.0                970.0   11.9634081967  -1.31774118     -2.61774118
0.0   -1.3  1.3  0.5             0.0                0.5             -1.3  -1.3  0.0                0.0                980.0   11.8413326028  -1.31774118     -2.61774118
0.0   -1.3  1.3  0.5             0.0                0.5             -1.3  -1.3  0.0                0.0                990.0   11.7217231826  -1.31774118     -2.61774118
0.0   -1.3  1.3  0.5             0.0                0.5             -1.3  -1.3  0.0                0.0                1000.0  11.6045059507  -1.31774118     -2.61774118
0.0   -1.3  1.3  0.5             0.0                0.5             -1.3  -1.3  0.0                0.0                1010.0  11.4896098522  -1.31774118     -2.61774118
0.0   -1.3  1.3  0.5             0.0                0.5             -1.3  -1.3  0.0                0.0                1020.0  11.3769666184  -1.31774118     -2.61774118
0.0   -1.3  1.3  0.5             0.0                0.5             -1.3  -1.3  0.0                0.0                1030.0  11.2665106318  -1.31774118     -2.61774118
0.0   -1.3  1.3  0.5             0.0                0.5             -1.3  -1.3  0.0                0.0                1040.0  11.1581787988  -1.31774118     -2.61774118
0.0   -1.3  1.3  0.5             0.0                0.5             -1.3  -1.3  0.0                0.0                1050.0  11.0519104293  -1.31774118     -2.61774118
0.0   -1.3  1.3  0.5             0.0                0.5             -1.3  -1.3  0.0                0.0                1060.0  10.9476471233  -1.31774118     -2.61774118
0.0   -1.3  1.3  0.5             0.0                0.5             -1.3  -1.3  0.0                0.0                1070.0  10.8453326643  -1.31774118     -2.61774118
0.0   -1.3  1.3  0.5             0.0                0.5             -1.3  -1.3  0.0                0.0                1080.0  10.7449129174  -1.31774118     -2.61774118
0.0   -1.3  1.3  0.5             0.0                0.5             -1.3  -1.3  0.0                0.0                1090.0  10.6463357346  -1.31774118     -2.61774118
0.0   -1.3  1.3  0.5             0.0                0.5             -1.3  -1.3  0.0                0.0                1100.0  10.5495508643  -1.31774118     -2.61774118
0.0   -1.3  1.3  0.5             0.0                0.5             -1.3  -1.3  0.0                0.0                1110.0  10.4545098655  -1.31774118     -2.61774118
0.0   -1.3  1.3  0.5             0.0                0.5             -1.3  -1.3  0.0                0.0                1120.0  10.3611660275  -1.31774118     -2.61774118
0.0   -1.3  1.3  0.5             0.0                0.5             -1.3  -1.3  0.0                0.0                1130.0  10.2694742927  -1.31774118     -2.61774118
0.0   -1.3  1.3  0.5             0.0                0.5             -1.3  -1.3  0.0                0.0                1140.0  10.1793911849  -1.31774118     -2.61774118
0.0   -1.3  1.3  0.5             0.0                0.5             -1.3  -1.3  0.0                0.0                1150.0  10.0908747398  -1.31774118     -2.61774118
0.0   -1.3  1.3  0.5             0.0                0.5             -1.3  -1.3  0.0                0.0                1160.0  10.0038844403  -1.31774118     -2.61774118
0.0   -1.3  1.3  0.5             0.0                0.5             -1.3  -1.3  0.0                0.0                1170.0  9.91838115449  -1.31774118     -2.61774118
0.0   -1.3  1.3  0.5             0.0                0.5             -1.3  -1.3  0.0                0.0                1180.0  9.83432707691  -1.31774118     -2.61774118
0.0   -1.3  1.3  0.5             0.0                0.5             -1.3  -1.3  0.0                0.0                1190.0  9.7516856729   -1.31774118     -2.61774118
0.0   -1.3  1.3  0.5             0.0                0.5             -1.3  -1.3  0.0                0.0                1200.0  9.67042162562  -1.31774118     -2.61774118
0.0   -1.3  1.3  0.5             0.0                0.5             -1.3  -1.3  0.0                0.0                1210.0  9.59050078574  -1.31774118     -2.61774118
0.0   -1.3  1.3  0.5             0.0                0.5             -1.3  -1.3  0.0                0.0                1220.0  9.51189012357  -1.31774118     -2.61774118
0.0   -1.3  1.3  0.5             0.0                0.5             -1.3  -1.3  0.0                0.0                1230.0  9.43455768354  -1.31774118     -2.61774118
0.0   -1.3  1.3  0.5             0.0                0.5             -1.3  -1.3  0.0                0.0                1240.0  9.35847254093  -1.31774118     -2.61774118
0.0   -1.3  1.3  0.5             0.0                0.5             -1.3  -1.3  0.0                0.0                1250.0  9.2836047606   -1.31774118     -2.61774118
0.0   -1.3  1.3  0.5             0.0                0.5             -1.3  -1.3  0.0                0.0                1260.0  9.20992535774  -1.31774118     -2.61774118
0.0   -1.3  1.3  0.5             0.0                0.5             -1.3  -1.3  0.0                0.0                1270.0  9.13740626043  -1.31774118     -2.61774118
0.0   -1.3  1.3  0.5             0.0                0.5             -1.3  -1.3  0.0                0.0                1280.0  9.06602027402  -1.31774118     -2.61774118
0.0   -1.3  1.3  0.5             0.0                0.5             -1.3  -1.3  0.0                0.0                1290.0  8.99574104709  -1.31774118     -2.61774118
0.0   -1.3  1.3  0.5             0.0                0.5             -1.3  -1.3  0.0                0.0                1300.0  8.92654303904  -1.31774118     -2.61774118
0.0   -1.3  1.3  0.5             0.0                0.5             -1.3  -1.3  0.0                0.0                1310.0  8.85840148912  -1.31774118     -2.61774118
0.0   -1.3  1.3  0.5             0.0                0.5             -1.3  -1.3  0.0                0.0                1320.0  8.79129238693  -1.31774118     -2.61774118
0.0   -1.3  1.3  0.5             0.0                0.5             -1.3  -1.3  0.0                0.0                1330.0  8.72519244417  -1.31774118     -2.61774118
0.0   -1.3  1.3  0.5             0.0                0.5             -1.3  -1.3  0.0                0.0                1340.0  8.66007906772  -1.31774118     -2.61774118
0.0   -1.3  1.3  0.5             0.0                0.5             -1.3  -1.3  0.0                0.0                1350.0  8.59593033389  -1.31774118     -2.61774118
0.0   -1.3  1.3  0.5             0.0                0.5             -1.3  -1.3  0.0                0.0                1360.0  8.53272496379  -1.31774118     -2.61774118
0.0   -1.3  1.3  0.5             0.0                0.5             -1.3  -1.3  0.0                0.0                1370.0  8.47044229982  -1.31774118     -2.61774118
0.0   -1.3  1.3  0.5             0.0                0.5             -1.3  -1.3  0.0                0.0                1380.0  8.40906228315  -1.31774118     -2.61774118
0.0   -1.3  1.3  0.5             0.0                0.5             -1.3  -1.3  0.0                0.0                1390.0  8.34856543219  -1.31774118     -2.61774118
0.0   -1.3  1.3  0.5             0.0                0.5             -1.3  -1.3  0.0                0.0                1400.0  8.28893282196  -1.31774118     -2.61774118
0.0   -1.3  1.3  0.5             0.0                0.5             -1.3  -1.3  0.0                0.0                1410.0  8.23014606436  -1.31774118     -2.61774118
0.0   -1.3  1.3  0.5             0.0                0.5             -1.3  -1.3  0.0                0.0                1420.0  8.17218728926  -1.31774118     -2.61774118
0.0   -1.3  1.3  0.5             0.0                0.5             -1.3  -1.3  0.0                0.0                1430.0  8.1150391264   -1.31774118     -2.61774118
0.0   -1.3  1.3  0.5             0.0                0.5             -1.3  -1.3  0.0                0.0                1440.0  8.05868468802  -1.31774118     -2.61774118
0.0   -1.3  1.3  0.5             0.0                0.5             -1.3  -1.3  0.0                0.0                1450.0  8.00310755224  -1.31774118     -2.61774118
0.0   -1.3  1.3  0.5             0.0                0.5             -1.3  -1.3  0.0                0.0                1460.0  7.94829174709  -1.31774118     -2.61774118
0.0   -1.3  1.3  0.5             0.0                0.5             -1.3  -1.3  0.0                0.0                1470.0  7.8942217352   -1.31774118     -2.61774118
0.0   -1.3  1.3  0.5             0.0                0.5             -1.3  -1.3  0.0                0.0                1480.0  7.84088239916  -1.31774118     -2.61774118
0.0   -1.3  1.3  0.5             0.0                0.5             -1.3  -1.3  0.0                0.0                1490.0  7.78825902735  -1.31774118     -2.61774118
0.0   -1.3  1.3  0.5             0.0                0.5             -1.3  -1.3  0.0                0.0                1500.0  7.7363373005   -1.31774118     -2.61774118
0.0   -1.3  1.3  0.5             0.0                0.5             -1.3  -1.3  0.0                0.0                1510.0  7.68510327864  -1.31774118     -2.61774118
0.0   -1.3  1.3  0.5             0.0                0.5             -1.3  -1.3  0.0                0.0                1520.0  7.63454338865  -1.31774118     -2.61774118
0.0   -1.3  1.3  0.5             0.0                0.5             -1.3  -1.3  0.0                0.0                1530.0  7.58464441225  -1.31774118     -2.61774118
0.0   -1.3  1.3  0.5             0.0                0.5             -1.3  -1.3  0.0                0.0                1540.0  7.53539347451  -1.31774118     -2.61774118
0.0   -1.3  1.3  0.5             0.0                0.5             -1.3  -1.3  0.0                0.0                1550.0  7.48677803274  -1.31774118     -2.61774118
0.0   -1.3  1.3  0.5             0.0                0.5             -1.3  -1.3  0.0                0.0                1560.0  7.43878586587  -1.31774118     -2.61774118
0.0   -1.3  1.3  0.5             0.0                0.5             -1.3  -1.3  0.0                0.0                1570.0  7.39140506417  -1.31774118     -2.61774118
0.0   -1.3  1.3  0.5             0.0                0.5             -1.3  -1.3  0.0                0.0                1580.0  7.34462401946  -1.31774118     -2.61774118
0.0   -1.3  1.3  0.5             0.0                0.5             -1.3  -1.3  0.0                0.0                1590.0  7.29843141557  -1.31774118     -2.61774118
0.0   -1.3  1.3  0.5             0.0                0.5             -1.3  -1.3  0.0                0.0                1600.0  7.25281621922  -1.31774118     -2.61774118
0.0   -1.3  1.3  0.5             0.0                0.5             -1.3  -1.3  0.0                0.0                1610.0  7.20776767127  -1.31774118     -2.61774118
0.0   -1.3  1.3  0.499999721022  2.7897800293e-07   0.5             -1.3  -1.3  8.59441979932e-18  5.57956005859e-07  1620.0  7.16327527824  -1.317740589    -2.61773986366
0.0   -1.3  1.3  0.500000418467  0.0                0.499999581533  -1.3  -1.3  8.36934009874e-07  0.0                1630.0  7.11932880414  -1.31774033875  -2.61773925074
0.0   -1.3  1.3  0.499999860511  1.39489001953e-07  0.5             -1.3  -1.3  4.84892480985e-17  2.78978003906e-07  1640.0  7.07591826265  -1.3177408845   -2.61774052183
0.0   -1.3  1.3  0.5             0.0                0.5             -1.3  -1.3  0.0                0.0                1650.0  7.03303390954  -1.31774118     -2.61774118
0.0   -1.3  1.3  0.5             0.0                0.5             -1.3  -1.3  0.0                0.0                1660.0  6.99066623539  -1.31774118     -2.61774118
0.0   -1.3  1.3  0.5             0.0                0.5             -1.3  -1.3  0.0                0.0                1670.0  6.94880595853  -1.31774118     -2.61774118
0.0   -1.3  1.3  0.5             0.0                0.5             -1.3  -1.3  0.0                0.0                1680.0  6.9074440183   -1.31774118     -2.61774118
0.0   -1.3  1.3  0.500000139489  0.0                0.499999860511  -1.3  -1.3  2.78978003809e-07  0.0                1690.0  6.86657156849  -1.31774089958  -2.61774053691
0.0   -1.3  1.3  0.500000139489  0.0                0.499999860511  -1.3  -1.3  2.78978003809e-07  0.0                1700.0  6.82617997103  -1.31774089958  -2.61774053691
0.0   -1.3  1.3  0.5             0.0                0.5             -1.3  -1.3  0.0                0.0                1710.0  6.78626078991  -1.31774118     -2.61774118
0.0   -1.3  1.3  0.500000418467  0.0                0.499999581533  -1.3  -1.3  8.36934009874e-07  0.0                1720.0  6.74680578532  -1.31774033875  -2.61773925074
0.0   -1.3  1.3  0.5             0.0                0.5             -1.3  -1.3  0.0                0.0                1730.0  6.70780690795  -1.31774118     -2.61774118
0.0   -1.3  1.3  0.499999860511  1.39489001953e-07  0.5             -1.3  -1.3  4.84892480985e-17  2.78978003906e-07  1740.0  6.66925629353  -1.3177408845   -2.61774052183
0.0   -1.3  1.3  0.500000139489  0.0                0.499999860511  -1.3  -1.3  2.78978003809e-07  0.0                1750.0  6.63114625757  -1.31774089958  -2.61774053691
0.0   -1.3  1.3  0.500000278978  0.0                0.499999721022  -1.3  -1.3  5.57956005842e-07  0.0                1760.0  6.5934692902   -1.31774061917  -2.61773989382
0.0   -1.3  1.3  0.5             0.0                0.5             -1.3  -1.3  0.0                0.0                1770.0  6.55621805127  -1.31774118     -2.61774118
0.0   -1.3  1.3  0.5             0.0                0.5             -1.3  -1.3  0.0                0.0                1780.0  6.51938536559  -1.31774118     -2.61774118
0.0   -1.3  1.3  0.500000139489  1.39489001953e-07  0.499999721022  -1.3  -1.3  5.57956006779e-07  2.78978003906e-07  1790.0  6.4829642183   -1.31774032367  -2.61773923565
0.0   -1.3  1.3  0.500000139489  0.0                0.499999860511  -1.3  -1.3  2.78978003809e-07  0.0                1800.0  6.44694775042  -1.31774089958  -2.61774053691
0.0   -1.3  1.3  0.5             0.0                0.5             -1.3  -1.3  0.0                0.0                1810.0  6.41132925456  -1.31774118     -2.61774118
0.0   -1.3  1.3  0.5             0.0                0.5             -1.3  -1.3  0.0                0.0                1820.0  6.37610217074  -1.31774118     -2.61774118
0.0   -1.3  1.3  0.500000557956  0.0                0.499999442044  -1.3  -1.3  1.11591201168e-06  0.0                1830.0  6.34126008238  -1.31774005833  -2.61773860765
0.0   -1.3  1.3  0.500000697445  2.7897800293e-07   0.499999023577  -1.3  -1.3  1.95284602157e-06  5.57956005859e-07  1840.0  6.30679671236  -1.31773862608  -2.61773536204
0.0   -1.3  1.3  0.500000278978  0.0                0.499999721022  -1.3  -1.3  5.57956005842e-07  0.0                1850.0  6.27270591932  -1.31774061917  -2.61773989382
0.0   -1.3  1.3  0.499999860511  1.39489001953e-07  0.5             -1.3  -1.3  4.84892480985e-17  2.78978003906e-07  1860.0  6.23898169395  -1.3177408845   -2.61774052183
0.0   -1.3  1.3  0.499999860511  4.18467004883e-07  0.499999721022  -1.3  -1.3  5.57956005899e-07  8.36934009766e-07  1870.0  6.20561815548  -1.31773973267  -2.61773791931
0.0   -1.3  1.3  0.5             2.7897800293e-07   0.499999721022  -1.3  -1.3  5.57956005851e-07  5.57956005859e-07  1880.0  6.17260954827  -1.31774002817  -2.61773857748
0.0   -1.3  1.3  0.5             0.0                0.5             -1.3  -1.3  0.0                0.0                1890.0  6.13995023849  -1.31774118     -2.61774118
0.0   -1.3  1.3  0.5             4.18467004883e-07  0.499999581533  -1.3  -1.3  8.36934009709e-07  8.36934009766e-07  1900.0  6.10763471092  -1.31773945225  -2.61773727622
0.0   -1.3  1.3  0.499999721022  4.18467004883e-07  0.499999860511  -1.3  -1.3  2.78978003866e-07  8.36934009766e-07  1910.0  6.07565756584  -1.31774001308  -2.6177385624
0.0   -1.3  1.3  0.500000278978  0.0                0.499999721022  -1.3  -1.3  5.57956005842e-07  0.0                1920.0  6.04401351602  -1.31774061917  -2.61773989382
0.0   -1.3  1.3  0.500000418467  0.0                0.499999581533  -1.3  -1.3  8.36934009874e-07  0.0                1930.0  6.01269738381  -1.31774033875  -2.61773925074
0.0   -1.3  1.3  0.499999860511  6.97445007813e-07  0.499999442044  -1.3  -1.3  1.11591201175e-06  1.39489001563e-06  1940.0  5.98170409833  -1.31773858083  -2.61773531679
0.0   -1.3  1.3  0.499999721022  2.7897800293e-07   0.5             -1.3  -1.3  8.59441979932e-18  5.57956005859e-07  1950.0  5.95102869269  -1.317740589    -2.61773986366
0.0   -1.3  1.3  0.500000139489  0.0                0.499999860511  -1.3  -1.3  2.78978003809e-07  0.0                1960.0  5.9206663014   -1.31774089958  -2.61774053691
0.0   -1.3  1.3  0.500000557956  0.0                0.499999442044  -1.3  -1.3  1.11591201168e-06  0.0                1970.0  5.89061215774  -1.31774005833  -2.61773860765
0.0   -1.3  1.3  0.500000697445  0.0                0.499999302555  -1.3  -1.3  1.39489001572e-06  0.0                1980.0  5.86086159129  -1.31773977792  -2.61773796456
0.0   -1.3  1.3  0.500000697445  2.7897800293e-07   0.499999023577  -1.3  -1.3  1.95284602157e-06  5.57956005859e-07  1990.0  5.8314100255   -1.31773862608  -2.61773536204
0.0   -1.3  1.3  0.500000836934  4.18467004883e-07  0.499998744599  -1.3  -1.3  2.51080202812e-06  8.36934009766e-07  2000.0  5.80225297537  -1.31773776975  -2.61773341769
0.0   -1.3  1.3  0.499998884088  1.39489001563e-06  0.499999721022  -1.3  -1.3  5.57956005863e-07  2.78978003125e-06  2010.0  5.77338604515  -1.31773766416  -2.61773331211
0.0   -1.3  1.3  0.500000139489  6.97445007813e-07  0.499999163066  -1.3  -1.3  1.67386801948e-06  1.39489001563e-06  2020.0  5.74480492611  -1.31773802     -2.61773403061
0.0   -1.3  1.3  0.500000278978  8.36934009766e-07  0.499998884088  -1.3  -1.3  2.23182402537e-06  1.67386801953e-06  2030.0  5.71650539446  -1.31773716367  -2.61773208627
0.0   -1.3  1.3  0.5             8.36934009766e-07  0.499999163066  -1.3  -1.3  1.67386801953e-06  1.67386801953e-06  2040.0  5.68848330919  -1.3177377245   -2.61773337244
0.0   -1.3  1.3  0.499999860511  5.57956005859e-07  0.499999581533  -1.3  -1.3  8.3693400878e-07   1.11591201172e-06  2050.0  5.66073461012  -1.31773915675  -2.61773661805
0.0   -1.3  1.3  0.5             5.57956005859e-07  0.499999442044  -1.3  -1.3  1.1159120117e-06   1.11591201172e-06  2060.0  5.6332553159   -1.31773887633  -2.61773597496
0.0   -1.3  1.3  0.500000418467  1.39489001563e-06  0.499998186643  -1.3  -1.3  3.62671404121e-06  2.78978003125e-06  2070.0  5.6060415221   -1.31773457958  -2.61772623814
0.0   -1.3  1.3  0.500000836934  6.97445007813e-07  0.499998465621  -1.3  -1.3  3.06875803508e-06  1.39489001563e-06  2080.0  5.5790893994   -1.31773661792  -2.61773081517
0.0   -1.3  1.3  0.500000139489  1.81335702051e-06  0.499998047154  -1.3  -1.3  3.90569204486e-06  3.62671404102e-06  2090.0  5.55239519175  -1.31773341266  -2.61772362054
0.0   -1.3  1.3  0.500000278978  4.18467004883e-07  0.499999302555  -1.3  -1.3  1.39489001555e-06  8.36934009766e-07  2100.0  5.52595521464  -1.31773889142  -2.61773599004
0.0   -1.3  1.3  0.500001255401  5.57956005859e-07  0.499998186643  -1.3  -1.3  3.62671404021e-06  1.11591201172e-06  2110.0  5.49976585344  -1.31773635258  -2.61773018717
0.0   -1.3  1.3  0.500001115912  1.67386801855e-06  0.49999721022   -1.3  -1.3  5.57956006234e-06  3.34773603711e-06  2120.0  5.47382356168  -1.31773202566  -2.61772042018
0.0   -1.3  1.3  0.499998186643  3.34773603809e-06  0.499998465621  -1.3  -1.3  3.06875803516e-06  6.69547207617e-06  2130.0  5.44812485951  -1.31773100341  -2.61771830991
0.0   -1.3  1.3  0.500003068758  1.39489001953e-07  0.499996791753  -1.3  -1.3  6.41649407223e-06  2.78978003906e-07  2140.0  5.42266633213  -1.31773443492  -2.6177257308
0.0   -1.3  1.3  0.500000976423  8.36934009766e-07  0.499998186643  -1.3  -1.3  3.6267140412e-06   1.67386801953e-06  2150.0  5.39744462826  -1.31773576158  -2.61772887082
0.0   -1.3  1.3  0.500001115912  1.25540101367e-06  0.499997628687  -1.3  -1.3  4.74262605263e-06  2.51080202734e-06  2160.0  5.37245645868  -1.31773375341  -2.61772432396
0.0   -1.3  1.3  0.499999163066  3.20824703613e-06  0.499997628687  -1.3  -1.3  4.74262605275e-06  6.41649407227e-06  2170.0  5.34769859482  -1.31772961641  -2.61771510955
0.0   -1.3  1.3  0.5             2.65029103027e-06  0.499997349709  -1.3  -1.3  5.30058206047e-06  5.30058206055e-06  2180.0  5.32316786732  -1.31773023939  -2.61771645788
0.0   -1.3  1.3  0.500000139489  2.51080202832e-06  0.499997349709  -1.3  -1.3  5.30058206042e-06  5.02160405664e-06  2190.0  5.29886116473  -1.31773053308  -2.61771711424
0.0   -1.3  1.3  0.500002650291  1.25540101367e-06  0.499996094308  -1.3  -1.3  7.81138408787e-06  2.51080202734e-06  2200.0  5.27477543216  -1.31773066883  -2.61771724999
0.0   -1.3  1.3  0.500000836934  2.78978003125e-06  0.499996373286  -1.3  -1.3  7.25342808198e-06  5.5795600625e-06   2210.0  5.25090767002  -1.31772797916  -2.61771129628
0.0   -1.3  1.3  0.500000697445  1.53437901758e-06  0.499997768176  -1.3  -1.3  4.46364805091e-06  3.06875803516e-06  2220.0  5.22725493277  -1.31773344283  -2.6177236507
0.0   -1.3  1.3  0.500000557956  1.81335702051e-06  0.499997628687  -1.3  -1.3  4.74262605273e-06  3.62671404102e-06  2230.0  5.20381432769  -1.31773257141  -2.61772169127
0.0   -1.3  1.3  0.500000976423  2.23182402539e-06  0.499996791753  -1.3  -1.3  6.41649407243e-06  4.46364805078e-06  2240.0  5.18058301373  -1.31773000241  -2.61771585823
0.0   -1.3  1.3  0.500001952846  3.62671404102e-06  0.49999442044   -1.3  -1.3  1.11591201259e-05  7.25342808203e-06  2250.0  5.15755820033  -1.31772228033  -2.61769834401
0.0   -1.3  1.3  0.49999860511   3.76620304199e-06  0.499997628687  -1.3  -1.3  4.74262605277e-06  7.53240608398e-06  2260.0  5.13473714635  -1.31772843441  -2.61771247687
0.0   -1.3  1.3  0.500002092335  1.39489001563e-06  0.499996512775  -1.3  -1.3  6.97445007815e-06  2.78978003125e-06  2270.0  5.11211715892  -1.31773121458  -2.61771852108
0.0   -1.3  1.3  0.500001534379  3.20824703613e-06  0.499995257374  -1.3  -1.3  9.48525210741e-06  6.41649407227e-06  2280.0  5.08969559243  -1.31772484933  -2.61770417706
0.0   -1.3  1.3  0.500001952846  3.20824703613e-06  0.499994838907  -1.3  -1.3  1.03221861172e-05  6.41649407227e-06  2290.0  5.06746984749  -1.31772400808  -2.61770224779
0.0   -1.3  1.3  0.500000139489  1.53437901758e-06  0.499998326132  -1.3  -1.3  3.34773603812e-06  3.06875803516e-06  2300.0  5.04543736989  -1.3177345645   -2.61772622305
0.0   -1.3  1.3  0.500000418467  2.9292690332e-06   0.499996652264  -1.3  -1.3  6.69547207641e-06  5.85853806641e-06  2310.0  5.02359564968  -1.31772824449  -2.61771192428
0.0   -1.3  1.3  0.500001115912  4.32415904883e-06  0.499994559929  -1.3  -1.3  1.08801421229e-05  8.64831809766e-06  2320.0  5.00194222015  -1.31772108324  -2.61769569624
0.0   -1.3  1.3  0.500000557956  2.65029103027e-06  0.499996791753  -1.3  -1.3  6.41649407226e-06  5.30058206055e-06  2330.0  4.98047465697  -1.31772911591  -2.61771388371
0.0   -1.3  1.3  0.500003766203  2.78978003125e-06  0.499993444017  -1.3  -1.3  1.31119661473e-05  5.5795600625e-06   2340.0  4.95919057724  -1.31772209041  -2.61769779143
0.0   -1.3  1.3  0.499999581533  4.74262605371e-06  0.499995675841  -1.3  -1.3  8.64831809771e-06  9.48525210742e-06  2350.0  4.93808763862  -1.31772244007  -2.61769886643
0.0   -1.3  1.3  0.499999860511  5.85853806641e-06  0.499994280951  -1.3  -1.3  1.14380981289e-05  1.17170761328e-05  2360.0  4.91716353845  -1.31771727191  -2.61768717018
0.0   -1.3  1.3  0.499998326132  5.99802706738e-06  0.499995675841  -1.3  -1.3  8.64831809758e-06  1.19960541348e-05  2370.0  4.89641601298  -1.31771978057  -2.61769294289
0.0   -1.3  1.3  0.500002929269  3.76620304199e-06  0.499993304528  -1.3  -1.3  1.33909441503e-05  7.53240608398e-06  2380.0  4.87584283645  -1.31771974149  -2.61769254114
0.0   -1.3  1.3  0.500003766203  5.30058205957e-06  0.499990933215  -1.3  -1.3  1.81335702039e-05  1.06011641191e-05  2390.0  4.8554418204   -1.31771172391  -2.61767436875
0.0   -1.3  1.3  0.500002510802  6.55598307422e-06  0.499990933215  -1.3  -1.3  1.8133570205e-05   1.31119661484e-05  2400.0  4.83521081281  -1.31770906469  -2.61766844549
