#mu0             mu1            mu2             x0              x1              x2              mua  mub  xa              xb              T       b              u                  phi
-0.133333333333  1.26666666667  -1.13333333333  0.450609734324  0.376066114439  0.173324151237  1.0  1.4  0.653351697525  0.752132228878  30.0    386.816865025  0.00107049532723   -0.438599655961
-0.133333333333  1.26666666667  -1.13333333333  0.450043269488  0.375822427153  0.174134303358  1.0  1.4  0.651731393283  0.751644854307  40.0    290.112648769  -0.00251415822188  -0.439881680867
-0.133333333333  1.26666666667  -1.13333333333  0.449606529424  0.37419389306   0.176199577516  1.0  1.4  0.647600844969  0.74838778612   50.0    232.090119015  -0.0148649258834   -0.443542004753
-0.133333333333  1.26666666667  -1.13333333333  0.4513785977    0.376635369054  0.171986033245  1.0  1.4  0.656027933509  0.753270738109  60.0    193.408432513  -0.00452603244556  -0.448466332641
-0.133333333333  1.26666666667  -1.13333333333  0.455068779237  0.378126366992  0.166804853771  1.0  1.4  0.666390292458  0.756252733984  70.0    165.778656439  0.0057343290506    -0.452743124319
-0.133333333333  1.26666666667  -1.13333333333  0.455974202346  0.376922018953  0.167103778701  1.0  1.4  0.665792442597  0.753844037905  80.0    145.056324384  0.000844330571488  -0.453663098427
-0.133333333333  1.26666666667  -1.13333333333  0.455554898407  0.377147572668  0.167297528924  1.0  1.4  0.665404942151  0.754295145336  90.0    128.938955008  0.00103129789696   -0.453720181058
-0.133333333333  1.26666666667  -1.13333333333  0.455413317071  0.37724089081   0.167345792119  1.0  1.4  0.665308415762  0.75448178162   100.0   116.045059507  0.00120038147643   -0.453715861888
-0.133333333333  1.26666666667  -1.13333333333  0.455366030299  0.377244238546  0.167389731154  1.0  1.4  0.665220537691  0.754488477093  110.0   105.495508643  0.00112435933948   -0.453713379614
-0.133333333333  1.26666666667  -1.13333333333  0.456914497706  0.375721158138  0.167364344156  1.0  1.4  0.665271311688  0.751442316276  120.0   96.7042162563  -0.00471455163696  -0.455338439445
-0.133333333333  1.26666666667  -1.13333333333  0.462801491528  0.370686163137  0.166512345335  1.0  1.4  0.666975309331  0.741372326275  130.0   89.2654303904  -0.0223148946359   -0.460544794085
-0.133333333333  1.26666666667  -1.13333333333  0.467180609243  0.367392269854  0.165427120902  1.0  1.4  0.669145758195  0.734784539709  140.0   82.8893282196  -0.0357211848355   -0.466898631956
-0.133333333333  1.26666666667  -1.13333333333  0.472297623777  0.36117161834   0.166530757883  1.0  1.4  0.666938484234  0.72234323668   150.0   77.363373005   -0.0635738681124   -0.475126217033
-0.133333333333  1.26666666667  -1.13333333333  0.474117815758  0.354299134722  0.17158304952   1.0  1.4  0.656833900961  0.708598269444  160.0   72.5281621922  -0.105260450486    -0.487465262001
-0.133333333333  1.26666666667  -1.13333333333  0.473468912923  0.354404448918  0.172126638159  1.0  1.4  0.655746723682  0.708808897836  170.0   68.2617997103  -0.106820048572    -0.488232562558
-0.133333333333  1.26666666667  -1.13333333333  0.474378660191  0.353371811839  0.172249527969  1.0  1.4  0.655500944062  0.706743623679  180.0   64.4694775042  -0.110207120217    -0.488482470762
-0.133333333333  1.26666666667  -1.13333333333  0.474470583443  0.353443509186  0.17208590737   1.0  1.4  0.655828185259  0.706887018372  190.0   61.0763471092  -0.109691549307    -0.488494893621
-0.133333333333  1.26666666667  -1.13333333333  0.474724592915  0.353108317115  0.172167089969  1.0  1.4  0.655665820061  0.706216634231  200.0   58.0225297537  -0.110754161138    -0.488456602456
-0.133333333333  1.26666666667  -1.13333333333  0.474844413968  0.352908708354  0.172246877678  1.0  1.4  0.655506244644  0.705817416708  210.0   55.2595521464  -0.11144757039     -0.488431531759
-0.133333333333  1.26666666667  -1.13333333333  0.474969675091  0.352903268283  0.172127056626  1.0  1.4  0.655745886748  0.705806536566  220.0   52.7477543216  -0.111233300407    -0.488441671682
-0.133333333333  1.26666666667  -1.13333333333  0.475263578417  0.352922099298  0.171814322284  1.0  1.4  0.656371355431  0.705844198597  230.0   50.4543736989  -0.110499775686    -0.488386342486
-0.133333333333  1.26666666667  -1.13333333333  0.47350434313   0.353749687545  0.172745969326  1.0  1.4  0.654508061348  0.707499375089  240.0   48.3521081281  -0.110217241961    -0.488557761768
-0.133333333333  1.26666666667  -1.13333333333  0.473013202355  0.354124912959  0.172861884686  1.0  1.4  0.654276230628  0.708249825918  250.0   46.418023803   -0.109438835857    -0.488598156103
-0.133333333333  1.26666666667  -1.13333333333  0.473073322115  0.353457318597  0.173469359288  1.0  1.4  0.653061281424  0.706914637195  260.0   44.6327151952  -0.112474727169    -0.488549833999
-0.133333333333  1.26666666667  -1.13333333333  0.475455236306  0.351706871117  0.172837892578  1.0  1.4  0.654324214844  0.703413742233  270.0   42.9796516694  -0.116437991868    -0.488874779172
-0.133333333333  1.26666666667  -1.13333333333  0.4753107257    0.351170954373  0.173518319928  1.0  1.4  0.652963360145  0.702341908745  280.0   41.4446641098  -0.119340296302    -0.488915662023
-0.133333333333  1.26666666667  -1.13333333333  0.47537363524   0.351727376     0.172898988761  1.0  1.4  0.654202022479  0.703454752     290.0   40.0155377612  -0.116496626132    -0.488868634744
-0.133333333333  1.26666666667  -1.13333333333  0.475298311179  0.351145846352  0.173555842469  1.0  1.4  0.652888315062  0.702291692705  300.0   38.6816865025  -0.11944262695     -0.488872645132
-0.133333333333  1.26666666667  -1.13333333333  0.475329975182  0.351407109252  0.173262915566  1.0  1.4  0.653474168869  0.702814218504  310.0   37.4338901637  -0.118115273333    -0.488862681441
-0.133333333333  1.26666666667  -1.13333333333  0.475262323016  0.351517305563  0.17322037142   1.0  1.4  0.65355925716   0.703034611127  320.0   36.2640810961  -0.117683509485    -0.488824555555
-0.133333333333  1.26666666667  -1.13333333333  0.475441845361  0.352039831363  0.172518323275  1.0  1.4  0.65496335345   0.704079662727  330.0   35.1651695477  -0.114769976448    -0.488778191048
-0.133333333333  1.26666666667  -1.13333333333  0.475362894586  0.351856961282  0.172780144131  1.0  1.4  0.654439711738  0.703713922565  340.0   34.1308998551  -0.115795628979    -0.48876816564
-0.133333333333  1.26666666667  -1.13333333333  0.475471974986  0.351809535022  0.172718489993  1.0  1.4  0.654563020015  0.703619070044  350.0   33.1557312879  -0.115775473924    -0.488738525333
-0.133333333333  1.26666666667  -1.13333333333  0.475310586211  0.351795586122  0.172893827667  1.0  1.4  0.654212344665  0.703591172243  360.0   32.2347387521  -0.116140789897    -0.488714109036
-0.133333333333  1.26666666667  -1.13333333333  0.475331928028  0.352138868554  0.172529203417  1.0  1.4  0.654941593165  0.704277737109  370.0   31.3635295966  -0.114377024299    -0.488640782751
-0.133333333333  1.26666666667  -1.13333333333  0.475185046109  0.353678827132  0.171136126759  1.0  1.4  0.657727746483  0.707357654264  380.0   30.5381735546  -0.106635433928    -0.487997229713
-0.133333333333  1.26666666667  -1.13333333333  0.475403904353  0.353832125545  0.170763970102  1.0  1.4  0.658472059795  0.707664251089  390.0   29.7551434635  -0.105515273574    -0.488050618227
-0.133333333333  1.26666666667  -1.13333333333  0.475768389114  0.353992537896  0.17023907299   1.0  1.4  0.659521854021  0.707985075793  400.0   29.0112648769  -0.104032239064    -0.488066532528
-0.133333333333  1.26666666667  -1.13333333333  0.475683021845  0.353974264837  0.170342713318  1.0  1.4  0.659314573365  0.707948529674  410.0   28.3036730506  -0.104229715395    -0.488005563637
-0.133333333333  1.26666666667  -1.13333333333  0.474527355467  0.352828920645  0.172643723888  1.0  1.4  0.654712552225  0.705657841291  420.0   27.6297760732  -0.112077152409    -0.488044015774
-0.133333333333  1.26666666667  -1.13333333333  0.476154634159  0.348784018578  0.175061347263  1.0  1.4  0.649877305474  0.697568037155  430.0   26.9872231413  -0.130049825471    -0.489855716296
-0.133333333333  1.26666666667  -1.13333333333  0.477813995322  0.347580228494  0.174605776184  1.0  1.4  0.650788447632  0.695160456988  440.0   26.3738771608  -0.133925360688    -0.491271781437
-0.133333333333  1.26666666667  -1.13333333333  0.480282392694  0.347088390275  0.172629217031  1.0  1.4  0.654741565937  0.694176780549  450.0   25.7877910017  -0.131411153297    -0.491333545336
-0.133333333333  1.26666666667  -1.13333333333  0.477257573695  0.347727807858  0.175014618447  1.0  1.4  0.649970763105  0.695455615716  460.0   25.2271868495  -0.134260684182    -0.491202642622
-0.133333333333  1.26666666667  -1.13333333333  0.476589700355  0.347729760704  0.175680538941  1.0  1.4  0.648638922118  0.695459521408  470.0   24.6904381931  -0.135461469756    -0.491077055178
-0.133333333333  1.26666666667  -1.13333333333  0.475377261954  0.347961451935  0.176661286111  1.0  1.4  0.646677427778  0.695922903871  480.0   24.1760540641  -0.136705161069    -0.491007987599
-0.133333333333  1.26666666667  -1.13333333333  0.475942610877  0.347416607895  0.176640781228  1.0  1.4  0.646718437545  0.694833215791  490.0   23.6826652056  -0.138088106625    -0.49090637961
-0.133333333333  1.26666666667  -1.13333333333  0.475646615216  0.348186726673  0.176166658111  1.0  1.4  0.647666683777  0.696373453346  500.0   23.2090119015  -0.134996277068    -0.490919128863
-0.133333333333  1.26666666667  -1.13333333333  0.478056845674  0.347854045404  0.174089108922  1.0  1.4  0.651821782156  0.695708090808  510.0   22.7539332368  -0.131802851887    -0.490949294509
-0.133333333333  1.26666666667  -1.13333333333  0.47829341902   0.348754446909  0.17295213407   1.0  1.4  0.65409573186   0.697508893819  520.0   22.3163575976  -0.127873810748    -0.491815327287
-0.133333333333  1.26666666667  -1.13333333333  0.478250037941  0.348765327051  0.172984635007  1.0  1.4  0.654030729985  0.697530654103  530.0   21.8952942467  -0.12787218362     -0.491779162683
-0.133333333333  1.26666666667  -1.13333333333  0.478397617305  0.348797270033  0.172805112662  1.0  1.4  0.654389774675  0.697594540066  540.0   21.4898258347  -0.127371411728    -0.491726875828
-0.133333333333  1.26666666667  -1.13333333333  0.478442672252  0.348852926144  0.172704401603  1.0  1.4  0.654591196793  0.697705852289  550.0   21.0991017286  -0.126934997945    -0.491647721277
-0.133333333333  1.26666666667  -1.13333333333  0.47845411035   0.348838698266  0.172707191383  1.0  1.4  0.654585617233  0.697677396533  560.0   20.7223320549  -0.126922996913    -0.491590302626
-0.133333333333  1.26666666667  -1.13333333333  0.478618428394  0.348864085265  0.172517486341  1.0  1.4  0.654965027318  0.697728170529  570.0   20.3587823697  -0.126366534325    -0.491484333717
-0.133333333333  1.26666666667  -1.13333333333  0.478583835122  0.348857947749  0.17255821713   1.0  1.4  0.654883565741  0.697715895497  580.0   20.0077688806  -0.126436328194    -0.491455480964
-0.133333333333  1.26666666667  -1.13333333333  0.478664738743  0.348911232547  0.17242402871   1.0  1.4  0.65515194258   0.697822465094  590.0   19.6686541538  -0.125922823148    -0.491359550193
-0.133333333333  1.26666666667  -1.13333333333  0.478602945115  0.348863527309  0.172533527576  1.0  1.4  0.654932944847  0.697727054617  600.0   19.3408432512  -0.126277533083    -0.491361687728
-0.133333333333  1.26666666667  -1.13333333333  0.478692218076  0.349008037914  0.17229974401   1.0  1.4  0.65540051198   0.698016075828  610.0   19.0237802471  -0.125255588119    -0.491211939593
-0.133333333333  1.26666666667  -1.13333333333  0.478667110056  0.348884450659  0.172448439285  1.0  1.4  0.655103121429  0.697768901318  620.0   18.7169450819  -0.12584706866     -0.491159985267
-0.133333333333  1.26666666667  -1.13333333333  0.47872095281   0.348966470192  0.172312576998  1.0  1.4  0.655374846004  0.697932940384  630.0   18.4198507155  -0.125274162054    -0.491088457928
-0.133333333333  1.26666666667  -1.13333333333  0.478797253294  0.349003295288  0.172199451418  1.0  1.4  0.655601097165  0.698006590576  640.0   18.132040548   -0.124921354597    -0.491065011902
-0.133333333333  1.26666666667  -1.13333333333  0.478670039325  0.348959635231  0.172370325445  1.0  1.4  0.655259349111  0.697919270461  650.0   17.8530860781  -0.125323206525    -0.491002867615
-0.133333333333  1.26666666667  -1.13333333333  0.478703516685  0.348941222682  0.172355260632  1.0  1.4  0.655289478735  0.697882445365  660.0   17.5825847739  -0.125231108506    -0.490889344086
-0.133333333333  1.26666666667  -1.13333333333  0.478778561768  0.348956148006  0.172265290226  1.0  1.4  0.655469419547  0.697912296011  670.0   17.3201581354  -0.12494666791     -0.490826635206
-0.133333333333  1.26666666667  -1.13333333333  0.478871461443  0.349006643024  0.172121895533  1.0  1.4  0.655756208934  0.698013286048  680.0   17.0654499276  -0.124394390126    -0.490702532861
-0.133333333333  1.26666666667  -1.13333333333  0.478967290387  0.349087128178  0.171945581435  1.0  1.4  0.65610883713   0.698174256356  690.0   16.8181245663  -0.123693785175    -0.490579914537
-0.133333333333  1.26666666667  -1.13333333333  0.478935347406  0.349034261847  0.172030390748  1.0  1.4  0.655939218504  0.698068523693  700.0   16.5778656439  -0.123926019095    -0.490494504104
-0.133333333333  1.26666666667  -1.13333333333  0.478829056787  0.349028821775  0.172142121438  1.0  1.4  0.655715757124  0.698057643551  710.0   16.3443745785  -0.124105689278    -0.490435480707
-0.133333333333  1.26666666667  -1.13333333333  0.478997698989  0.349139436554  0.171862864457  1.0  1.4  0.656274271086  0.698278873107  720.0   16.117369376   -0.122999313871    -0.490197340641
-0.133333333333  1.26666666667  -1.13333333333  0.479033129196  0.349143621224  0.17182324958   1.0  1.4  0.656353500839  0.698287242448  730.0   15.8965834942  -0.12293266302     -0.490221636619
-0.133333333333  1.26666666667  -1.13333333333  0.478876343558  0.34907569008   0.172047966362  1.0  1.4  0.655904067276  0.69815138016   740.0   15.6817647983  -0.123412581825    -0.490061914658
-0.133333333333  1.26666666667  -1.13333333333  0.479058516194  0.349137483708  0.171804000098  1.0  1.4  0.656391999804  0.698274967415  750.0   15.472674601   -0.122680836829    -0.489991124347
-0.133333333333  1.26666666667  -1.13333333333  0.478883875964  0.349133299038  0.171982824998  1.0  1.4  0.656034350004  0.698266598075  760.0   15.2690867773  -0.122963212264    -0.489904132906
-0.133333333333  1.26666666667  -1.13333333333  0.478935626384  0.349230383383  0.171833990234  1.0  1.4  0.656332019533  0.698460766765  770.0   15.070786949   -0.122324233786    -0.489834660124
-0.133333333333  1.26666666667  -1.13333333333  0.478788883954  0.349197742956  0.17201337309   1.0  1.4  0.655973253821  0.698395485913  780.0   14.8775717317  -0.122620080081    -0.489680347513
-0.133333333333  1.26666666667  -1.13333333333  0.478181269863  0.348901747295  0.172916982842  1.0  1.4  0.654166034317  0.69780349459   790.0   14.6892480389  -0.124809730997    -0.489233991073
-0.133333333333  1.26666666667  -1.13333333333  0.476748159861  0.347828239939  0.1754236002    1.0  1.4  0.6491527996    0.695656479878  800.0   14.5056324384  -0.132246941366    -0.488652146128
-0.133333333333  1.26666666667  -1.13333333333  0.476679252294  0.347786393238  0.175534354467  1.0  1.4  0.648931291066  0.695572786477  810.0   14.3265505565  -0.132461144319    -0.488527669786
-0.133333333333  1.26666666667  -1.13333333333  0.47835772345   0.349060206801  0.172582069749  1.0  1.4  0.654835860502  0.698120413602  820.0   14.1518365253  -0.123388849603    -0.488926622481
-0.133333333333  1.26666666667  -1.13333333333  0.478846074445  0.349364013846  0.171789911709  1.0  1.4  0.656420176582  0.698728027692  830.0   13.9813324708  -0.121157965361    -0.489130714046
-0.133333333333  1.26666666667  -1.13333333333  0.477594300145  0.348564881356  0.173840818499  1.0  1.4  0.652318363002  0.697129762712  840.0   13.8148880366  -0.126867259059    -0.488500623192
-0.133333333333  1.26666666667  -1.13333333333  0.477176112118  0.34821783272   0.174606055162  1.0  1.4  0.650787889676  0.696435665441  850.0   13.6523599421  -0.129083108978    -0.488214263604
-0.133333333333  1.26666666667  -1.13333333333  0.477667950337  0.348665731904  0.173666317758  1.0  1.4  0.652667364484  0.697331463809  860.0   13.4936115706  -0.125941265099    -0.488206012248
-0.133333333333  1.26666666667  -1.13333333333  0.478717744563  0.349339603271  0.171942652166  1.0  1.4  0.656114695668  0.698679206542  870.0   13.3385125871  -0.120908844246    -0.488507762407
-0.133333333333  1.26666666667  -1.13333333333  0.47864981342   0.349368198516  0.171981988064  1.0  1.4  0.656036023872  0.698736397033  880.0   13.1869385804  -0.120690761334    -0.488291074385
-0.133333333333  1.26666666667  -1.13333333333  0.478439603494  0.349651082211  0.171909314294  1.0  1.4  0.656181371411  0.699302164423  890.0   13.0387707312  -0.119438251123    -0.48797598606
-0.133333333333  1.26666666667  -1.13333333333  0.478486053332  0.349432921413  0.172081025255  1.0  1.4  0.655837949489  0.698865842826  900.0   12.8938955008  -0.120391896568    -0.487975359347
-0.133333333333  1.26666666667  -1.13333333333  0.477865885231  0.348932295386  0.173201819383  1.0  1.4  0.653596361234  0.697864590773  910.0   12.7522043415  -0.12364771722     -0.48758783887
-0.133333333333  1.26666666667  -1.13333333333  0.477937582577  0.349288689785  0.172773727637  1.0  1.4  0.654452544726  0.698577379571  920.0   12.6135934247  -0.121656939955    -0.487451149413
-0.133333333333  1.26666666667  -1.13333333333  0.477031043556  0.34867605409   0.174292902353  1.0  1.4  0.651414195294  0.697352108181  930.0   12.4779633879  -0.125892316968    -0.486932797048
-0.133333333333  1.26666666667  -1.13333333333  0.477399015542  0.349012501562  0.173588482895  1.0  1.4  0.652823034209  0.698025003125  940.0   12.3452190965  -0.123278294412    -0.486669666329
-0.133333333333  1.26666666667  -1.13333333333  0.477905918574  0.349232615207  0.172861466219  1.0  1.4  0.654277067562  0.698465230414  950.0   12.2152694218  -0.12147097247     -0.486932695944
-0.133333333333  1.26666666667  -1.13333333333  0.477208334077  0.350055321338  0.172736344585  1.0  1.4  0.654527310831  0.700110642676  960.0   12.088027032   -0.118256895167    -0.486272439078
-0.133333333333  1.26666666667  -1.13333333333  0.47661564531   0.349560832827  0.173823521863  1.0  1.4  0.652352956274  0.699121665655  970.0   11.9634081967  -0.121689163761    -0.486145785286
-0.133333333333  1.26666666667  -1.13333333333  0.477922796743  0.34964564214   0.172431561116  1.0  1.4  0.655136877767  0.699291284281  980.0   11.8413326028  -0.118941794215    -0.486419803309
-0.133333333333  1.26666666667  -1.13333333333  0.477531390605  0.349425807474  0.173042801921  1.0  1.4  0.653914396158  0.698851614948  990.0   11.7217231826  -0.120340751427    -0.485980741845
-0.133333333333  1.26666666667  -1.13333333333  0.477476710916  0.349313100361  0.173210188723  1.0  1.4  0.653579622554  0.698626200721  1000.0  11.6045059507  -0.120794560368    -0.485784197265
-0.133333333333  1.26666666667  -1.13333333333  0.477399434009  0.349769229396  0.172831336595  1.0  1.4  0.65433732681   0.699538458792  1010.0  11.4896098522  -0.118561499551    -0.485586002003
-0.133333333333  1.26666666667  -1.13333333333  0.477064799895  0.350005802742  0.172929397363  1.0  1.4  0.654141205274  0.700011605485  1020.0  11.3769666184  -0.117718967786    -0.485209754073
-0.133333333333  1.26666666667  -1.13333333333  0.477380463505  0.349602261061  0.173017275434  1.0  1.4  0.653965449132  0.699204522122  1030.0  11.2665106318  -0.119201398566    -0.485386512003
-0.133333333333  1.26666666667  -1.13333333333  0.476836037932  0.349333326266  0.173830635802  1.0  1.4  0.652338728396  0.698666652532  1040.0  11.1581787988  -0.120944439512    -0.484749814786
-0.133333333333  1.26666666667  -1.13333333333  0.477565425921  0.350142083497  0.172292490582  1.0  1.4  0.655415018837  0.700284166994  1050.0  11.0519104293  -0.115642216217    -0.484788402179
-0.133333333333  1.26666666667  -1.13333333333  0.477003703712  0.349661822865  0.173334473423  1.0  1.4  0.653331053153  0.699323645729  1060.0  10.9476471233  -0.118562375251    -0.484279865758
-0.133333333333  1.26666666667  -1.13333333333  0.476781916199  0.349494715041  0.17372336876   1.0  1.4  0.65255326248   0.698989430081  1070.0  10.8453326643  -0.119797242056    -0.484269039983
-0.133333333333  1.26666666667  -1.13333333333  0.47697190022   0.35037781991   0.172650279871  1.0  1.4  0.654699440259  0.700755639819  1080.0  10.7449129174  -0.114503316287    -0.483593985626
-0.133333333333  1.26666666667  -1.13333333333  0.476747322927  0.34929929095   0.173953386123  1.0  1.4  0.652093227753  0.698598581899  1090.0  10.6463357346  -0.120430414779    -0.483894990524
-0.133333333333  1.26666666667  -1.13333333333  0.476913733306  0.349783178296  0.173303088398  1.0  1.4  0.653393823204  0.699566356592  1100.0  10.5495508643  -0.117427967957    -0.483548023723
-0.133333333333  1.26666666667  -1.13333333333  0.476588165976  0.350312260079  0.173099573945  1.0  1.4  0.65380085211   0.700624520158  1110.0  10.4545098655  -0.11475474768     -0.482763261344
-0.133333333333  1.26666666667  -1.13333333333  0.47629286776   0.350069130749  0.173638001491  1.0  1.4  0.652723997018  0.700138261498  1120.0  10.3611660275  -0.116352173267    -0.482603069716
-0.133333333333  1.26666666667  -1.13333333333  0.476176533933  0.350323977155  0.173499488912  1.0  1.4  0.653001022175  0.70064795431   1130.0  10.2694742927  -0.11472680142     -0.481968292963
-0.133333333333  1.26666666667  -1.13333333333  0.476452443178  0.350058250607  0.173489306215  1.0  1.4  0.65302138757   0.700116501214  1140.0  10.1793911849  -0.115607502262    -0.482125324865
-0.133333333333  1.26666666667  -1.13333333333  0.475739375402  0.350535721459  0.173724903139  1.0  1.4  0.652550193722  0.701071442919  1150.0  10.0908747398  -0.113837917723    -0.481221464866
-0.133333333333  1.26666666667  -1.13333333333  0.475887512721  0.350383957426  0.173728529853  1.0  1.4  0.652542940294  0.700767914851  1160.0  10.0038844403  -0.113932791746    -0.480884146165
-0.133333333333  1.26666666667  -1.13333333333  0.476177091889  0.35053418708   0.173288721031  1.0  1.4  0.653422557938  0.701068374161  1170.0  9.91838115449  -0.112713170594    -0.480964785691
-0.133333333333  1.26666666667  -1.13333333333  0.476121435777  0.350772852762  0.173105711461  1.0  1.4  0.653788577078  0.701545705524  1180.0  9.83432707691  -0.111222207012    -0.480508105157
-0.133333333333  1.26666666667  -1.13333333333  0.475889884034  0.350330533138  0.173779582827  1.0  1.4  0.652440834345  0.700661066276  1190.0  9.7516856729   -0.113552805907    -0.480252466372
-0.133333333333  1.26666666667  -1.13333333333  0.475748302698  0.350588866769  0.173662830533  1.0  1.4  0.652674338934  0.701177733538  1200.0  9.67042162562  -0.112068240661    -0.479724739882
-0.133333333333  1.26666666667  -1.13333333333  0.475911365341  0.35054967036   0.1735389643    1.0  1.4  0.652922071401  0.701099340719  1210.0  9.59050078574  -0.111915240862    -0.479709722602
-0.133333333333  1.26666666667  -1.13333333333  0.47567534995   0.351051272809  0.173273377241  1.0  1.4  0.653453245518  0.702102545618  1220.0  9.51189012357  -0.109046129432    -0.47877627215
-0.133333333333  1.26666666667  -1.13333333333  0.475617601503  0.350711059134  0.173671339362  1.0  1.4  0.652657321276  0.701422118269  1230.0  9.43455768354  -0.110558467564    -0.47854008775
-0.133333333333  1.26666666667  -1.13333333333  0.475569617287  0.350452725503  0.17397765721   1.0  1.4  0.652044685581  0.700905451007  1240.0  9.35847254093  -0.11182223188     -0.478467882203
-0.133333333333  1.26666666667  -1.13333333333  0.475393442678  0.350808422458  0.173798134865  1.0  1.4  0.652403730271  0.701616844915  1250.0  9.2836047606   -0.109787136731    -0.477787783216
-0.133333333333  1.26666666667  -1.13333333333  0.475441287405  0.351087400461  0.173471312134  1.0  1.4  0.653057375732  0.702174800921  1260.0  9.20992535774  -0.107860510268    -0.477295940624
-0.133333333333  1.26666666667  -1.13333333333  0.475543811822  0.350979296484  0.173476891694  1.0  1.4  0.653046216612  0.701958592969  1270.0  9.13740626043  -0.107897226233    -0.477018806335
-0.133333333333  1.26666666667  -1.13333333333  0.475377122465  0.350882212139  0.173740665396  1.0  1.4  0.652518669208  0.701764424279  1280.0  9.06602027402  -0.108481037442    -0.476803233973
-0.133333333333  1.26666666667  -1.13333333333  0.475420782522  0.350892255347  0.17368696213   1.0  1.4  0.652626075739  0.701784510695  1290.0  8.99574104709  -0.108093640723    -0.476551364768
-0.133333333333  1.26666666667  -1.13333333333  0.475107211247  0.351146962264  0.173745826489  1.0  1.4  0.652508347022  0.702293924529  1300.0  8.92654303904  -0.106616986478    -0.475670161174
-0.133333333333  1.26666666667  -1.13333333333  0.475228845656  0.351190064366  0.173581089978  1.0  1.4  0.652837820044  0.702380128732  1310.0  8.85840148912  -0.105875581729    -0.475378915331
-0.133333333333  1.26666666667  -1.13333333333  0.475220894783  0.351199689107  0.17357941611   1.0  1.4  0.65284116778   0.702399378214  1320.0  8.79129238693  -0.105893343087    -0.475426973699
-0.133333333333  1.26666666667  -1.13333333333  0.47516956283   0.350934660004  0.173895777166  1.0  1.4  0.652208445668  0.701869320008  1330.0  8.72519244417  -0.106755917886    -0.474914744899
-0.133333333333  1.26666666667  -1.13333333333  0.474959213416  0.351163561456  0.173877225129  1.0  1.4  0.652245549743  0.702327122911  1340.0  8.66007906772  -0.105597016204    -0.474433871355
-0.133333333333  1.26666666667  -1.13333333333  0.474839810831  0.351270689009  0.173889500161  1.0  1.4  0.652220999679  0.702541378017  1350.0  8.59593033389  -0.105165207463    -0.4742774697
-0.133333333333  1.26666666667  -1.13333333333  0.474800893399  0.351507401844  0.173691704756  1.0  1.4  0.652616590487  0.703014803689  1360.0  8.53272496379  -0.103452190576    -0.473622839561
-0.133333333333  1.26666666667  -1.13333333333  0.474790431724  0.351241814785  0.173967753491  1.0  1.4  0.652064493019  0.702483629571  1370.0  8.47044229982  -0.104463778407    -0.473338686158
-0.133333333333  1.26666666667  -1.13333333333  0.474383542306  0.351621643337  0.173994814357  1.0  1.4  0.652010371286  0.703243286673  1380.0  8.40906228315  -0.102656997329    -0.472541303291
-0.133333333333  1.26666666667  -1.13333333333  0.47457031808   0.351205826623  0.174223855297  1.0  1.4  0.651552289405  0.702411653246  1390.0  8.34856543219  -0.104330653193    -0.472592590476
-0.133333333333  1.26666666667  -1.13333333333  0.474576734574  0.351330250812  0.174093014614  1.0  1.4  0.651813970772  0.702660501625  1400.0  8.28893282196  -0.103195865856    -0.472067872236
-0.133333333333  1.26666666667  -1.13333333333  0.474301522774  0.351555246572  0.174143230655  1.0  1.4  0.651713538691  0.703110493144  1410.0  8.23014606436  -0.102299717121    -0.471701279547
-0.133333333333  1.26666666667  -1.13333333333  0.474298454015  0.351520234833  0.174181311152  1.0  1.4  0.651637377696  0.703040469665  1420.0  8.17218728926  -0.102226117878    -0.471453486438
-0.133333333333  1.26666666667  -1.13333333333  0.474291479565  0.351616203266  0.174092317169  1.0  1.4  0.651815365662  0.703232406531  1430.0  8.1150391264   -0.101082303006    -0.470756371146
-0.133333333333  1.26666666667  -1.13333333333  0.474149619251  0.351508238778  0.174342141971  1.0  1.4  0.651315716058  0.703016477557  1440.0  8.05868468802  -0.101551905787    -0.470424023759
-0.133333333333  1.26666666667  -1.13333333333  0.474131485681  0.351554270149  0.17431424417   1.0  1.4  0.651371511659  0.703108540298  1450.0  8.00310755224  -0.101226405559    -0.470283206968
-0.133333333333  1.26666666667  -1.13333333333  0.47400859587   0.351638382017  0.174353022113  1.0  1.4  0.651293955774  0.703276764034  1460.0  7.94829174709  -0.100340631177    -0.469555389932
-0.133333333333  1.26666666667  -1.13333333333  0.474108330506  0.3515206533    0.174371016194  1.0  1.4  0.651257967612  0.703041306599  1470.0  7.8942217352   -0.100689036451    -0.469538166635
-0.133333333333  1.26666666667  -1.13333333333  0.474047931769  0.351545342853  0.174406725379  1.0  1.4  0.651186549243  0.703090685706  1480.0  7.84088239916  -0.100072773747    -0.468919616312
-0.133333333333  1.26666666667  -1.13333333333  0.473771464568  0.351642287709  0.174586247724  1.0  1.4  0.650827504553  0.703284575418  1490.0  7.78825902735  -0.0997901167706   -0.468549360242
-0.133333333333  1.26666666667  -1.13333333333  0.473677309492  0.351621922315  0.174700768194  1.0  1.4  0.650598463612  0.703243844629  1500.0  7.7363373005   -0.09954065821     -0.468013837637
-0.133333333333  1.26666666667  -1.13333333333  0.473792248429  0.351758761025  0.174448990546  1.0  1.4  0.651102018908  0.70351752205   1510.0  7.68510327864  -0.0983114887036   -0.467671371816
-0.133333333333  1.26666666667  -1.13333333333  0.473564881356  0.35152623286   0.174908885784  1.0  1.4  0.650182228432  0.703052465719  1520.0  7.63454338865  -0.0995746851396   -0.467363698912
-0.133333333333  1.26666666667  -1.13333333333  0.473433203739  0.351717890748  0.174848905513  1.0  1.4  0.650302188973  0.703435781496  1530.0  7.58464441225  -0.0984710215244   -0.466916637924
-0.133333333333  1.26666666667  -1.13333333333  0.473439341255  0.351928798118  0.174631860627  1.0  1.4  0.650736278746  0.703857596236  1540.0  7.53539347451  -0.0970041465855   -0.466474393396
-0.133333333333  1.26666666667  -1.13333333333  0.473461659495  0.351620527425  0.17491781308   1.0  1.4  0.650164373839  0.703241054849  1550.0  7.48677803274  -0.0983487766191   -0.466383960581
-0.133333333333  1.26666666667  -1.13333333333  0.47335620581   0.351876489743  0.174767304448  1.0  1.4  0.650465391105  0.703752979485  1560.0  7.43878586587  -0.0966292466283   -0.465682142346
-0.133333333333  1.26666666667  -1.13333333333  0.47296493916   0.351903132142  0.175131928698  1.0  1.4  0.649736142605  0.703806264284  1570.0  7.39140506417  -0.0966156769465   -0.465013922882
-0.133333333333  1.26666666667  -1.13333333333  0.472879013936  0.351695293529  0.175425692535  1.0  1.4  0.64914861493   0.703390587059  1580.0  7.34462401946  -0.0975134283937   -0.46474219854
-0.133333333333  1.26666666667  -1.13333333333  0.47297484288   0.351869933759  0.175155223361  1.0  1.4  0.649689553278  0.703739867519  1590.0  7.29843141557  -0.0957853977274   -0.464044098865
-0.133333333333  1.26666666667  -1.13333333333  0.472892683858  0.351926845272  0.17518047087   1.0  1.4  0.64963905826   0.703853690544  1600.0  7.25281621922  -0.0954794612309   -0.463847019586
-0.133333333333  1.26666666667  -1.13333333333  0.472825031692  0.351870631204  0.175304337104  1.0  1.4  0.649391325793  0.703741262409  1610.0  7.20776767127  -0.095433625914    -0.463396052413
-0.133333333333  1.26666666667  -1.13333333333  0.47282810045   0.351760574382  0.175411325168  1.0  1.4  0.649177349664  0.703521148764  1620.0  7.16327527824  -0.0956478084135   -0.463088099681
-0.133333333333  1.26666666667  -1.13333333333  0.472610218629  0.35205433822   0.175335443151  1.0  1.4  0.649329113698  0.704108676439  1630.0  7.11932880414  -0.0941758801874   -0.462590474234
-0.133333333333  1.26666666667  -1.13333333333  0.47251090246   0.352070518944  0.175418578596  1.0  1.4  0.649162842808  0.704141037887  1640.0  7.07591826265  -0.0935176199761   -0.46181124916
-0.133333333333  1.26666666667  -1.13333333333  0.472675638971  0.35188248777   0.175441873259  1.0  1.4  0.649116253482  0.703764975539  1650.0  7.03303390954  -0.0940878209759   -0.461808373546
-0.133333333333  1.26666666667  -1.13333333333  0.472371134481  0.351752623509  0.17587624201   1.0  1.4  0.64824751598   0.703505247018  1660.0  6.99066623539  -0.0947077486519   -0.461195943791
-0.133333333333  1.26666666667  -1.13333333333  0.472279908674  0.351967297083  0.175752794244  1.0  1.4  0.648494411513  0.703934594165  1670.0  6.94880595853  -0.0933687609497   -0.460704937627
-0.133333333333  1.26666666667  -1.13333333333  0.47217989506   0.351911083015  0.175909021925  1.0  1.4  0.648181956149  0.70382216603   1680.0  6.9074440183   -0.0935513357644   -0.460417657689
-0.133333333333  1.26666666667  -1.13333333333  0.471845539923  0.351904387543  0.176250072534  1.0  1.4  0.647499854931  0.703808775086  1690.0  6.86657156849  -0.0933996430144   -0.459565116399
-0.133333333333  1.26666666667  -1.13333333333  0.471897290342  0.351808837577  0.176293872081  1.0  1.4  0.647412255838  0.703617675154  1700.0  6.82617997103  -0.0935955495273   -0.459405883914
-0.133333333333  1.26666666667  -1.13333333333  0.471882643997  0.351939538771  0.176177817231  1.0  1.4  0.647644365537  0.703879077542  1710.0  6.78626078991  -0.0925454264633   -0.458953833893
-0.133333333333  1.26666666667  -1.13333333333  0.471656532326  0.352037878517  0.176305589157  1.0  1.4  0.647388821686  0.704075757035  1720.0  6.74680578532  -0.0919168600972   -0.458345074965
-0.133333333333  1.26666666667  -1.13333333333  0.471552473531  0.351942607529  0.17650491894   1.0  1.4  0.64699016212   0.703885215059  1730.0  6.70780690795  -0.0923627612881   -0.458125557823
-0.133333333333  1.26666666667  -1.13333333333  0.471473383267  0.352041505231  0.176485111502  1.0  1.4  0.647029776996  0.704083010463  1740.0  6.66925629353  -0.0916598037646   -0.457739128742
-0.133333333333  1.26666666667  -1.13333333333  0.471486076766  0.351955301028  0.176558622206  1.0  1.4  0.646882755588  0.703910602057  1750.0  6.63114625757  -0.0914002376353   -0.457091169437
-0.133333333333  1.26666666667  -1.13333333333  0.471062867135  0.352050572016  0.176886560848  1.0  1.4  0.646226878303  0.704101144033  1760.0  6.5934692902   -0.0913781098282   -0.456679923111
-0.133333333333  1.26666666667  -1.13333333333  0.471269450346  0.352084467844  0.17664608181   1.0  1.4  0.646707836381  0.704168935688  1770.0  6.55621805127  -0.0904154063417   -0.456293086018
-0.133333333333  1.26666666667  -1.13333333333  0.471068167717  0.351934935634  0.176996896649  1.0  1.4  0.646006206703  0.703869871268  1780.0  6.51938536559  -0.0908985003714   -0.455655860183
-0.133333333333  1.26666666667  -1.13333333333  0.470990472343  0.352088931492  0.176920596165  1.0  1.4  0.64615880767   0.704177862984  1790.0  6.4829642183   -0.0897739098902   -0.455115059071
-0.133333333333  1.26666666667  -1.13333333333  0.470852099254  0.352098556233  0.177049344513  1.0  1.4  0.645901310973  0.704197112466  1800.0  6.44694775042  -0.0893771311511   -0.45448773291
-0.133333333333  1.26666666667  -1.13333333333  0.470778728039  0.352067868653  0.177153403308  1.0  1.4  0.645693193383  0.704135737305  1810.0  6.41132925456  -0.0893246719109   -0.454141230855
-0.133333333333  1.26666666667  -1.13333333333  0.470650677135  0.352063405005  0.17728591786   1.0  1.4  0.64542816428   0.704126810009  1820.0  6.37610217074  -0.0892678390488   -0.453806870675
-0.133333333333  1.26666666667  -1.13333333333  0.470530995572  0.352067868653  0.177401135775  1.0  1.4  0.64519772845   0.704135737305  1830.0  6.34126008238  -0.0887968250025   -0.453117919013
-0.133333333333  1.26666666667  -1.13333333333  0.470332781701  0.352039970852  0.177627247447  1.0  1.4  0.644745505106  0.704079941705  1840.0  6.30679671236  -0.0889711715869   -0.452761928413
-0.133333333333  1.26666666667  -1.13333333333  0.470138613011  0.351860169529  0.17800121746   1.0  1.4  0.64399756508   0.703720339059  1850.0  6.27270591932  -0.0894930247922   -0.452032397888
-0.133333333333  1.26666666667  -1.13333333333  0.469961461979  0.35211571338   0.177922824641  1.0  1.4  0.644154350718  0.70423142676   1860.0  6.23898169395  -0.0884765041328   -0.451888185649
-0.133333333333  1.26666666667  -1.13333333333  0.469974713434  0.352067031719  0.177958254848  1.0  1.4  0.644083490305  0.704134063437  1870.0  6.20561815548  -0.087826266673    -0.451030779124
-0.133333333333  1.26666666667  -1.13333333333  0.470021860716  0.352108599441  0.177869539843  1.0  1.4  0.644260920315  0.704217198882  1880.0  6.17260954827  -0.0872643597919   -0.450762691876
-0.133333333333  1.26666666667  -1.13333333333  0.469856147782  0.3520165367    0.178127315517  1.0  1.4  0.643745368965  0.7040330734    1890.0  6.13995023849  -0.0873447165851   -0.450069721644
-0.133333333333  1.26666666667  -1.13333333333  0.469470042226  0.35222186451   0.178308093263  1.0  1.4  0.643383813473  0.704443729021  1900.0  6.10763471092  -0.0866332005026   -0.449571567938
-0.133333333333  1.26666666667  -1.13333333333  0.469514120751  0.352125896077  0.178359983172  1.0  1.4  0.643280033656  0.704251792155  1910.0  6.07565756584  -0.0867598758141   -0.44932575182
-0.133333333333  1.26666666667  -1.13333333333  0.469292891194  0.352278218067  0.178428890739  1.0  1.4  0.643142218522  0.704556436134  1920.0  6.04401351602  -0.0851307671813   -0.447985329625
-0.133333333333  1.26666666667  -1.13333333333  0.46933543534   0.352022674216  0.178641890444  1.0  1.4  0.642716219112  0.704045348432  1930.0  6.01269738381  -0.0865479494089   -0.448260989659
-0.133333333333  1.26666666667  -1.13333333333  0.468905669726  0.352223398889  0.178870931385  1.0  1.4  0.64225813723   0.704446797779  1940.0  5.98170409833  -0.0853551817293   -0.447172169184
-0.133333333333  1.26666666667  -1.13333333333  0.468802168887  0.35212408272   0.179073748393  1.0  1.4  0.641852503214  0.704248165441  1950.0  5.95102869269  -0.0859700040815   -0.447103272246
-0.133333333333  1.26666666667  -1.13333333333  0.468937333729  0.352105670172  0.178956996099  1.0  1.4  0.642086007802  0.704211340344  1960.0  5.9206663014   -0.0850546947443   -0.446369912362
-0.133333333333  1.26666666667  -1.13333333333  0.468674815428  0.352088234047  0.179236950525  1.0  1.4  0.64152609895   0.704176468094  1970.0  5.89061215774  -0.0847664533703   -0.445472940985
-0.133333333333  1.26666666667  -1.13333333333  0.468789196409  0.351895878714  0.179314924877  1.0  1.4  0.641370150246  0.703791757428  1980.0  5.86086159129  -0.0853266371596   -0.445338581138
-0.133333333333  1.26666666667  -1.13333333333  0.468508126071  0.352245298663  0.179246575266  1.0  1.4  0.641506849468  0.704490597325  1990.0  5.8314100255   -0.0834763675026   -0.444603386559
-0.133333333333  1.26666666667  -1.13333333333  0.468644127848  0.352049874571  0.179305997581  1.0  1.4  0.641388004839  0.704099749143  2000.0  5.80225297537  -0.0840102499406   -0.444471236913
-0.133333333333  1.26666666667  -1.13333333333  0.468299729503  0.352026998375  0.179673272122  1.0  1.4  0.640653455756  0.70405399675   2010.0  5.77338604515  -0.0838740990008   -0.443536483541
-0.133333333333  1.26666666667  -1.13333333333  0.468074036298  0.352102461925  0.179823501777  1.0  1.4  0.640352996447  0.70420492385   2020.0  5.74480492611  -0.0834671290678   -0.443040352238
-0.133333333333  1.26666666667  -1.13333333333  0.468138898684  0.352068705587  0.179792395729  1.0  1.4  0.640415208542  0.704137411173  2030.0  5.71650539446  -0.0827421845119   -0.44228310203
-0.133333333333  1.26666666667  -1.13333333333  0.467675097754  0.352249622822  0.180075279424  1.0  1.4  0.639849441151  0.704499245643  2040.0  5.68848330919  -0.0821902189236   -0.441671937309
-0.133333333333  1.26666666667  -1.13333333333  0.467766323561  0.352051129973  0.180182546467  1.0  1.4  0.639634907067  0.704102259945  2050.0  5.66073461012  -0.0826966480726   -0.441408052396
-0.133333333333  1.26666666667  -1.13333333333  0.46752333372   0.352243485306  0.180233180974  1.0  1.4  0.639533638052  0.704486970611  2060.0  5.6332553159   -0.0815226604445   -0.440671390685
-0.133333333333  1.26666666667  -1.13333333333  0.467508826864  0.35214375067   0.180347422466  1.0  1.4  0.639305155067  0.704287501339  2070.0  5.6060415221   -0.0815995825117   -0.440240572787
-0.133333333333  1.26666666667  -1.13333333333  0.467543838603  0.351982640873  0.180473520524  1.0  1.4  0.639052958952  0.703965281745  2080.0  5.5790893994   -0.0817605493949   -0.439698236124
-0.133333333333  1.26666666667  -1.13333333333  0.467213668137  0.352041923698  0.180744408165  1.0  1.4  0.63851118367   0.704083847397  2090.0  5.55239519175  -0.0813699920888   -0.438931895448
-0.133333333333  1.26666666667  -1.13333333333  0.467015314776  0.352129243813  0.18085544141   1.0  1.4  0.63828911718   0.704258487627  2100.0  5.52595521464  -0.0803894924079   -0.437973825599
-0.133333333333  1.26666666667  -1.13333333333  0.466858529139  0.352141239868  0.181000230994  1.0  1.4  0.637999538012  0.704282479735  2110.0  5.49976585344  -0.0801751662646   -0.43750350924
-0.133333333333  1.26666666667  -1.13333333333  0.466816263971  0.352088234047  0.181095501982  1.0  1.4  0.637808996036  0.704176468094  2120.0  5.47382356168  -0.0799878774443   -0.436977262145
-0.133333333333  1.26666666667  -1.13333333333  0.466640786807  0.352027974798  0.181331238395  1.0  1.4  0.637337523211  0.704055949596  2130.0  5.44812485951  -0.080168342947    -0.436517528926
-0.133333333333  1.26666666667  -1.13333333333  0.466368364787  0.352255341871  0.181376293342  1.0  1.4  0.637247413316  0.704510683742  2140.0  5.42266633213  -0.0784662371745   -0.435361941062
-0.133333333333  1.26666666667  -1.13333333333  0.466273372777  0.352063823472  0.181662803751  1.0  1.4  0.636674392498  0.704127646943  2150.0  5.39744462826  -0.07904612755     -0.434832559102
-0.133333333333  1.26666666667  -1.13333333333  0.466030801403  0.352177088541  0.181792110056  1.0  1.4  0.636415779889  0.704354177082  2160.0  5.37245645868  -0.0783053723209   -0.434150333458
-0.133333333333  1.26666666667  -1.13333333333  0.466049353441  0.352094092585  0.181856553974  1.0  1.4  0.636286892051  0.70418818517   2170.0  5.34769859482  -0.0783448701753   -0.433828554798
-0.133333333333  1.26666666667  -1.13333333333  0.466044052859  0.352110691776  0.181845255365  1.0  1.4  0.636309489269  0.704221383552  2180.0  5.32316786732  -0.0778324997574   -0.433385259334
-0.133333333333  1.26666666667  -1.13333333333  0.46559252696   0.352061731137  0.182345741903  1.0  1.4  0.635308516194  0.704123462273  2190.0  5.29886116473  -0.0780074403299   -0.43242213704
-0.133333333333  1.26666666667  -1.13333333333  0.465591411048  0.352003703712  0.18240488524   1.0  1.4  0.635190229521  0.704007407424  2200.0  5.27477543216  -0.0779243392945   -0.432058272542
-0.133333333333  1.26666666667  -1.13333333333  0.465424861181  0.352117666226  0.182457472593  1.0  1.4  0.635085054814  0.704235332453  2210.0  5.25090767002  -0.0765935569348   -0.430941410515
-0.133333333333  1.26666666667  -1.13333333333  0.465110313482  0.352187410727  0.182702275791  1.0  1.4  0.634595448418  0.704374821454  2220.0  5.22725493277  -0.0761240208835   -0.430177552671
-0.133333333333  1.26666666667  -1.13333333333  0.465048101387  0.352026858886  0.182925039726  1.0  1.4  0.634149920547  0.704053717772  2230.0  5.20381432769  -0.0767244190483   -0.42988287781
-0.133333333333  1.26666666667  -1.13333333333  0.464913773479  0.352050990484  0.183035236038  1.0  1.4  0.633929527925  0.704101980967  2240.0  5.18058301373  -0.0757915052614   -0.428797139873
-0.133333333333  1.26666666667  -1.13333333333  0.464675526264  0.352018489546  0.18330598419   1.0  1.4  0.63338803162   0.704036979092  2250.0  5.15755820033  -0.0757785135927   -0.428151649276
-0.133333333333  1.26666666667  -1.13333333333  0.46465934554   0.352037181072  0.183303473388  1.0  1.4  0.633393053225  0.704074362145  2260.0  5.13473714635  -0.0754357583026   -0.427866251863
-0.133333333333  1.26666666667  -1.13333333333  0.464256082836  0.3521953616    0.183548555563  1.0  1.4  0.632902888873  0.7043907232    2270.0  5.11211715892  -0.074380113618    -0.426763348305
-0.133333333333  1.26666666667  -1.13333333333  0.464201961104  0.352198011891  0.183600027005  1.0  1.4  0.63279994599   0.704396023782  2280.0  5.08969559243  -0.0739819181938   -0.426269630812
-0.133333333333  1.26666666667  -1.13333333333  0.464125521131  0.352109017908  0.183765460961  1.0  1.4  0.632469078078  0.704218035816  2290.0  5.06746984749  -0.0739107340572   -0.425618395612
-0.133333333333  1.26666666667  -1.13333333333  0.463811810366  0.352121711407  0.184066478226  1.0  1.4  0.631867043547  0.704243422815  2300.0  5.04543736989  -0.0734238270432   -0.424564995865
-0.133333333333  1.26666666667  -1.13333333333  0.46368138815   0.351957393363  0.184361218487  1.0  1.4  0.631277563027  0.703914786727  2310.0  5.02359564968  -0.073648205851    -0.423739803629
-0.133333333333  1.26666666667  -1.13333333333  0.46361150416   0.351977061313  0.184411434527  1.0  1.4  0.631177130946  0.703954122625  2320.0  5.00194222015  -0.0732956237796   -0.423341859734
-0.133333333333  1.26666666667  -1.13333333333  0.4633446617    0.352129941258  0.184525397041  1.0  1.4  0.630949205917  0.704259882517  2330.0  4.98047465697  -0.071633864385    -0.421880239159
-0.133333333333  1.26666666667  -1.13333333333  0.463430447436  0.352019605458  0.184549947106  1.0  1.4  0.630900105788  0.704039210916  2340.0  4.95919057724  -0.0721514512789   -0.422039785684
-0.133333333333  1.26666666667  -1.13333333333  0.463310068428  0.35214375067   0.184546180903  1.0  1.4  0.630907638195  0.704287501339  2350.0  4.93808763862  -0.0709186030572   -0.42116207646
-0.133333333333  1.26666666667  -1.13333333333  0.462858403041  0.352200243715  0.184941353244  1.0  1.4  0.630117293512  0.70440048743   2360.0  4.91716353845  -0.0704402017222   -0.42005151097
-0.133333333333  1.26666666667  -1.13333333333  0.46281516145   0.35208084113   0.18510399742   1.0  1.4  0.62979200516   0.70416168226   2370.0  4.89641601298  -0.070485626575    -0.419437320232
-0.133333333333  1.26666666667  -1.13333333333  0.46263912633   0.352203591451  0.185157282219  1.0  1.4  0.629685435563  0.704407182902  2380.0  4.87584283645  -0.0693957483738   -0.418584573334
-0.133333333333  1.26666666667  -1.13333333333  0.462486664851  0.352027137864  0.185486197284  1.0  1.4  0.629027605431  0.704054275728  2390.0  4.8554418204   -0.0696556301872   -0.417692554972
-0.133333333333  1.26666666667  -1.13333333333  0.462151333292  0.352165929421  0.185682737288  1.0  1.4  0.628634525425  0.704331858842  2400.0  4.83521081281  -0.06896620677     -0.416998667907
