#mu0            mu1              mu2             x0              x1                 x2              mua  mub   xa                 xb                 T       b              u               phi
0.066666666667  -0.133333333333  0.066666666667  0.5             0.0                0.5             0.0  -0.2  0.0                0.0                30.0    386.816865025  -1.31774118     -1.45107451333
0.066666666667  -0.133333333333  0.066666666667  0.5             0.0                0.5             0.0  -0.2  0.0                0.0                40.0    290.112648769  -1.31774118     -1.45107451333
0.066666666667  -0.133333333333  0.066666666667  0.5             0.0                0.5             0.0  -0.2  0.0                0.0                50.0    232.090119015  -1.31774118     -1.45107451333
0.066666666667  -0.133333333333  0.066666666667  0.5             0.0                0.5             0.0  -0.2  0.0                0.0                60.0    193.408432513  -1.31774118     -1.45107451333
0.066666666667  -0.133333333333  0.066666666667  0.5             0.0                0.5             0.0  -0.2  0.0                0.0                70.0    165.778656439  -1.31774118     -1.45107451333
0.066666666667  -0.133333333333  0.066666666667  0.5             0.0                0.5             0.0  -0.2  0.0                0.0                80.0    145.056324384  -1.31774118     -1.45107451333
0.066666666667  -0.133333333333  0.066666666667  0.5             0.0                0.5             0.0  -0.2  0.0                0.0                90.0    128.938955008  -1.31774118     -1.45107451333
0.066666666667  -0.133333333333  0.066666666667  0.5             0.0                0.5             0.0  -0.2  0.0                0.0                100.0   116.045059507  -1.31774118     -1.45107451333
0.066666666667  -0.133333333333  0.066666666667  0.5             0.0                0.5             0.0  -0.2  0.0                0.0                110.0   105.495508643  -1.31774118     -1.45107451333
0.066666666667  -0.133333333333  0.066666666667  0.5             0.0                0.5             0.0  -0.2  0.0                0.0                120.0   96.7042162563  -1.31774118     -1.45107451333
0.066666666667  -0.133333333333  0.066666666667  0.5             0.0                0.5             0.0  -0.2  0.0                0.0                130.0   89.2654303904  -1.31774118     -1.45107451333
0.066666666667  -0.133333333333  0.066666666667  0.5             0.0                0.5             0.0  -0.2  0.0                0.0                140.0   82.8893282196  -1.31774118     -1.45107451333
0.066666666667  -0.133333333333  0.066666666667  0.5             0.0                0.5             0.0  -0.2  0.0                0.0                150.0   77.363373005   -1.31774118     -1.45107451333
0.066666666667  -0.133333333333  0.066666666667  0.5             0.0                0.5             0.0  -0.2  0.0                0.0                160.0   72.5281621922  -1.31774118     -1.45107451333
0.066666666667  -0.133333333333  0.066666666667  0.5             0.0                0.5             0.0  -0.2  0.0                0.0                170.0   68.2617997103  -1.31774118     -1.45107451333
0.066666666667  -0.133333333333  0.066666666667  0.5             0.0                0.5             0.0  -0.2  0.0                0.0                180.0   64.4694775042  -1.31774118     -1.45107451333
0.066666666667  -0.133333333333  0.066666666667  0.5             0.0                0.5             0.0  -0.2  0.0                0.0                190.0   61.0763471092  -1.31774118     -1.45107451333
0.066666666667  -0.133333333333  0.066666666667  0.5             0.0                0.5             0.0  -0.2  0.0                0.0                200.0   58.0225297537  -1.31774118     -1.45107451333
0.066666666667  -0.133333333333  0.066666666667  0.5             0.0                0.5             0.0  -0.2  0.0                0.0                210.0   55.2595521464  -1.31774118     -1.45107451333
0.066666666667  -0.133333333333  0.066666666667  0.5             0.0                0.5             0.0  -0.2  0.0                0.0                220.0   52.7477543216  -1.31774118     -1.45107451333
0.066666666667  -0.133333333333  0.066666666667  0.5             0.0                0.5             0.0  -0.2  0.0                0.0                230.0   50.4543736989  -1.31774118     -1.45107451333
0.066666666667  -0.133333333333  0.066666666667  0.5             0.0                0.5             0.0  -0.2  0.0                0.0                240.0   48.3521081281  -1.31774118     -1.45107451333
0.066666666667  -0.133333333333  0.066666666667  0.5             0.0                0.5             0.0  -0.2  0.0                0.0                250.0   46.418023803   -1.31774118     -1.45107451333
0.066666666667  -0.133333333333  0.066666666667  0.5             0.0                0.5             0.0  -0.2  0.0                0.0                260.0   44.6327151952  -1.31774118     -1.45107451333
0.066666666667  -0.133333333333  0.066666666667  0.5             0.0                0.5             0.0  -0.2  0.0                0.0                270.0   42.9796516694  -1.31774118     -1.45107451333
0.066666666667  -0.133333333333  0.066666666667  0.5             0.0                0.5             0.0  -0.2  0.0                0.0                280.0   41.4446641098  -1.31774118     -1.45107451333
0.066666666667  -0.133333333333  0.066666666667  0.5             0.0                0.5             0.0  -0.2  0.0                0.0                290.0   40.0155377612  -1.31774118     -1.45107451333
0.066666666667  -0.133333333333  0.066666666667  0.5             0.0                0.5             0.0  -0.2  0.0                0.0                300.0   38.6816865025  -1.31774118     -1.45107451333
0.066666666667  -0.133333333333  0.066666666667  0.5             0.0                0.5             0.0  -0.2  0.0                0.0                310.0   37.4338901637  -1.31774118     -1.45107451333
0.066666666667  -0.133333333333  0.066666666667  0.5             0.0                0.5             0.0  -0.2  0.0                0.0                320.0   36.2640810961  -1.31774118     -1.45107451333
0.066666666667  -0.133333333333  0.066666666667  0.5             0.0                0.5             0.0  -0.2  0.0                0.0                330.0   35.1651695477  -1.31774118     -1.45107451333
0.066666666667  -0.133333333333  0.066666666667  0.5             0.0                0.5             0.0  -0.2  0.0                0.0                340.0   34.1308998551  -1.31774118     -1.45107451333
0.066666666667  -0.133333333333  0.066666666667  0.5             0.0                0.5             0.0  -0.2  0.0                0.0                350.0   33.1557312879  -1.31774118     -1.45107451333
0.066666666667  -0.133333333333  0.066666666667  0.5             0.0                0.5             0.0  -0.2  0.0                0.0                360.0   32.2347387521  -1.31774118     -1.45107451333
0.066666666667  -0.133333333333  0.066666666667  0.5             0.0                0.5             0.0  -0.2  0.0                0.0                370.0   31.3635295966  -1.31774118     -1.45107451333
0.066666666667  -0.133333333333  0.066666666667  0.5             0.0                0.5             0.0  -0.2  0.0                0.0                380.0   30.5381735546  -1.31774118     -1.45107451333
0.066666666667  -0.133333333333  0.066666666667  0.5             0.0                0.5             0.0  -0.2  0.0                0.0                390.0   29.7551434635  -1.31774118     -1.45107451333
0.066666666667  -0.133333333333  0.066666666667  0.5             0.0                0.5             0.0  -0.2  0.0                0.0                400.0   29.0112648769  -1.31774118     -1.45107451333
0.066666666667  -0.133333333333  0.066666666667  0.5             0.0                0.5             0.0  -0.2  0.0                0.0                410.0   28.3036730506  -1.31774118     -1.45107451333
0.066666666667  -0.133333333333  0.066666666667  0.5             0.0                0.5             0.0  -0.2  0.0                0.0                420.0   27.6297760732  -1.31774118     -1.45107451333
0.066666666667  -0.133333333333  0.066666666667  0.5             0.0                0.5             0.0  -0.2  0.0                0.0                430.0   26.9872231413  -1.31774118     -1.45107451333
0.066666666667  -0.133333333333  0.066666666667  0.5             0.0                0.5             0.0  -0.2  0.0                0.0                440.0   26.3738771608  -1.31774118     -1.45107451333
0.066666666667  -0.133333333333  0.066666666667  0.5             0.0                0.5             0.0  -0.2  0.0                0.0                450.0   25.7877910017  -1.31774118     -1.45107451333
0.066666666667  -0.133333333333  0.066666666667  0.5             0.0                0.5             0.0  -0.2  0.0                0.0                460.0   25.2271868495  -1.31774118     -1.45107451333
0.066666666667  -0.133333333333  0.066666666667  0.5             0.0                0.5             0.0  -0.2  0.0                0.0                470.0   24.6904381931  -1.31774118     -1.45107451333
0.066666666667  -0.133333333333  0.066666666667  0.5             0.0                0.5             0.0  -0.2  0.0                0.0                480.0   24.1760540641  -1.31774118     -1.45107451333
0.066666666667  -0.133333333333  0.066666666667  0.5             0.0                0.5             0.0  -0.2  0.0                0.0                490.0   23.6826652056  -1.31774118     -1.45107451333
0.066666666667  -0.133333333333  0.066666666667  0.5             0.0                0.5             0.0  -0.2  0.0                0.0                500.0   23.2090119015  -1.31774118     -1.45107451333
0.066666666667  -0.133333333333  0.066666666667  0.5             0.0                0.5             0.0  -0.2  0.0                0.0                510.0   22.7539332368  -1.31774118     -1.45107451333
0.066666666667  -0.133333333333  0.066666666667  0.5             0.0                0.5             0.0  -0.2  0.0                0.0                520.0   22.3163575976  -1.31774118     -1.45107451333
0.066666666667  -0.133333333333  0.066666666667  0.5             0.0                0.5             0.0  -0.2  0.0                0.0                530.0   21.8952942467  -1.31774118     -1.45107451333
0.066666666667  -0.133333333333  0.066666666667  0.5             0.0                0.5             0.0  -0.2  0.0                0.0                540.0   21.4898258347  -1.31774118     -1.45107451333
0.066666666667  -0.133333333333  0.066666666667  0.5             0.0                0.5             0.0  -0.2  0.0                0.0                550.0   21.0991017286  -1.31774118     -1.45107451333
0.066666666667  -0.133333333333  0.066666666667  0.5             0.0                0.5             0.0  -0.2  0.0                0.0                560.0   20.7223320549  -1.31774118     -1.45107451333
0.066666666667  -0.133333333333  0.066666666667  0.5             0.0                0.5             0.0  -0.2  0.0                0.0                570.0   20.3587823697  -1.31774118     -1.45107451333
0.066666666667  -0.133333333333  0.066666666667  0.5             0.0                0.5             0.0  -0.2  0.0                0.0                580.0   20.0077688806  -1.31774118     -1.45107451333
0.066666666667  -0.133333333333  0.066666666667  0.5             0.0                0.5             0.0  -0.2  0.0                0.0                590.0   19.6686541538  -1.31774118     -1.45107451333
0.066666666667  -0.133333333333  0.066666666667  0.5             0.0                0.5             0.0  -0.2  0.0                0.0                600.0   19.3408432512  -1.31774118     -1.45107451333
0.066666666667  -0.133333333333  0.066666666667  0.5             0.0                0.5             0.0  -0.2  0.0                0.0                610.0   19.0237802471  -1.31774118     -1.45107451333
0.066666666667  -0.133333333333  0.066666666667  0.5             0.0                0.5             0.0  -0.2  0.0                0.0                620.0   18.7169450819  -1.31774118     -1.45107451333
0.066666666667  -0.133333333333  0.066666666667  0.5             0.0                0.5             0.0  -0.2  0.0                0.0                630.0   18.4198507155  -1.31774118     -1.45107451333
0.066666666667  -0.133333333333  0.066666666667  0.5             0.0                0.5             0.0  -0.2  0.0                0.0                640.0   18.132040548   -1.31774118     -1.45107451333
0.066666666667  -0.133333333333  0.066666666667  0.5             0.0                0.5             0.0  -0.2  0.0                0.0                650.0   17.8530860781  -1.31774118     -1.45107451333
0.066666666667  -0.133333333333  0.066666666667  0.500000278978  0.0                0.499999721022  0.0  -0.2  5.57956005842e-07  0.0                660.0   17.5825847739  -1.31774061917  -1.4510739525
0.066666666667  -0.133333333333  0.066666666667  0.5             0.0                0.5             0.0  -0.2  0.0                0.0                670.0   17.3201581354  -1.31774118     -1.45107451333
0.066666666667  -0.133333333333  0.066666666667  0.5             0.0                0.5             0.0  -0.2  0.0                0.0                680.0   17.0654499276  -1.31774118     -1.45107451333
0.066666666667  -0.133333333333  0.066666666667  0.5             0.0                0.5             0.0  -0.2  0.0                0.0                690.0   16.8181245663  -1.31774118     -1.45107451333
0.066666666667  -0.133333333333  0.066666666667  0.5             0.0                0.5             0.0  -0.2  0.0                0.0                700.0   16.5778656439  -1.31774118     -1.45107451333
0.066666666667  -0.133333333333  0.066666666667  0.5             0.0                0.5             0.0  -0.2  0.0                0.0                710.0   16.3443745785  -1.31774118     -1.45107451333
0.066666666667  -0.133333333333  0.066666666667  0.5             0.0                0.5             0.0  -0.2  0.0                0.0                720.0   16.117369376   -1.31774118     -1.45107451333
0.066666666667  -0.133333333333  0.066666666667  0.5             0.0                0.5             0.0  -0.2  0.0                0.0                730.0   15.8965834942  -1.31774118     -1.45107451333
0.066666666667  -0.133333333333  0.066666666667  0.5             0.0                0.5             0.0  -0.2  0.0                0.0                740.0   15.6817647983  -1.31774118     -1.45107451333
0.066666666667  -0.133333333333  0.066666666667  0.5             0.0                0.5             0.0  -0.2  0.0                0.0                750.0   15.472674601   -1.31774118     -1.45107451333
0.066666666667  -0.133333333333  0.066666666667  0.5             0.0                0.5             0.0  -0.2  0.0                0.0                760.0   15.2690867773  -1.31774118     -1.45107451333
0.066666666667  -0.133333333333  0.066666666667  0.500000139489  0.0                0.499999860511  0.0  -0.2  2.78978003809e-07  0.0                770.0   15.070786949   -1.31774089958  -1.45107423292
0.066666666667  -0.133333333333  0.066666666667  0.5             0.0                0.5             0.0  -0.2  0.0                0.0                780.0   14.8775717317  -1.31774118     -1.45107451333
0.066666666667  -0.133333333333  0.066666666667  0.499999721022  2.7897800293e-07   0.5             0.0  -0.2  8.59441979932e-18  5.57956005859e-07  790.0   14.6892480389  -1.317740589    -1.45107381074
0.066666666667  -0.133333333333  0.066666666667  0.500000278978  0.0                0.499999721022  0.0  -0.2  5.57956005842e-07  0.0                800.0   14.5056324384  -1.31774061917  -1.4510739525
0.066666666667  -0.133333333333  0.066666666667  0.500000278978  0.0                0.499999721022  0.0  -0.2  5.57956005842e-07  0.0                810.0   14.3265505565  -1.31774061917  -1.4510739525
0.066666666667  -0.133333333333  0.066666666667  0.5             0.0                0.5             0.0  -0.2  0.0                0.0                820.0   14.1518365253  -1.31774118     -1.45107451333
0.066666666667  -0.133333333333  0.066666666667  0.500000976423  0.0                0.499999023577  0.0  -0.2  1.95284602156e-06  0.0                830.0   13.9813324708  -1.31773921708  -1.45107255042
0.066666666667  -0.133333333333  0.066666666667  0.500000418467  0.0                0.499999581533  0.0  -0.2  8.36934009874e-07  0.0                840.0   13.8148880366  -1.31774033875  -1.45107367208
0.066666666667  -0.133333333333  0.066666666667  0.500000976423  0.0                0.499999023577  0.0  -0.2  1.95284602156e-06  0.0                850.0   13.6523599421  -1.31773921708  -1.45107255042
0.066666666667  -0.133333333333  0.066666666667  0.500000557956  0.0                0.499999442044  0.0  -0.2  1.11591201168e-06  0.0                860.0   13.4936115706  -1.31774005833  -1.45107339167
0.066666666667  -0.133333333333  0.066666666667  0.500000836934  0.0                0.499999163066  0.0  -0.2  1.67386801941e-06  0.0                870.0   13.3385125871  -1.3177394975   -1.45107283083
0.066666666667  -0.133333333333  0.066666666667  0.500000418467  1.39489001953e-07  0.499999442044  0.0  -0.2  1.11591201284e-06  2.78978003906e-07  880.0   13.1869385804  -1.31773976283  -1.45107304037
0.066666666667  -0.133333333333  0.066666666667  0.500003068758  0.0                0.499996931242  0.0  -0.2  6.13751606826e-06  0.0                890.0   13.0387707312  -1.31773501083  -1.45106834417
0.066666666667  -0.133333333333  0.066666666667  0.500001673868  0.0                0.499998326132  0.0  -0.2  3.34773603705e-06  0.0                900.0   12.8938955008  -1.317737815    -1.45107114833
0.066666666667  -0.133333333333  0.066666666667  0.500000976423  0.0                0.499999023577  0.0  -0.2  1.95284602156e-06  0.0                910.0   12.7522043415  -1.31773921708  -1.45107255042
0.066666666667  -0.133333333333  0.066666666667  0.500001673868  1.39489001953e-07  0.499998186643  0.0  -0.2  3.62671404091e-06  2.78978003906e-07  920.0   12.6135934247  -1.31773723908  -1.45107051662
0.066666666667  -0.133333333333  0.066666666667  0.500001813357  0.0                0.499998186643  0.0  -0.2  3.62671404108e-06  0.0                930.0   12.4779633879  -1.31773753458  -1.45107086792
0.066666666667  -0.133333333333  0.066666666667  0.50000139489   0.0                0.49999860511   0.0  -0.2  2.7897800311e-06   0.0                940.0   12.3452190965  -1.31773837583  -1.45107170917
0.066666666667  -0.133333333333  0.066666666667  0.500000976423  0.0                0.499999023577  0.0  -0.2  1.95284602156e-06  0.0                950.0   12.2152694218  -1.31773921708  -1.45107255042
0.066666666667  -0.133333333333  0.066666666667  0.500003068758  0.0                0.499996931242  0.0  -0.2  6.13751606826e-06  0.0                960.0   12.088027032   -1.31773501083  -1.45106834417
0.066666666667  -0.133333333333  0.066666666667  0.50000278978   0.0                0.49999721022   0.0  -0.2  5.57956006242e-06  0.0                970.0   11.9634081967  -1.31773557167  -1.451068905
0.066666666667  -0.133333333333  0.066666666667  0.50000418467   1.39489001953e-07  0.499995675841  0.0  -0.2  8.64831809771e-06  2.78978003906e-07  980.0   11.8413326028  -1.31773219158  -1.45106546912
0.066666666667  -0.133333333333  0.066666666667  0.500003487225  0.0                0.499996512775  0.0  -0.2  6.97445007802e-06  0.0                990.0   11.7217231826  -1.31773416958  -1.45106750292
0.066666666667  -0.133333333333  0.066666666667  0.50000418467   8.36934009766e-07  0.499994978396  0.0  -0.2  1.00432081133e-05  1.67386801953e-06  1000.0  11.6045059507  -1.317729312    -1.45106231056
0.066666666667  -0.133333333333  0.066666666667  0.50000418467   4.18467004883e-07  0.499995396863  0.0  -0.2  9.20627410356e-06  8.36934009766e-07  1010.0  11.4896098522  -1.31773103975  -1.4510642057
0.066666666667  -0.133333333333  0.066666666667  0.500003487225  1.39489001953e-07  0.499996373286  0.0  -0.2  7.25342808199e-06  2.78978003906e-07  1020.0  11.3769666184  -1.31773359367  -1.4510668712
0.066666666667  -0.133333333333  0.066666666667  0.500005021604  2.7897800293e-07   0.499994699418  0.0  -0.2  1.0601164119e-05   5.57956005859e-07  1030.0  11.2665106318  -1.31772993317  -1.45106315491
0.066666666667  -0.133333333333  0.066666666667  0.500005300582  2.7897800293e-07   0.49999442044   0.0  -0.2  1.11591201248e-05  5.57956005859e-07  1040.0  11.1581787988  -1.31772937233  -1.45106259407
0.066666666667  -0.133333333333  0.066666666667  0.500005998027  5.57956005859e-07  0.499993444017  0.0  -0.2  1.31119661475e-05  1.11591201172e-06  1050.0  11.0519104293  -1.31772681842  -1.45105992857
0.066666666667  -0.133333333333  0.066666666667  0.500009903719  4.18467004883e-07  0.499989677814  0.0  -0.2  2.06443722325e-05  8.36934009766e-07  1060.0  10.9476471233  -1.31771954267  -1.45105270861
0.066666666667  -0.133333333333  0.066666666667  0.50000836934   2.7897800293e-07   0.499991351682  0.0  -0.2  1.72966361953e-05  5.57956005859e-07  1070.0  10.8453326643  -1.31772320317  -1.45105642491
0.066666666667  -0.133333333333  0.066666666667  0.500009624741  2.7897800293e-07   0.499990096281  0.0  -0.2  1.98074382227e-05  5.57956005859e-07  1080.0  10.7449129174  -1.3177206729   -1.45105389464
0.066666666667  -0.133333333333  0.066666666667  0.500006834961  5.57956005859e-07  0.499992607083  0.0  -0.2  1.47858341659e-05  1.11591201172e-06  1090.0  10.6463357346  -1.31772513592  -1.45105824607
0.066666666667  -0.133333333333  0.066666666667  0.500009903719  6.97445007813e-07  0.499989398836  0.0  -0.2  2.12023282385e-05  1.39489001563e-06  1100.0  10.5495508643  -1.31771839083  -1.45105144519
0.066666666667  -0.133333333333  0.066666666667  0.500012693499  1.1159120127e-06   0.499986190589  0.0  -0.2  2.76188223104e-05  2.23182402539e-06  1110.0  10.4545098655  -1.31771105475  -1.45104394172
0.066666666667  -0.133333333333  0.066666666667  0.500018552037  6.97445007813e-07  0.499980750518  0.0  -0.2  3.84989644338e-05  1.39489001563e-06  1120.0  10.3611660275  -1.317701005    -1.45103405935
0.066666666667  -0.133333333333  0.066666666667  0.500013669922  1.39489001953e-07  0.499986190589  0.0  -0.2  2.76188223114e-05  2.78978003906e-07  1130.0  10.2694742927  -1.31771312325  -1.45104640079
0.066666666667  -0.133333333333  0.066666666667  0.500020365394  1.81335702051e-06  0.499977821249  0.0  -0.2  4.43575024999e-05  3.62671404102e-06  1140.0  10.1793911849  -1.3176927515   -1.45102535949
0.066666666667  -0.133333333333  0.066666666667  0.50002092335   9.76423010742e-07  0.499978100227  0.0  -0.2  4.37995464933e-05  1.95284602148e-06  1150.0  10.0908747398  -1.31769508608  -1.45102802884
0.066666666667  -0.133333333333  0.066666666667  0.500026363421  6.97445007813e-07  0.499972939134  0.0  -0.2  5.41217326094e-05  1.39489001563e-06  1160.0  10.0038844403  -1.31768530166  -1.45101835602
0.066666666667  -0.133333333333  0.066666666667  0.500019249482  2.78978003125e-06  0.499977960738  0.0  -0.2  4.4078524496e-05   5.5795600625e-06   1170.0  9.91838115449  -1.31769096416  -1.45102318158
0.066666666667  -0.133333333333  0.066666666667  0.500023155174  1.95284602246e-06  0.49997489198   0.0  -0.2  5.02160405663e-05  3.90569204492e-06  1180.0  9.83432707691  -1.317686568    -1.45101912019
0.066666666667  -0.133333333333  0.066666666667  0.500024968531  3.20824703613e-06  0.499971823222  0.0  -0.2  5.63535566348e-05  6.41649407227e-06  1190.0  9.7516856729   -1.31767773933  -1.45100978936
0.066666666667  -0.133333333333  0.066666666667  0.500023573641  4.18467004688e-06  0.499972241689  0.0  -0.2  5.55166226251e-05  8.36934009375e-06  1200.0  9.67042162562  -1.31767651218  -1.45100817164
0.066666666667  -0.133333333333  0.066666666667  0.500033198382  2.23182402539e-06  0.499964569794  0.0  -0.2  7.08604127988e-05  4.46364805078e-06  1210.0  9.59050078574  -1.31766522616  -1.45099766676
0.066666666667  -0.133333333333  0.066666666667  0.50003347736   2.78978003125e-06  0.49996373286   0.0  -0.2  7.25342808164e-05  5.5795600625e-06   1220.0  9.51189012357  -1.31766236166  -1.45099457908
0.066666666667  -0.133333333333  0.066666666667  0.500034732761  2.65029103027e-06  0.499962616948  0.0  -0.2  7.47661048429e-05  5.30058206055e-06  1230.0  9.43455768354  -1.31766041564  -1.45099268886
0.066666666667  -0.133333333333  0.066666666667  0.500034732761  3.62671404102e-06  0.499961640525  0.0  -0.2  7.67189508643e-05  7.25342808203e-06  1240.0  9.35847254093  -1.31765638241  -1.45098826506
0.066666666667  -0.133333333333  0.066666666667  0.500037243563  2.65029103027e-06  0.499960106146  0.0  -0.2  7.97877088995e-05  5.30058206055e-06  1250.0  9.2836047606   -1.31765536633  -1.45098763954
0.066666666667  -0.133333333333  0.066666666667  0.500045333926  4.74262605371e-06  0.499949923448  0.0  -0.2  0.000100153103129  9.48525210742e-06  1260.0  9.20992535774  -1.31763046303  -1.45096189932
0.066666666667  -0.133333333333  0.066666666667  0.500045333926  5.16109305859e-06  0.499949504981  0.0  -0.2  0.000100990037138  1.03221861172e-05  1270.0  9.13740626043  -1.31762873747  -1.45096000636
0.066666666667  -0.133333333333  0.066666666667  0.500053284799  4.88211505469e-06  0.499941833086  0.0  -0.2  0.00011633382731   9.76423010938e-06  1280.0  9.06602027402  -1.31761390872  -1.45094528921
0.066666666667  -0.133333333333  0.066666666667  0.500052308376  5.02160405664e-06  0.49994267002   0.0  -0.2  0.000114659959291  1.00432081133e-05  1290.0  8.99574104709  -1.31761529462  -1.45094661931
0.066666666667  -0.133333333333  0.066666666667  0.500065420342  5.99802706738e-06  0.499928581631  0.0  -0.2  0.000142836737609  1.19960541348e-05  1300.0  8.92654303904  -1.31758491142  -1.45091584554
0.066666666667  -0.133333333333  0.066666666667  0.500064025452  5.5795600625e-06   0.499930394988  0.0  -0.2  0.000139210023567  1.1159120125e-05   1310.0  8.85840148912  -1.31758943593  -1.45092053744
0.066666666667  -0.133333333333  0.066666666667  0.500059422315  6.27700507031e-06  0.49993430068   0.0  -0.2  0.000131398639479  1.25540101406e-05  1320.0  8.79129238693  -1.3175958115   -1.45092663403
0.066666666667  -0.133333333333  0.066666666667  0.500069605012  8.78780709863e-06  0.499921607181  0.0  -0.2  0.000156785637766  1.75756141973e-05  1330.0  8.72519244417  -1.3175649756   -1.45089479382
0.066666666667  -0.133333333333  0.066666666667  0.500067373188  8.5088290957e-06   0.499924117983  0.0  -0.2  0.000151764033709  1.70176581914e-05  1340.0  8.66007906772  -1.31757060882  -1.45090053863
0.066666666667  -0.133333333333  0.066666666667  0.500070860413  1.03221861162e-05  0.499918817401  0.0  -0.2  0.000162365197828  2.06443722324e-05  1350.0  8.59593033389  -1.31755611755  -1.45088532201
0.066666666667  -0.133333333333  0.066666666667  0.500075603039  1.1159120126e-05   0.499913237841  0.0  -0.2  0.000173524317955  2.2318240252e-05   1360.0  8.53272496379  -1.31754311041  -1.45087198009
0.066666666667  -0.133333333333  0.066666666667  0.50009499201   1.01826971143e-05  0.499894825293  0.0  -0.2  0.000210349414369  2.03653942285e-05  1370.0  8.47044229982  -1.31750818603  -1.45083744628
0.066666666667  -0.133333333333  0.066666666667  0.500090946829  1.4646345165e-05   0.499894406826  0.0  -0.2  0.000211186348379  2.92926903301e-05  1380.0  8.40906228315  -1.31749788029  -1.45082535509
0.066666666667  -0.133333333333  0.066666666667  0.500102245438  1.31119661475e-05  0.499884642596  0.0  -0.2  0.000230714808599  2.62239322949e-05  1390.0  8.34856543219  -1.31748149002  -1.45080957856
0.066666666667  -0.133333333333  0.066666666667  0.500105872152  1.17170761318e-05  0.499882410772  0.0  -0.2  0.000235178456648  2.34341522637e-05  1400.0  8.28893282196  -1.31747994362  -1.45080859012
0.066666666667  -0.133333333333  0.066666666667  0.500113544047  1.56227681758e-05  0.499870833185  0.0  -0.2  0.00025833363091   3.12455363516e-05  1410.0  8.23014606436  -1.31744841762  -1.45077550185
0.066666666667  -0.133333333333  0.066666666667  0.500128329881  1.53437901729e-05  0.499856326328  0.0  -0.2  0.000287347343236  3.06875803457e-05  1420.0  8.17218728926  -1.31741988565  -1.45074708147
0.066666666667  -0.133333333333  0.066666666667  0.500111033245  1.72966361953e-05  0.499871670119  0.0  -0.2  0.000256659762892  3.45932723906e-05  1430.0  8.1150391264   -1.31744657627  -1.45077299094
0.066666666667  -0.133333333333  0.066666666667  0.500136141266  1.8412548207e-05   0.499845446186  0.0  -0.2  0.000309107627481  3.68250964141e-05  1440.0  8.05868468802  -1.31739149292  -1.45071746123
0.066666666667  -0.133333333333  0.066666666667  0.500142836738  1.60412351807e-05  0.499841122027  0.0  -0.2  0.00031775594558   3.20824703613e-05  1450.0  8.00310755224  -1.31738775729  -1.45071467412
0.066666666667  -0.133333333333  0.066666666667  0.500157483083  1.75756141982e-05  0.499824941303  0.0  -0.2  0.000350117393943  3.51512283965e-05  1460.0  7.94829174709  -1.31735204513  -1.45067834822
0.066666666667  -0.133333333333  0.066666666667  0.500163620599  2.42710862734e-05  0.499812108315  0.0  -0.2  0.000375783370232  4.85421725469e-05  1470.0  7.8942217352   -1.31731208197  -1.45063570687
0.066666666667  -0.133333333333  0.066666666667  0.500165294467  2.48290422793e-05  0.499809876491  0.0  -0.2  0.000380247018283  4.96580845586e-05  1480.0  7.84088239916  -1.31730640766  -1.45062980937
0.066666666667  -0.133333333333  0.066666666667  0.50017185045   2.91532013281e-05  0.499798996349  0.0  -0.2  0.000402007302527  5.83064026562e-05  1490.0  7.78825902735  -1.31727538658  -1.45059705863
0.066666666667  -0.133333333333  0.066666666667  0.500170595049  2.77583113125e-05  0.49980164664   0.0  -0.2  0.000396706720469  5.5516622625e-05   1500.0  7.7363373005   -1.3172836509   -1.45060588091
0.066666666667  -0.133333333333  0.066666666667  0.500196261025  2.94321793311e-05  0.499774306795  0.0  -0.2  0.000451386409084  5.88643586621e-05  1510.0  7.68510327864  -1.31722511617  -1.45054667663
0.066666666667  -0.133333333333  0.066666666667  0.500202956497  3.64066294102e-05  0.499760636873  0.0  -0.2  0.000478726253393  7.28132588203e-05  1520.0  7.63454338865  -1.31718279804  -1.45050156872
0.066666666667  -0.133333333333  0.066666666667  0.500212581238  3.37563383799e-05  0.499753662423  0.0  -0.2  0.000492675153549  6.75126767598e-05  1530.0  7.58464441225  -1.31717443879  -1.45049426958
0.066666666667  -0.133333333333  0.066666666667  0.500229040941  3.87779424365e-05  0.499732181117  0.0  -0.2  0.000535637766033  7.7555884873e-05   1540.0  7.53539347451  -1.31712069043  -1.45043851259
0.066666666667  -0.133333333333  0.066666666667  0.500234062545  4.21256784746e-05  0.499723811777  0.0  -0.2  0.000552376446223  8.42513569492e-05  1550.0  7.48677803274  -1.31709672439  -1.45041320745
0.066666666667  -0.133333333333  0.066666666667  0.500230017364  4.95185955576e-05  0.499720464041  0.0  -0.2  0.000559071918297  9.90371911152e-05  1560.0  7.43878586587  -1.31707437763  -1.45038790352
0.066666666667  -0.133333333333  0.066666666667  0.500258054653  4.00333434512e-05  0.499701912004  0.0  -0.2  0.000596175992715  8.00666869023e-05  1570.0  7.39140506417  -1.31705721714  -1.45037453713
0.066666666667  -0.133333333333  0.066666666667  0.500262936768  5.32847986006e-05  0.499683778433  0.0  -0.2  0.000632443133124  0.000106569597201  1580.0  7.34462401946  -1.31699254994  -1.45030456936
0.066666666667  -0.133333333333  0.066666666667  0.500282046761  4.91001285527e-05  0.49966885311   0.0  -0.2  0.00066229377946   9.82002571055e-05  1590.0  7.29843141557  -1.31697127967  -1.45028497295
0.066666666667  -0.133333333333  0.066666666667  0.500283999607  6.09566936865e-05  0.499655043699  0.0  -0.2  0.000689912601772  0.000121913387373  1600.0  7.25281621922  -1.31691870017  -1.45022765083
0.066666666667  -0.133333333333  0.066666666667  0.500313152809  5.52376446221e-05  0.499631609547  0.0  -0.2  0.000736780906299  0.000110475289244  1610.0  7.20776767127  -1.31688363963  -1.45019487791
0.066666666667  -0.133333333333  0.066666666667  0.500322638061  5.97012926729e-05  0.499617660647  0.0  -0.2  0.000764678706613  0.000119402585346  1620.0  7.16327527824  -1.31684609503  -1.45015554785
0.066666666667  -0.133333333333  0.066666666667  0.500332402291  6.61177867451e-05  0.499601479923  0.0  -0.2  0.000797040154978  0.00013223557349   1630.0  7.11932880414  -1.31679991221  -1.45010679843
0.066666666667  -0.133333333333  0.066666666667  0.500344537834  7.58820168545e-05  0.499579580149  0.0  -0.2  0.000840839701471  0.000151764033709  1640.0  7.07591826265  -1.31673541484  -1.45003839536
0.066666666667  -0.133333333333  0.066666666667  0.500354441553  6.6675742751e-05   0.499578882704  0.0  -0.2  0.000842234591486  0.000133351485502  1650.0  7.03303390954  -1.31675331005  -1.45005997309
0.066666666667  -0.133333333333  0.066666666667  0.500360160602  7.53240608486e-05  0.499564515337  0.0  -0.2  0.000870969325811  0.000150648121697  1660.0  6.99066623539  -1.31670624323  -1.45000944694
0.066666666667  -0.133333333333  0.066666666667  0.500411213577  7.56030388516e-05  0.499513183385  0.0  -0.2  0.000973633230967  0.000151206077703  1670.0  6.94880595853  -1.31660230439  -1.44990539651
0.066666666667  -0.133333333333  0.066666666667  0.500390708693  8.69016479785e-05  0.499522389659  0.0  -0.2  0.00095522068276   0.000173803295957  1680.0  6.9074440183   -1.31659697654  -1.44989554921
0.066666666667  -0.133333333333  0.066666666667  0.500439111377  7.42081488359e-05  0.499486680474  0.0  -0.2  0.00102663905156   0.000148416297672  1690.0  6.86657156849  -1.31655185327  -1.44985550335
0.066666666667  -0.133333333333  0.066666666667  0.500440227289  9.13652960293e-05  0.499468407415  0.0  -0.2  0.00106318516998   0.000182730592059  1700.0  6.82617997103  -1.3164790419   -1.44977582911
0.066666666667  -0.133333333333  0.066666666667  0.500447480717  9.77817901016e-05  0.499454737493  0.0  -0.2  0.00109052501428   0.000195563580203  1710.0  6.78626078991  -1.31643798109  -1.44973220171
0.066666666667  -0.133333333333  0.066666666667  0.500449154585  0.000101687482146  0.499449157933  0.0  -0.2  0.00110168413441   0.000203374964291  1720.0  6.74680578532  -1.31641841859  -1.44971107693
0.066666666667  -0.133333333333  0.066666666667  0.500473983627  0.00011452047029   0.499411495902  0.0  -0.2  0.00117700819526   0.00022904094058   1730.0  6.70780690795  -1.31631554626  -1.4496030714
0.066666666667  -0.133333333333  0.066666666667  0.500503973763  0.000112428135267  0.499383598102  0.0  -0.2  0.00123280379589   0.000224856270533  1740.0  6.66925629353  -1.31626401262  -1.4495523747
0.066666666667  -0.133333333333  0.066666666667  0.500516388284  0.000116612805313  0.499366998911  0.0  -0.2  0.00126600217826   0.000233225610627  1750.0  6.63114625757  -1.31622174421  -1.44950843242
0.066666666667  -0.133333333333  0.066666666667  0.500538567035  0.000129306304456  0.49933212666   0.0  -0.2  0.00133574667905   0.000258612608912  1760.0  6.5934692902   -1.31612473507  -1.44940634588
0.066666666667  -0.133333333333  0.066666666667  0.500563256588  0.00012791141444   0.499308831997  0.0  -0.2  0.00138233600557   0.000255822828881  1770.0  6.55621805127  -1.31608100081  -1.44936316957
0.066666666667  -0.133333333333  0.066666666667  0.500569673082  0.000143673671618  0.499286653246  0.0  -0.2  0.00142669350807   0.000287347343236  1780.0  6.51938536559  -1.31600283024  -1.4492786941
0.066666666667  -0.133333333333  0.066666666667  0.500588643587  0.000139349512569  0.499272006901  0.0  -0.2  0.0014559861984    0.000278699025139  1790.0  6.4829642183   -1.31598246423  -1.44926005775
0.066666666667  -0.133333333333  0.066666666667  0.500605521756  0.000153995857734  0.499240482386  0.0  -0.2  0.00151903522711   0.000307991715469  1800.0  6.44694775042  -1.31588832653  -1.44916006152
0.066666666667  -0.133333333333  0.066666666667  0.500638720138  0.000154135346736  0.499207144515  0.0  -0.2  0.00158571096986   0.000308270693473  1810.0  6.41132925456  -1.31582051075  -1.44909218994
0.066666666667  -0.133333333333  0.066666666667  0.500650297725  0.000163620598843  0.499186081676  0.0  -0.2  0.00162783664834   0.000327241197686  1820.0  6.37610217074  -1.3157586231   -1.4490265082
0.066666666667  -0.133333333333  0.066666666667  0.500667594362  0.000161109796814  0.499171295842  0.0  -0.2  0.00165740831667   0.000322219593629  1830.0  6.34126008238  -1.31573435724  -1.44900324666
0.066666666667  -0.133333333333  0.066666666667  0.500724226896  0.000170037092915  0.499105736011  0.0  -0.2  0.00178852797815   0.00034007418583   1840.0  6.30679671236  -1.31558328522  -1.44884860371
0.066666666667  -0.133333333333  0.066666666667  0.500726179742  0.000194029201186  0.499079791057  0.0  -0.2  0.00184041788673   0.000388058402371  1850.0  6.27270591932  -1.31548009315  -1.4487358148
0.066666666667  -0.133333333333  0.066666666667  0.500763283817  0.000196679492216  0.499040036691  0.0  -0.2  0.00191992661763   0.000393358984432  1860.0  6.23898169395  -1.31539454882  -1.44864921035
0.066666666667  -0.133333333333  0.066666666667  0.500759936081  0.000195842558206  0.499044221361  0.0  -0.2  0.00191155727753   0.000391685116412  1870.0  6.20561815548  -1.31540499739  -1.4486599937
0.066666666667  -0.133333333333  0.066666666667  0.500804572561  0.00021216277139   0.498983264668  0.0  -0.2  0.0020334706649    0.000424325542779  1880.0  6.17260954827  -1.31524849419  -1.44849696241
0.066666666667  -0.133333333333  0.066666666667  0.500827727735  0.000215928974433  0.49895634329   0.0  -0.2  0.00208731341951   0.000431857948865  1890.0  6.13995023849  -1.31518591007  -1.44843287181
0.066666666667  -0.133333333333  0.066666666667  0.500870829837  0.000224577292529  0.498904592871  0.0  -0.2  0.00219081425868   0.000449154585059  1900.0  6.10763471092  -1.31506349074  -1.44830699316
0.066666666667  -0.133333333333  0.066666666667  0.500880873045  0.000244663708756  0.498874463246  0.0  -0.2  0.00225107350736   0.000489327417512  1910.0  6.07565756584  -1.31496025023  -1.44819571808
0.066666666667  -0.133333333333  0.066666666667  0.500902633329  0.000241594950722  0.49885577172   0.0  -0.2  0.00228845655978   0.000483189901443  1920.0  6.04401351602  -1.31493008938  -1.44816678473
0.066666666667  -0.133333333333  0.066666666667  0.500918953542  0.000248290422797  0.498832756035  0.0  -0.2  0.00233448793029   0.000496580845594  1930.0  6.01269738381  -1.31486864481  -1.44810266198
0.066666666667  -0.133333333333  0.066666666667  0.500968890605  0.000265726547993  0.498765382847  0.0  -0.2  0.00246923430581   0.000531453095986  1940.0  5.98170409833  -1.31469633447  -1.44792337719
0.066666666667  -0.133333333333  0.066666666667  0.501015061464  0.000257636185902  0.49872730235   0.0  -0.2  0.00254539530067   0.000515272371805  1950.0  5.95102869269  -1.3146372321   -1.44786751096
0.066666666667  -0.133333333333  0.066666666667  0.501005018256  0.000279256981146  0.498715724763  0.0  -0.2  0.00256855047493   0.000558513962291  1960.0  5.9206663014   -1.31456775509  -1.44778938563
0.066666666667  -0.133333333333  0.066666666667  0.501021756937  0.000313292297529  0.498664950766  0.0  -0.2  0.00267009846808   0.000626584595059  1970.0  5.89061215774  -1.31439435042  -1.44760236683
0.066666666667  -0.133333333333  0.066666666667  0.501031242189  0.000314408209541  0.498654349602  0.0  -0.2  0.00269130079631   0.000628816419082  1980.0  5.86086159129  -1.31436916799  -1.44757673804
0.066666666667  -0.133333333333  0.066666666667  0.501094570195  0.000318592879589  0.498586836925  0.0  -0.2  0.00282632614984   0.000637185759178  1990.0  5.8314100255   -1.31422545094  -1.44743134712
0.066666666667  -0.133333333333  0.066666666667  0.501091222459  0.000353465129981  0.498555312411  0.0  -0.2  0.00288937517855   0.000706930259963  2000.0  5.80225297537  -1.31408850862  -1.4472804559
0.066666666667  -0.133333333333  0.066666666667  0.50115120273   0.00035067534995   0.49849812192   0.0  -0.2  0.00300375615983   0.0007013506999    2010.0  5.77338604515  -1.31397910173  -1.44717216492
0.066666666667  -0.133333333333  0.066666666667  0.501125955221  0.000361973959077  0.49851207082   0.0  -0.2  0.00297585835952   0.000723947918154  2020.0  5.74480492611  -1.31398334466  -1.44717188841
0.066666666667  -0.133333333333  0.066666666667  0.501219831319  0.000375922859234  0.498404245822  0.0  -0.2  0.00319150835595   0.000751845718469  2030.0  5.71650539446  -1.31373657428  -1.44691953847
0.066666666667  -0.133333333333  0.066666666667  0.501242986493  0.000393080006428  0.498363933501  0.0  -0.2  0.00327213299886   0.000786160012855  2040.0  5.68848330919  -1.31361981696  -1.44679591829
0.066666666667  -0.133333333333  0.066666666667  0.501251495322  0.000379689062276  0.498368815616  0.0  -0.2  0.00326236876875   0.000759378124553  2050.0  5.66073461012  -1.31365700742  -1.44683846512
0.066666666667  -0.133333333333  0.066666666667  0.501325145515  0.000429068168833  0.498245786316  0.0  -0.2  0.00350842736752   0.000858136337666  2060.0  5.6332553159   -1.31330594857  -1.44646765464
0.066666666667  -0.133333333333  0.066666666667  0.501318450043  0.000417630070704  0.498263919886  0.0  -0.2  0.00347216022711   0.000835260141408  2070.0  5.6060415221   -1.31336726372  -1.44653354502
0.066666666667  -0.133333333333  0.066666666667  0.501327656317  0.000429905102843  0.49824243858   0.0  -0.2  0.00351512283959   0.000859810205686  2080.0  5.5790893994   -1.31329679259  -1.44645816388
0.066666666667  -0.133333333333  0.066666666667  0.501387218121  0.000470914869305  0.49814186701   0.0  -0.2  0.00371626597986   0.000941829738609  2090.0  5.55239519175  -1.31300877632  -1.4461537437
0.066666666667  -0.133333333333  0.066666666667  0.501410094317  0.000464777353235  0.49812512833   0.0  -0.2  0.00374974334024   0.000929554706471  2100.0  5.52595521464  -1.31298839522  -1.44613581761
0.066666666667  -0.133333333333  0.066666666667  0.501486952757  0.000496859823597  0.49801618742   0.0  -0.2  0.00396762516069   0.000993719647193  2110.0  5.49976585344  -1.31270094399  -1.44583553339
0.066666666667  -0.133333333333  0.066666666667  0.50152559121   0.000513040547779  0.497961368242  0.0  -0.2  0.00407726351593   0.00102608109556   2120.0  5.47382356168  -1.31255565113  -1.44568376824
0.066666666667  -0.133333333333  0.066666666667  0.501534797484  0.000505368652692  0.497959833863  0.0  -0.2  0.00408033227396   0.00101073730538   2130.0  5.44812485951  -1.31256926206  -1.44570044794
0.066666666667  -0.133333333333  0.066666666667  0.501564927109  0.000549447177189  0.497885625714  0.0  -0.2  0.00422874857163   0.00109889435438   2140.0  5.42266633213  -1.31232711001  -1.44544066447
0.066666666667  -0.133333333333  0.066666666667  0.501533681572  0.000591014899657  0.497875303528  0.0  -0.2  0.00424939294387   0.00118202979931   2150.0  5.39744462826  -1.31221700757  -1.44531393494
0.066666666667  -0.133333333333  0.066666666667  0.501654060581  0.000573718263462  0.497772221156  0.0  -0.2  0.00445555768819   0.00114743652692   2160.0  5.37245645868  -1.31204719162  -1.44515103765
0.066666666667  -0.133333333333  0.066666666667  0.501702742242  0.000587667163619  0.497709590594  0.0  -0.2  0.0045808188116    0.00117533432724   2170.0  5.34769859482  -1.31189138905  -1.44498965552
0.066666666667  -0.133333333333  0.066666666667  0.501777647836  0.000573997241466  0.497648354923  0.0  -0.2  0.00470329015498   0.00114799448293   2180.0  5.32316786732  -1.31179775617  -1.44490149061
0.066666666667  -0.133333333333  0.066666666667  0.501709298225  0.000619331166977  0.497671370608  0.0  -0.2  0.00465725878446   0.00123866233395   2190.0  5.29886116473  -1.31174785009  -1.44483345096
0.066666666667  -0.133333333333  0.066666666667  0.501804290235  0.000651832104342  0.49754387766   0.0  -0.2  0.00491224467933   0.00130366420868   2200.0  5.27477543216  -1.31142298933  -1.44449558982
0.066666666667  -0.133333333333  0.066666666667  0.501819076069  0.000668291806527  0.497512632124  0.0  -0.2  0.00497473575204   0.00133658361305   2210.0  5.25090767002  -1.31132335024  -1.44438936685
0.066666666667  -0.133333333333  0.066666666667  0.501878219406  0.000668431295529  0.497453349298  0.0  -0.2  0.00509330140337   0.00133686259106   2220.0  5.22725493277  -1.31120440582  -1.44427036663
0.066666666667  -0.133333333333  0.066666666667  0.501923553332  0.0007190658031    0.497357380865  0.0  -0.2  0.00528523826953   0.0014381316062    2230.0  5.20381432769  -1.31090455728  -1.4439502643
0.066666666667  -0.133333333333  0.066666666667  0.501982138712  0.000755053965505  0.497262807322  0.0  -0.2  0.00547438535566   0.00151010793101   2240.0  5.18058301373  -1.31063945459  -1.44367076634
0.066666666667  -0.133333333333  0.066666666667  0.501999993305  0.000769002865662  0.49723100383   0.0  -0.2  0.00553799234038   0.00153800573132   2250.0  5.15755820033  -1.31054522905  -1.44357096124
0.066666666667  -0.133333333333  0.066666666667  0.502032494242  0.000772629579703  0.497194876178  0.0  -0.2  0.00561024764319   0.00154525915941   2260.0  5.13473714635  -1.31046579024  -1.44349007174
0.066666666667  -0.133333333333  0.066666666667  0.502062902844  0.000798016577989  0.497139080578  0.0  -0.2  0.00572183884445   0.00159603315598   2270.0  5.11211715892  -1.310301046    -1.4433151727
0.066666666667  -0.133333333333  0.066666666667  0.502107957792  0.000828564669333  0.497063477539  0.0  -0.2  0.00587304492215   0.00165712933867   2280.0  5.08969559243  -1.31008289787  -1.44308480534
0.066666666667  -0.133333333333  0.066666666667  0.502123859538  0.000854649112627  0.497021491349  0.0  -0.2  0.0059570173011    0.00170929822525   2290.0  5.06746984749  -1.30994203879  -1.44293351248
0.066666666667  -0.133333333333  0.066666666667  0.502180073606  0.000880315088916  0.496939611306  0.0  -0.2  0.00612077738895   0.00176063017783   2300.0  5.04543736989  -1.30972433191  -1.44270553921
0.066666666667  -0.133333333333  0.066666666667  0.502242704167  0.000889800341022  0.496867495492  0.0  -0.2  0.00626500901657   0.00177960068204   2310.0  5.02359564968  -1.30956005989  -1.44253747309
0.066666666667  -0.133333333333  0.066666666667  0.502278413352  0.00093485528853   0.49678673136   0.0  -0.2  0.00642653728039   0.00186971057706   2320.0  5.00194222015  -1.30930071039  -1.44226010161
0.066666666667  -0.133333333333  0.066666666667  0.502323886766  0.000948804188688  0.496727309045  0.0  -0.2  0.00654538190973   0.00189760837738   2330.0  4.98047465697  -1.30915145389  -1.44210526555
0.066666666667  -0.133333333333  0.066666666667  0.502425713737  0.000947130320669  0.496627155942  0.0  -0.2  0.00674568811598   0.00189426064134   2340.0  4.95919057724  -1.30895210772  -1.44190658892
0.066666666667  -0.133333333333  0.066666666667  0.502443149863  0.00100738956935   0.496549460568  0.0  -0.2  0.00690107886373   0.0020147791387    2350.0  4.93808763862  -1.30867202508  -1.44160240259
0.066666666667  -0.133333333333  0.066666666667  0.502425016292  0.00100655263534   0.496568431072  0.0  -0.2  0.00686313785531   0.00201310527068   2360.0  4.91716353845  -1.30870899609  -1.44163970837
0.066666666667  -0.133333333333  0.066666666667  0.502508849182  0.00104533057777   0.49644582024   0.0  -0.2  0.00710835952007   0.00209066115555   2370.0  4.89641601298  -1.30838058745  -1.44129578855
0.066666666667  -0.133333333333  0.066666666667  0.502531446401  0.00109526764034   0.496373285959  0.0  -0.2  0.0072534280817    0.00219053528067   2380.0  4.87584283645  -1.30812945788  -1.44102468416
0.066666666667  -0.133333333333  0.066666666667  0.502570224343  0.00112121259463   0.496308563062  0.0  -0.2  0.00738287387516   0.00224242518926   2390.0  4.8554418204   -1.30794558796  -1.44083043625
0.066666666667  -0.133333333333  0.066666666667  0.502587520979  0.00115468995501   0.496257789066  0.0  -0.2  0.0074844218683    0.00230937991001   2400.0  4.83521081281  -1.30777306613  -1.44064452348
