#mu0  mu1   mu2  x0              x1                 x2              mua   mub   xa                 xb                 T       b              u               phi
0.0   -0.4  0.4  0.5             0.0                0.5             -0.4  -0.4  0.0                0.0                30.0    386.816865025  -1.31774118     -1.71774118
0.0   -0.4  0.4  0.5             0.0                0.5             -0.4  -0.4  0.0                0.0                40.0    290.112648769  -1.31774118     -1.71774118
0.0   -0.4  0.4  0.5             0.0                0.5             -0.4  -0.4  0.0                0.0                50.0    232.090119015  -1.31774118     -1.71774118
0.0   -0.4  0.4  0.5             0.0                0.5             -0.4  -0.4  0.0                0.0                60.0    193.408432513  -1.31774118     -1.71774118
0.0   -0.4  0.4  0.5             0.0                0.5             -0.4  -0.4  0.0                0.0                70.0    165.778656439  -1.31774118     -1.71774118
0.0   -0.4  0.4  0.5             0.0                0.5             -0.4  -0.4  0.0                0.0                80.0    145.056324384  -1.31774118     -1.71774118
0.0   -0.4  0.4  0.5             0.0                0.5             -0.4  -0.4  0.0                0.0                90.0    128.938955008  -1.31774118     -1.71774118
0.0   -0.4  0.4  0.5             0.0                0.5             -0.4  -0.4  0.0                0.0                100.0   116.045059507  -1.31774118     -1.71774118
0.0   -0.4  0.4  0.5             0.0                0.5             -0.4  -0.4  0.0                0.0                110.0   105.495508643  -1.31774118     -1.71774118
0.0   -0.4  0.4  0.5             0.0                0.5             -0.4  -0.4  0.0                0.0                120.0   96.7042162563  -1.31774118     -1.71774118
0.0   -0.4  0.4  0.5             0.0                0.5             -0.4  -0.4  0.0                0.0                130.0   89.2654303904  -1.31774118     -1.71774118
0.0   -0.4  0.4  0.5             0.0                0.5             -0.4  -0.4  0.0                0.0                140.0   82.8893282196  -1.31774118     -1.71774118
0.0   -0.4  0.4  0.5             0.0                0.5             -0.4  -0.4  0.0                0.0                150.0   77.363373005   -1.31774118     -1.71774118
0.0   -0.4  0.4  0.5             0.0                0.5             -0.4  -0.4  0.0                0.0                160.0   72.5281621922  -1.31774118     -1.71774118
0.0   -0.4  0.4  0.5             0.0                0.5             -0.4  -0.4  0.0                0.0                170.0   68.2617997103  -1.31774118     -1.71774118
0.0   -0.4  0.4  0.5             0.0                0.5             -0.4  -0.4  0.0                0.0                180.0   64.4694775042  -1.31774118     -1.71774118
0.0   -0.4  0.4  0.5             0.0                0.5             -0.4  -0.4  0.0                0.0                190.0   61.0763471092  -1.31774118     -1.71774118
0.0   -0.4  0.4  0.5             0.0                0.5             -0.4  -0.4  0.0                0.0                200.0   58.0225297537  -1.31774118     -1.71774118
0.0   -0.4  0.4  0.5             0.0                0.5             -0.4  -0.4  0.0                0.0                210.0   55.2595521464  -1.31774118     -1.71774118
0.0   -0.4  0.4  0.5             0.0                0.5             -0.4  -0.4  0.0                0.0                220.0   52.7477543216  -1.31774118     -1.71774118
0.0   -0.4  0.4  0.5             0.0                0.5             -0.4  -0.4  0.0                0.0                230.0   50.4543736989  -1.31774118     -1.71774118
0.0   -0.4  0.4  0.5             0.0                0.5             -0.4  -0.4  0.0                0.0                240.0   48.3521081281  -1.31774118     -1.71774118
0.0   -0.4  0.4  0.5             0.0                0.5             -0.4  -0.4  0.0                0.0                250.0   46.418023803   -1.31774118     -1.71774118
0.0   -0.4  0.4  0.5             0.0                0.5             -0.4  -0.4  0.0                0.0                260.0   44.6327151952  -1.31774118     -1.71774118
0.0   -0.4  0.4  0.5             0.0                0.5             -0.4  -0.4  0.0                0.0                270.0   42.9796516694  -1.31774118     -1.71774118
0.0   -0.4  0.4  0.5             0.0                0.5             -0.4  -0.4  0.0                0.0                280.0   41.4446641098  -1.31774118     -1.71774118
0.0   -0.4  0.4  0.5             0.0                0.5             -0.4  -0.4  0.0                0.0                290.0   40.0155377612  -1.31774118     -1.71774118
0.0   -0.4  0.4  0.5             0.0                0.5             -0.4  -0.4  0.0                0.0                300.0   38.6816865025  -1.31774118     -1.71774118
0.0   -0.4  0.4  0.5             0.0                0.5             -0.4  -0.4  0.0                0.0                310.0   37.4338901637  -1.31774118     -1.71774118
0.0   -0.4  0.4  0.5             0.0                0.5             -0.4  -0.4  0.0                0.0                320.0   36.2640810961  -1.31774118     -1.71774118
0.0   -0.4  0.4  0.5             0.0                0.5             -0.4  -0.4  0.0                0.0                330.0   35.1651695477  -1.31774118     -1.71774118
0.0   -0.4  0.4  0.5             0.0                0.5             -0.4  -0.4  0.0                0.0                340.0   34.1308998551  -1.31774118     -1.71774118
0.0   -0.4  0.4  0.5             0.0                0.5             -0.4  -0.4  0.0                0.0                350.0   33.1557312879  -1.31774118     -1.71774118
0.0   -0.4  0.4  0.5             0.0                0.5             -0.4  -0.4  0.0                0.0                360.0   32.2347387521  -1.31774118     -1.71774118
0.0   -0.4  0.4  0.5             0.0                0.5             -0.4  -0.4  0.0                0.0                370.0   31.3635295966  -1.31774118     -1.71774118
0.0   -0.4  0.4  0.5             0.0                0.5             -0.4  -0.4  0.0                0.0                380.0   30.5381735546  -1.31774118     -1.71774118
0.0   -0.4  0.4  0.5             0.0                0.5             -0.4  -0.4  0.0                0.0                390.0   29.7551434635  -1.31774118     -1.71774118
0.0   -0.4  0.4  0.5             0.0                0.5             -0.4  -0.4  0.0                0.0                400.0   29.0112648769  -1.31774118     -1.71774118
0.0   -0.4  0.4  0.5             0.0                0.5             -0.4  -0.4  0.0                0.0                410.0   28.3036730506  -1.31774118     -1.71774118
0.0   -0.4  0.4  0.5             0.0                0.5             -0.4  -0.4  0.0                0.0                420.0   27.6297760732  -1.31774118     -1.71774118
0.0   -0.4  0.4  0.5             0.0                0.5             -0.4  -0.4  0.0                0.0                430.0   26.9872231413  -1.31774118     -1.71774118
0.0   -0.4  0.4  0.5             0.0                0.5             -0.4  -0.4  0.0                0.0                440.0   26.3738771608  -1.31774118     -1.71774118
0.0   -0.4  0.4  0.5             0.0                0.5             -0.4  -0.4  0.0                0.0                450.0   25.7877910017  -1.31774118     -1.71774118
0.0   -0.4  0.4  0.5             0.0                0.5             -0.4  -0.4  0.0                0.0                460.0   25.2271868495  -1.31774118     -1.71774118
0.0   -0.4  0.4  0.5             0.0                0.5             -0.4  -0.4  0.0                0.0                470.0   24.6904381931  -1.31774118     -1.71774118
0.0   -0.4  0.4  0.5             0.0                0.5             -0.4  -0.4  0.0                0.0                480.0   24.1760540641  -1.31774118     -1.71774118
0.0   -0.4  0.4  0.5             0.0                0.5             -0.4  -0.4  0.0                0.0                490.0   23.6826652056  -1.31774118     -1.71774118
0.0   -0.4  0.4  0.5             0.0                0.5             -0.4  -0.4  0.0                0.0                500.0   23.2090119015  -1.31774118     -1.71774118
0.0   -0.4  0.4  0.5             0.0                0.5             -0.4  -0.4  0.0                0.0                510.0   22.7539332368  -1.31774118     -1.71774118
0.0   -0.4  0.4  0.5             0.0                0.5             -0.4  -0.4  0.0                0.0                520.0   22.3163575976  -1.31774118     -1.71774118
0.0   -0.4  0.4  0.5             0.0                0.5             -0.4  -0.4  0.0                0.0                530.0   21.8952942467  -1.31774118     -1.71774118
0.0   -0.4  0.4  0.5             0.0                0.5             -0.4  -0.4  0.0                0.0                540.0   21.4898258347  -1.31774118     -1.71774118
0.0   -0.4  0.4  0.5             0.0                0.5             -0.4  -0.4  0.0                0.0                550.0   21.0991017286  -1.31774118     -1.71774118
0.0   -0.4  0.4  0.5             0.0                0.5             -0.4  -0.4  0.0                0.0                560.0   20.7223320549  -1.31774118     -1.71774118
0.0   -0.4  0.4  0.5             0.0                0.5             -0.4  -0.4  0.0                0.0                570.0   20.3587823697  -1.31774118     -1.71774118
0.0   -0.4  0.4  0.5             0.0                0.5             -0.4  -0.4  0.0                0.0                580.0   20.0077688806  -1.31774118     -1.71774118
0.0   -0.4  0.4  0.5             0.0                0.5             -0.4  -0.4  0.0                0.0                590.0   19.6686541538  -1.31774118     -1.71774118
0.0   -0.4  0.4  0.5             0.0                0.5             -0.4  -0.4  0.0                0.0                600.0   19.3408432512  -1.31774118     -1.71774118
0.0   -0.4  0.4  0.5             0.0                0.5             -0.4  -0.4  0.0                0.0                610.0   19.0237802471  -1.31774118     -1.71774118
0.0   -0.4  0.4  0.5             0.0                0.5             -0.4  -0.4  0.0                0.0                620.0   18.7169450819  -1.31774118     -1.71774118
0.0   -0.4  0.4  0.5             0.0                0.5             -0.4  -0.4  0.0                0.0                630.0   18.4198507155  -1.31774118     -1.71774118
0.0   -0.4  0.4  0.5             0.0                0.5             -0.4  -0.4  0.0                0.0                640.0   18.132040548   -1.31774118     -1.71774118
0.0   -0.4  0.4  0.5             0.0                0.5             -0.4  -0.4  0.0                0.0                650.0   17.8530860781  -1.31774118     -1.71774118
0.0   -0.4  0.4  0.5             0.0                0.5             -0.4  -0.4  0.0                0.0                660.0   17.5825847739  -1.31774118     -1.71774118
0.0   -0.4  0.4  0.5             0.0                0.5             -0.4  -0.4  0.0                0.0                670.0   17.3201581354  -1.31774118     -1.71774118
0.0   -0.4  0.4  0.5             0.0                0.5             -0.4  -0.4  0.0                0.0                680.0   17.0654499276  -1.31774118     -1.71774118
0.0   -0.4  0.4  0.5             0.0                0.5             -0.4  -0.4  0.0                0.0                690.0   16.8181245663  -1.31774118     -1.71774118
0.0   -0.4  0.4  0.5             0.0                0.5             -0.4  -0.4  0.0                0.0                700.0   16.5778656439  -1.31774118     -1.71774118
0.0   -0.4  0.4  0.5             0.0                0.5             -0.4  -0.4  0.0                0.0                710.0   16.3443745785  -1.31774118     -1.71774118
0.0   -0.4  0.4  0.5             0.0                0.5             -0.4  -0.4  0.0                0.0                720.0   16.117369376   -1.31774118     -1.71774118
0.0   -0.4  0.4  0.5             0.0                0.5             -0.4  -0.4  0.0                0.0                730.0   15.8965834942  -1.31774118     -1.71774118
0.0   -0.4  0.4  0.5             0.0                0.5             -0.4  -0.4  0.0                0.0                740.0   15.6817647983  -1.31774118     -1.71774118
0.0   -0.4  0.4  0.5             0.0                0.5             -0.4  -0.4  0.0                0.0                750.0   15.472674601   -1.31774118     -1.71774118
0.0   -0.4  0.4  0.5             0.0                0.5             -0.4  -0.4  0.0                0.0                760.0   15.2690867773  -1.31774118     -1.71774118
0.0   -0.4  0.4  0.5             0.0                0.5             -0.4  -0.4  0.0                0.0                770.0   15.070786949   -1.31774118     -1.71774118
0.0   -0.4  0.4  0.5             0.0                0.5             -0.4  -0.4  0.0                0.0                780.0   14.8775717317  -1.31774118     -1.71774118
0.0   -0.4  0.4  0.5             0.0                0.5             -0.4  -0.4  0.0                0.0                790.0   14.6892480389  -1.31774118     -1.71774118
0.0   -0.4  0.4  0.5             0.0                0.5             -0.4  -0.4  0.0                0.0                800.0   14.5056324384  -1.31774118     -1.71774118
0.0   -0.4  0.4  0.5             0.0                0.5             -0.4  -0.4  0.0                0.0                810.0   14.3265505565  -1.31774118     -1.71774118
0.0   -0.4  0.4  0.5             0.0                0.5             -0.4  -0.4  0.0                0.0                820.0   14.1518365253  -1.31774118     -1.71774118
0.0   -0.4  0.4  0.5             0.0                0.5             -0.4  -0.4  0.0                0.0                830.0   13.9813324708  -1.31774118     -1.71774118
0.0   -0.4  0.4  0.5             0.0                0.5             -0.4  -0.4  0.0                0.0                840.0   13.8148880366  -1.31774118     -1.71774118
0.0   -0.4  0.4  0.5             0.0                0.5             -0.4  -0.4  0.0                0.0                850.0   13.6523599421  -1.31774118     -1.71774118
0.0   -0.4  0.4  0.5             0.0                0.5             -0.4  -0.4  0.0                0.0                860.0   13.4936115706  -1.31774118     -1.71774118
0.0   -0.4  0.4  0.5             0.0                0.5             -0.4  -0.4  0.0                0.0                870.0   13.3385125871  -1.31774118     -1.71774118
0.0   -0.4  0.4  0.5             0.0                0.5             -0.4  -0.4  0.0                0.0                880.0   13.1869385804  -1.31774118     -1.71774118
0.0   -0.4  0.4  0.5             0.0                0.5             -0.4  -0.4  0.0                0.0                890.0   13.0387707312  -1.31774118     -1.71774118
0.0   -0.4  0.4  0.5             0.0                0.5             -0.4  -0.4  0.0                0.0                900.0   12.8938955008  -1.31774118     -1.71774118
0.0   -0.4  0.4  0.5             0.0                0.5             -0.4  -0.4  0.0                0.0                910.0   12.7522043415  -1.31774118     -1.71774118
0.0   -0.4  0.4  0.5             0.0                0.5             -0.4  -0.4  0.0                0.0                920.0   12.6135934247  -1.31774118     -1.71774118
0.0   -0.4  0.4  0.5             0.0                0.5             -0.4  -0.4  0.0                0.0                930.0   12.4779633879  -1.31774118     -1.71774118
0.0   -0.4  0.4  0.5             0.0                0.5             -0.4  -0.4  0.0                0.0                940.0   12.3452190965  -1.31774118     -1.71774118
0.0   -0.4  0.4  0.5             0.0                0.5             -0.4  -0.4  0.0                0.0                950.0   12.2152694218  -1.31774118     -1.71774118
0.0   -0.4  0.4  0.5             0.0                0.5             -0.4  -0.4  0.0                0.0                960.0   12.088027032   -1.31774118     -1.71774118
0.0   -0.4  0.4  0.5             0.0                0.5             -0.4  -0.4  0.0                0.0                970.0   11.9634081967  -1.31774118     -1.71774118
0.0   -0.4  0.4  0.5             0.0                0.5             -0.4  -0.4  0.0                0.0                980.0   11.8413326028  -1.31774118     -1.71774118
0.0   -0.4  0.4  0.500000139489  0.0                0.499999860511  -0.4  -0.4  2.78978003809e-07  0.0                990.0   11.7217231826  -1.31774089958  -1.71774078799
0.0   -0.4  0.4  0.5             0.0                0.5             -0.4  -0.4  0.0                0.0                1000.0  11.6045059507  -1.31774118     -1.71774118
0.0   -0.4  0.4  0.499999860511  1.39489001953e-07  0.5             -0.4  -0.4  4.84892480985e-17  2.78978003906e-07  1010.0  11.4896098522  -1.3177408845   -1.71774077291
0.0   -0.4  0.4  0.5             0.0                0.5             -0.4  -0.4  0.0                0.0                1020.0  11.3769666184  -1.31774118     -1.71774118
0.0   -0.4  0.4  0.5             0.0                0.5             -0.4  -0.4  0.0                0.0                1030.0  11.2665106318  -1.31774118     -1.71774118
0.0   -0.4  0.4  0.500000139489  0.0                0.499999860511  -0.4  -0.4  2.78978003809e-07  0.0                1040.0  11.1581787988  -1.31774089958  -1.71774078799
0.0   -0.4  0.4  0.5             1.39489001953e-07  0.499999860511  -0.4  -0.4  2.78978003858e-07  2.78978003906e-07  1050.0  11.0519104293  -1.31774060408  -1.7177403809
0.0   -0.4  0.4  0.5             0.0                0.5             -0.4  -0.4  0.0                0.0                1060.0  10.9476471233  -1.31774118     -1.71774118
0.0   -0.4  0.4  0.5             0.0                0.5             -0.4  -0.4  0.0                0.0                1070.0  10.8453326643  -1.31774118     -1.71774118
0.0   -0.4  0.4  0.5             0.0                0.5             -0.4  -0.4  0.0                0.0                1080.0  10.7449129174  -1.31774118     -1.71774118
0.0   -0.4  0.4  0.500000418467  0.0                0.499999581533  -0.4  -0.4  8.36934009874e-07  0.0                1090.0  10.6463357346  -1.31774033875  -1.71774000398
0.0   -0.4  0.4  0.500000418467  0.0                0.499999581533  -0.4  -0.4  8.36934009874e-07  0.0                1100.0  10.5495508643  -1.31774033875  -1.71774000398
0.0   -0.4  0.4  0.500000278978  0.0                0.499999721022  -0.4  -0.4  5.57956005842e-07  0.0                1110.0  10.4545098655  -1.31774061917  -1.71774039598
0.0   -0.4  0.4  0.499999721022  2.7897800293e-07   0.5             -0.4  -0.4  8.59441979932e-18  5.57956005859e-07  1120.0  10.3611660275  -1.317740589    -1.71774036582
0.0   -0.4  0.4  0.499999721022  2.7897800293e-07   0.5             -0.4  -0.4  8.59441979932e-18  5.57956005859e-07  1130.0  10.2694742927  -1.317740589    -1.71774036582
0.0   -0.4  0.4  0.5             1.39489001953e-07  0.499999860511  -0.4  -0.4  2.78978003858e-07  2.78978003906e-07  1140.0  10.1793911849  -1.31774060408  -1.7177403809
0.0   -0.4  0.4  0.500000139489  1.39489001953e-07  0.499999721022  -0.4  -0.4  5.57956006779e-07  2.78978003906e-07  1150.0  10.0908747398  -1.31774032367  -1.71773998889
0.0   -0.4  0.4  0.500000976423  1.39489001953e-07  0.499998884088  -0.4  -0.4  2.23182402553e-06  2.78978003906e-07  1160.0  10.0038844403  -1.31773864117  -1.71773763685
0.0   -0.4  0.4  0.499999581533  4.18467004883e-07  0.5             -0.4  -0.4  5.70836678978e-17  8.36934009766e-07  1170.0  9.91838115449  -1.3177402935   -1.71773995873
0.0   -0.4  0.4  0.500000139489  0.0                0.499999860511  -0.4  -0.4  2.78978003809e-07  0.0                1180.0  9.83432707691  -1.31774089958  -1.71774078799
0.0   -0.4  0.4  0.499999721022  6.97445007813e-07  0.499999581533  -0.4  -0.4  8.36934009717e-07  1.39489001563e-06  1190.0  9.7516856729   -1.31773886125  -1.71773796852
0.0   -0.4  0.4  0.499999860511  5.57956005859e-07  0.499999581533  -0.4  -0.4  8.3693400878e-07   1.11591201172e-06  1200.0  9.67042162562  -1.31773915675  -1.71773837561
0.0   -0.4  0.4  0.500000697445  1.39489001953e-07  0.499999163066  -0.4  -0.4  1.67386801968e-06  2.78978003906e-07  1210.0  9.59050078574  -1.317739202    -1.71773842086
0.0   -0.4  0.4  0.500000697445  5.57956005859e-07  0.499998744599  -0.4  -0.4  2.51080202742e-06  1.11591201172e-06  1220.0  9.51189012357  -1.31773747425  -1.71773602356
0.0   -0.4  0.4  0.500000557956  8.36934009766e-07  0.49999860511   -0.4  -0.4  2.78978003121e-06  1.67386801953e-06  1230.0  9.43455768354  -1.31773660283  -1.71773481737
0.0   -0.4  0.4  0.500000697445  6.97445007813e-07  0.49999860511   -0.4  -0.4  2.78978003139e-06  1.39489001563e-06  1240.0  9.35847254093  -1.31773689833  -1.71773522446
0.0   -0.4  0.4  0.499999442044  5.57956005859e-07  0.5             -0.4  -0.4  1.71888395986e-17  1.11591201172e-06  1250.0  9.2836047606   -1.317739998    -1.71773955163
0.0   -0.4  0.4  0.5             5.57956005859e-07  0.499999442044  -0.4  -0.4  1.1159120117e-06   1.11591201172e-06  1260.0  9.20992535774  -1.31773887633  -1.7177379836
0.0   -0.4  0.4  0.500000836934  8.36934009766e-07  0.499998326132  -0.4  -0.4  3.34773603805e-06  1.67386801953e-06  1270.0  9.13740626043  -1.317736042    -1.71773403336
0.0   -0.4  0.4  0.500001813357  2.7897800293e-07   0.499997907665  -0.4  -0.4  4.18467004693e-06  5.57956005859e-07  1280.0  9.06602027402  -1.31773638275  -1.7177344857
0.0   -0.4  0.4  0.5             1.1159120127e-06   0.499998884088  -0.4  -0.4  2.23182402538e-06  2.23182402539e-06  1290.0  8.99574104709  -1.31773657266  -1.71773478721
0.0   -0.4  0.4  0.500000557956  9.76423010742e-07  0.499998465621  -0.4  -0.4  3.0687580342e-06   1.95284602148e-06  1300.0  8.92654303904  -1.31773602691  -1.71773401827
0.0   -0.4  0.4  0.50000139489   6.97445007813e-07  0.499997907665  -0.4  -0.4  4.18467004677e-06  1.39489001563e-06  1310.0  8.85840148912  -1.31773549625  -1.71773326442
0.0   -0.4  0.4  0.499999581533  1.1159120127e-06   0.499999302555  -0.4  -0.4  1.39489001562e-06  2.23182402539e-06  1320.0  8.79129238693  -1.31773741391  -1.71773596323
0.0   -0.4  0.4  0.500000139489  1.67386801855e-06  0.499998186643  -0.4  -0.4  3.626714041e-06    3.34773603711e-06  1330.0  8.72519244417  -1.31773398858  -1.7177311988
0.0   -0.4  0.4  0.499999721022  2.09233502344e-06  0.499998186643  -0.4  -0.4  3.62671404106e-06  4.18467004688e-06  1340.0  8.66007906772  -1.31773310208  -1.71772997753
0.0   -0.4  0.4  0.500002231824  1.67386801855e-06  0.499996094308  -0.4  -0.4  7.81138408793e-06  3.34773603711e-06  1350.0  8.59593033389  -1.31772978233  -1.71772531868
0.0   -0.4  0.4  0.499999581533  4.18467004688e-06  0.499996233797  -0.4  -0.4  7.53240608404e-06  8.36934009375e-06  1360.0  8.53272496379  -1.31772474374  -1.71771838304
0.0   -0.4  0.4  0.500000418467  2.37131302637e-06  0.49999721022   -0.4  -0.4  5.57956006262e-06  4.74262605273e-06  1370.0  8.47044229982  -1.31773054816  -1.71772641929
0.0   -0.4  0.4  0.499998047154  4.74262605371e-06  0.49999721022   -0.4  -0.4  5.57956006247e-06  9.48525210742e-06  1380.0  8.40906228315  -1.31772552553  -1.7177194996
0.0   -0.4  0.4  0.50000278978   1.39489001563e-06  0.49999581533   -0.4  -0.4  8.36934009376e-06  2.78978003125e-06  1390.0  8.34856543219  -1.3177298125   -1.71772534885
0.0   -0.4  0.4  0.500001255401  2.78978003125e-06  0.499995954819  -0.4  -0.4  8.09036209097e-06  5.5795600625e-06   1400.0  8.28893282196  -1.31772713791  -1.71772166994
0.0   -0.4  0.4  0.500002092335  3.06875803418e-06  0.499994838907  -0.4  -0.4  1.03221861162e-05  6.13751606836e-06  1410.0  8.23014606436  -1.31772430358  -1.7177177197
0.0   -0.4  0.4  0.500002371313  1.67386801855e-06  0.499995954819  -0.4  -0.4  8.09036209085e-06  3.34773603711e-06  1420.0  8.17218728926  -1.31772950191  -1.71772492667
0.0   -0.4  0.4  0.500000976423  4.0451810459e-06   0.499994978396  -0.4  -0.4  1.00432081134e-05  8.0903620918e-06   1430.0  8.1150391264   -1.31772251549  -1.71771526206
0.0   -0.4  0.4  0.500001534379  3.62671404102e-06  0.499994838907  -0.4  -0.4  1.03221861172e-05  7.25342808203e-06  1440.0  8.05868468802  -1.31772312158  -1.71771609133
0.0   -0.4  0.4  0.500001115912  5.44007106152e-06  0.499993444017  -0.4  -0.4  1.31119661483e-05  1.0880142123e-05   1450.0  8.00310755224  -1.31771647591  -1.71770687906
0.0   -0.4  0.4  0.500005300582  4.0451810459e-06   0.499990654237  -0.4  -0.4  1.86915262108e-05  8.0903620918e-06   1460.0  7.94829174709  -1.31771382258  -1.71770310982
0.0   -0.4  0.4  0.500000418467  4.18467004688e-06  0.499995396863  -0.4  -0.4  9.20627410367e-06  8.36934009375e-06  1470.0  7.8942217352   -1.31772306124  -1.717716031
0.0   -0.4  0.4  0.50000418467   3.20824703613e-06  0.499992607083  -0.4  -0.4  1.4785834166e-05   6.41649407227e-06  1480.0  7.84088239916  -1.31771952322  -1.71771104229
0.0   -0.4  0.4  0.500006416494  4.32415904883e-06  0.499989259347  -0.4  -0.4  2.14813062422e-05  8.64831809766e-06  1490.0  7.78825902735  -1.31771042741  -1.71769837556
0.0   -0.4  0.4  0.500002510802  6.41649407227e-06  0.499991072704  -0.4  -0.4  1.78545922011e-05  1.28329881445e-05  1500.0  7.7363373005   -1.31770964032  -1.71769736529
0.0   -0.4  0.4  0.500004045181  7.39291708301e-06  0.499988561902  -0.4  -0.4  2.28761962578e-05  1.4785834166e-05   1510.0  7.68510327864  -1.31770252432  -1.71768745951
0.0   -0.4  0.4  0.50000418467   5.02160405664e-06  0.499990793726  -0.4  -0.4  1.84125482071e-05  1.00432081133e-05  1520.0  7.63454338865  -1.31771203449  -1.71770065219
0.0   -0.4  0.4  0.50000697445   7.53240608496e-06  0.499985493144  -0.4  -0.4  2.90137123262e-05  1.50648121699e-05  1530.0  7.58464441225  -1.31769605965  -1.71767842824
0.0   -0.4  0.4  0.500003208247  8.36934009473e-06  0.499988422413  -0.4  -0.4  2.31551742616e-05  1.67386801895e-05  1540.0  7.53539347451  -1.3177001754   -1.71768421786
0.0   -0.4  0.4  0.500005300582  9.6247411084e-06   0.499985074677  -0.4  -0.4  2.98506463359e-05  1.92494822168e-05  1550.0  7.48677803274  -1.3176907859   -1.71767114585
0.0   -0.4  0.4  0.500003766203  9.06678510254e-06  0.499987167012  -0.4  -0.4  2.5665976289e-05   1.81335702051e-05  1560.0  7.43878586587  -1.31769618114  -1.71767866132
0.0   -0.4  0.4  0.500005440071  8.64831809766e-06  0.499985911611  -0.4  -0.4  2.81767783175e-05  1.72966361953e-05  1570.0  7.39140506417  -1.3176945369   -1.71767634753
0.0   -0.4  0.4  0.500005300582  1.04616751182e-05  0.499984237743  -0.4  -0.4  3.15245143554e-05  2.09233502363e-05  1580.0  7.34462401946  -1.31768733124  -1.71766635209
0.0   -0.4  0.4  0.500010322186  8.92729610059e-06  0.499980750518  -0.4  -0.4  3.84989644335e-05  1.78545922012e-05  1590.0  7.29843141557  -1.31768357048  -1.71766102906
0.0   -0.4  0.4  0.500003208247  1.57622571777e-05  0.499981029496  -0.4  -0.4  3.79410084276e-05  3.15245143555e-05  1600.0  7.25281621922  -1.31766965209  -1.71764186588
0.0   -0.4  0.4  0.500005719049  1.39489001572e-05  0.499980332051  -0.4  -0.4  3.93358984435e-05  2.78978003145e-05  1610.0  7.20776767127  -1.3176720907   -1.71764519722
0.0   -0.4  0.4  0.500003766203  1.4925323168e-05   0.499981308474  -0.4  -0.4  3.73830524208e-05  2.98506463359e-05  1620.0  7.16327527824  -1.31767198564  -1.71764509216
0.0   -0.4  0.4  0.500004882115  1.42278781602e-05  0.499980890007  -0.4  -0.4  3.82199864297e-05  2.84557563203e-05  1630.0  7.11932880414  -1.3176726247   -1.7176459544
0.0   -0.4  0.4  0.50000836934   1.68781691904e-05  0.499974752491  -0.4  -0.4  5.04950185693e-05  3.37563383809e-05  1640.0  7.07591826265  -1.31765466701  -1.71762096647
0.0   -0.4  0.4  0.500000139489  1.8412548207e-05   0.499981447963  -0.4  -0.4  3.71040744178e-05  3.68250964141e-05  1650.0  7.03303390954  -1.3176648953   -1.71763532363
0.0   -0.4  0.4  0.500005440071  1.91099932148e-05  0.499975449936  -0.4  -0.4  4.91001285528e-05  3.82199864297e-05  1660.0  6.99066623539  -1.31765134313  -1.71761641508
0.0   -0.4  0.4  0.500012414521  2.03653942295e-05  0.499967220085  -0.4  -0.4  6.55598307382e-05  4.0730788459e-05   1670.0  6.94880595853  -1.3176321417   -1.71758962545
0.0   -0.4  0.4  0.500010601164  2.13418172402e-05  0.499968057019  -0.4  -0.4  6.38859627186e-05  4.26836344805e-05  1680.0  6.9074440183   -1.31763175115  -1.71758912331
0.0   -0.4  0.4  0.500018273059  1.8552037209e-05   0.499963174904  -0.4  -0.4  7.36501928303e-05  3.7104074418e-05   1690.0  6.86657156849  -1.31762785046  -1.71758354875
0.0   -0.4  0.4  0.500011019631  2.13418172402e-05  0.499967638552  -0.4  -0.4  6.47228967285e-05  4.26836344805e-05  1700.0  6.82617997103  -1.31763090868  -1.71758794607
0.0   -0.4  0.4  0.500016180724  2.52475092842e-05  0.499958571767  -0.4  -0.4  8.28564669338e-05  5.04950185684e-05  1710.0  6.78626078991  -1.31760443647  -1.71755109587
0.0   -0.4  0.4  0.500021481306  2.18997732471e-05  0.499956618921  -0.4  -0.4  8.67621589775e-05  4.37995464941e-05  1720.0  6.74680578532  -1.31760758037  -1.71755535569
0.0   -0.4  0.4  0.500018831015  2.45500642764e-05  0.499956618921  -0.4  -0.4  8.67621589766e-05  4.91001285527e-05  1730.0  6.70780690795  -1.31760196325  -1.71754761833
0.0   -0.4  0.4  0.500017994081  2.90137123271e-05  0.499952992206  -0.4  -0.4  9.40155870597e-05  5.80274246543e-05  1740.0  6.66925629353  -1.317585215    -1.71752439779
0.0   -0.4  0.4  0.50001255401   3.44537833877e-05  0.499952992206  -0.4  -0.4  9.40155870586e-05  6.89075667754e-05  1750.0  6.63114625757  -1.31757369342  -1.71750852416
0.0   -0.4  0.4  0.500009206274  3.38958273818e-05  0.499956897899  -0.4  -0.4  8.62042029706e-05  6.77916547637e-05  1760.0  6.5934692902   -1.31758273032  -1.71752113197
0.0   -0.4  0.4  0.500009066785  3.16640033564e-05  0.499959269212  -0.4  -0.4  8.14615769179e-05  6.33280067129e-05  1770.0  6.55621805127  -1.31759222644  -1.71753431061
0.0   -0.4  0.4  0.500014925323  3.23614483643e-05  0.499952713228  -0.4  -0.4  9.45735430645e-05  6.47228967285e-05  1780.0  6.51938536559  -1.31757756217  -1.71751384359
0.0   -0.4  0.4  0.500020783861  3.50117393945e-05  0.499944204399  -0.4  -0.4  0.000111591201258  7.00234787891e-05  1790.0  6.4829642183   -1.31755485171  -1.71748220584
0.0   -0.4  0.4  0.500019388971  3.76620304238e-05  0.499942948998  -0.4  -0.4  0.000114102003285  7.53240608477e-05  1800.0  6.44694775042  -1.31754672582  -1.71747095539
0.0   -0.4  0.4  0.500011717076  5.09134855732e-05  0.499937369438  -0.4  -0.4  0.00012526112341   0.000101826971146  1810.0  6.41132925456  -1.31750739172  -1.71741655648
0.0   -0.4  0.4  0.500014367367  4.86816615488e-05  0.499936950971  -0.4  -0.4  0.000126098057421  9.73633230977e-05  1820.0  6.37610217074  -1.31751132771  -1.71742194316
0.0   -0.4  0.4  0.500024689553  4.88211505498e-05  0.499926489296  -0.4  -0.4  0.000147021407656  9.76423010996e-05  1830.0  6.34126008238  -1.31748997962  -1.71739211414
0.0   -0.4  0.4  0.500014785834  5.73299796455e-05  0.499927884186  -0.4  -0.4  0.000144231627625  0.000114659959291  1840.0  6.30679671236  -1.31747473994  -1.71737118331
0.0   -0.4  0.4  0.500027479333  4.54734145127e-05  0.499927047252  -0.4  -0.4  0.000145905495644  9.09468290254e-05  1850.0  6.27270591932  -1.31749820518  -1.71740346425
0.0   -0.4  0.4  0.500034732761  4.70077935293e-05  0.499918259445  -0.4  -0.4  0.000163481109842  9.40155870586e-05  1860.0  6.23898169395  -1.31747729335  -1.71737429467
0.0   -0.4  0.4  0.500022178751  5.99802706758e-05  0.499917840978  -0.4  -0.4  0.000164318043852  0.000119960541352  1870.0  6.20561815548  -1.31744889149  -1.71733518006
0.0   -0.4  0.4  0.50004045181   4.67288155264e-05  0.499912819374  -0.4  -0.4  0.000174361251965  9.34576310527e-05  1880.0  6.17260954827  -1.31746692763  -1.71735980008
0.0   -0.4  0.4  0.500038080497  6.12356716895e-05  0.499900683831  -0.4  -0.4  0.000198632338237  0.000122471343379  1890.0  6.13995023849  -1.31741177609  -1.71728333462
0.0   -0.4  0.4  0.500034732761  6.08172046846e-05  0.499904450034  -0.4  -0.4  0.000191099932152  0.000121634409369  1900.0  6.10763471092  -1.31742027724  -1.71729518351
0.0   -0.4  0.4  0.500022597218  7.67189508643e-05  0.499900683831  -0.4  -0.4  0.000198632338238  0.000153437901729  1910.0  6.07565756584  -1.31737901043  -1.71723818233
0.0   -0.4  0.4  0.500023155174  7.43476378379e-05  0.499902497188  -0.4  -0.4  0.000195005624197  0.000148695275676  1920.0  6.04401351602  -1.31738768316  -1.7172502028
0.0   -0.4  0.4  0.50002510802   7.69979288672e-05  0.499897894051  -0.4  -0.4  0.000204211898301  0.000153995857734  1930.0  6.01269738381  -1.31737280082  -1.71722951772
0.0   -0.4  0.4  0.500032640426  7.71374178691e-05  0.499890222156  -0.4  -0.4  0.000219555688472  0.000154274835738  1940.0  5.98170409833  -1.31735707693  -1.71720754472
0.0   -0.4  0.4  0.500045194437  7.42081488359e-05  0.499880597415  -0.4  -0.4  0.000238805170689  0.000148416297672  1950.0  5.95102869269  -1.31734396576  -1.71718907718
0.0   -0.4  0.4  0.500023155174  8.8854494001e-05   0.499887990332  -0.4  -0.4  0.000224019336523  0.000177708988002  1960.0  5.9206663014   -1.31732778432  -1.71716709299
0.0   -0.4  0.4  0.500030827069  0.000100153103128  0.499869019828  -0.4  -0.4  0.000261960344951  0.000200306206256  1970.0  5.89061215774  -1.31726573993  -1.71708083331
0.0   -0.4  0.4  0.500032640426  9.59684330811e-05  0.499871391141  -0.4  -0.4  0.000257217718896  0.000191936866162  1980.0  5.86086159129  -1.31727935387  -1.71709969203
0.0   -0.4  0.4  0.500025247509  0.000106151130195  0.499868601361  -0.4  -0.4  0.00026279727896   0.000212302260391  1990.0  5.8314100255   -1.3172522132   -1.71706217339
0.0   -0.4  0.4  0.500051889909  9.88977021143e-05  0.499849212389  -0.4  -0.4  0.000301575221398  0.000197795404229  2000.0  5.80225297537  -1.31722860264  -1.71702885439
0.0   -0.4  0.4  0.50005035553   0.000112009668262  0.499837634802  -0.4  -0.4  0.000324730395658  0.000224019336523  2010.0  5.77338604515  -1.31717749779  -1.7169579979
0.0   -0.4  0.4  0.500035709184  0.000116333827311  0.499847956988  -0.4  -0.4  0.000304086023426  0.000232667654621  2020.0  5.74480492611  -1.31718915661  -1.71697445514
0.0   -0.4  0.4  0.500050913486  0.000121913387373  0.499827173127  -0.4  -0.4  0.000345653745893  0.000243826774746  2030.0  5.71650539446  -1.31713552702  -1.71689973481
0.0   -0.4  0.4  0.500047286772  0.000126377035424  0.499826336193  -0.4  -0.4  0.000347327613912  0.000252754070848  2040.0  5.68848330919  -1.31712442583  -1.71688439315
0.0   -0.4  0.4  0.500043381079  0.000122331854378  0.499834287066  -0.4  -0.4  0.000331425867732  0.000244663708756  2050.0  5.66073461012  -1.31714891562  -1.71691847979
0.0   -0.4  0.4  0.500040033343  0.000139489001571  0.499820477655  -0.4  -0.4  0.000359044690045  0.000278978003143  2060.0  5.6332553159   -1.31708475755  -1.71682954848
0.0   -0.4  0.4  0.500063188518  0.000144371116626  0.499792440366  -0.4  -0.4  0.000415119268676  0.000288742233252  2070.0  5.6060415221   -1.31701815898  -1.71673661438
0.0   -0.4  0.4  0.500042125678  0.000155251258749  0.499802623063  -0.4  -0.4  0.000394753874447  0.000310502517498  2080.0  5.5790893994   -1.31701549378  -1.71673339123
0.0   -0.4  0.4  0.500057469469  0.00015622768176   0.49978630285   -0.4  -0.4  0.000427394300814  0.00031245536352   2090.0  5.55239519175  -1.31698066586  -1.716684726
0.0   -0.4  0.4  0.500046728816  0.000163620598843  0.499789650586  -0.4  -0.4  0.000420698828738  0.000327241197686  2100.0  5.52595521464  -1.31697173767  -1.71667256166
0.0   -0.4  0.4  0.500065141364  0.000160412351807  0.499774446284  -0.4  -0.4  0.000451107431081  0.000320824703613  2110.0  5.49976585344  -1.31694805949  -1.71663928664
0.0   -0.4  0.4  0.500075184572  0.000160970307813  0.49976384512   -0.4  -0.4  0.00047230975932   0.000321940615627  2120.0  5.47382356168  -1.31692530089  -1.71660760074
0.0   -0.4  0.4  0.500078392819  0.000169897603914  0.499751709577  -0.4  -0.4  0.000496580845594  0.000339795207828  2130.0  5.44812485951  -1.31688219616  -1.71654764574
0.0   -0.4  0.4  0.500055377134  0.000189705042137  0.499754917824  -0.4  -0.4  0.000490164351521  0.000379410084273  2140.0  5.42266633213  -1.31684683612  -1.71649900635
0.0   -0.4  0.4  0.500064164941  0.000195005624196  0.499740829435  -0.4  -0.4  0.000518341129838  0.000390011248393  2150.0  5.39744462826  -1.31680715924  -1.71644381829
0.0   -0.4  0.4  0.500059143337  0.000191936866162  0.499748919797  -0.4  -0.4  0.000502160405656  0.000383873732324  2160.0  5.37245645868  -1.31682982567  -1.71647541201
0.0   -0.4  0.4  0.500056632535  0.000203374964291  0.499739992501  -0.4  -0.4  0.000520014997858  0.000406749928582  2170.0  5.34769859482  -1.31678775795  -1.71641705198
0.0   -0.4  0.4  0.500067373188  0.000207420145336  0.499725206667  -0.4  -0.4  0.00054958666619   0.000414840290672  2180.0  5.32316786732  -1.31674953435  -1.71636376357
0.0   -0.4  0.4  0.500085925225  0.000215928974433  0.499698145801  -0.4  -0.4  0.000603708398801  0.000431857948865  2190.0  5.29886116473  -1.31667698343  -1.71626275689
0.0   -0.4  0.4  0.500095270988  0.000219974155478  0.499684754856  -0.4  -0.4  0.000630490287102  0.000439948310955  2200.0  5.27477543216  -1.31664156334  -1.7162133879
0.0   -0.4  0.4  0.500082856467  0.000224577292529  0.499692566241  -0.4  -0.4  0.000614867518926  0.000449154585059  2210.0  5.25090767002  -1.3166475615   -1.71622195266
0.0   -0.4  0.4  0.500081461577  0.000237270791673  0.499681267631  -0.4  -0.4  0.000637464737181  0.000474541583346  2220.0  5.22725493277  -1.31659787564  -1.71615307311
0.0   -0.4  0.4  0.500060398738  0.00026461063598   0.499674990626  -0.4  -0.4  0.000650018747322  0.000529221271961  2230.0  5.20381432769  -1.31652754785  -1.71605585184
0.0   -0.4  0.4  0.500076300484  0.000273119465076  0.499650580051  -0.4  -0.4  0.000698839897871  0.000546238930152  2240.0  5.18058301373  -1.31646023438  -1.71596220285
0.0   -0.4  0.4  0.500103640328  0.000262099833952  0.499634259838  -0.4  -0.4  0.000731480324239  0.000524199667904  2250.0  5.15755820033  -1.31645095142  -1.71594867943
0.0   -0.4  0.4  0.500092899675  0.000269074284031  0.499638026041  -0.4  -0.4  0.000723947918155  0.000538148568063  2260.0  5.13473714635  -1.31644389797  -1.71593905937
0.0   -0.4  0.4  0.50010336135   0.000285673475218  0.499610965175  -0.4  -0.4  0.000778069650764  0.000571346950436  2270.0  5.11211715892  -1.31635422997  -1.71581446333
0.0   -0.4  0.4  0.500072952748  0.000308689160478  0.499618358092  -0.4  -0.4  0.000763283816598  0.000617378320955  2280.0  5.08969559243  -1.31632017676  -1.7157679119
0.0   -0.4  0.4  0.500078671797  0.000310781495501  0.499610546708  -0.4  -0.4  0.000778906584773  0.000621562991002  2290.0  5.06746984749  -1.31630028333  -1.7157400955
0.0   -0.4  0.4  0.500081182599  0.000318871857592  0.499599945543  -0.4  -0.4  0.000800108913012  0.000637743715184  2300.0  5.04543736989  -1.31626141862  -1.71568627757
0.0   -0.4  0.4  0.500110754267  0.000319429813598  0.499569815919  -0.4  -0.4  0.000860368161691  0.000638859627195  2310.0  5.02359564968  -1.31619979411  -1.715600103
0.0   -0.4  0.4  0.500112707113  0.000327938642694  0.499559354244  -0.4  -0.4  0.000881291511928  0.000655877285389  2320.0  5.00194222015  -1.31616095421  -1.71554608669
0.0   -0.4  0.4  0.500098618724  0.000335750026782  0.499565631249  -0.4  -0.4  0.000868737501786  0.000671500053564  2330.0  4.98047465697  -1.3161571025   -1.71554100747
0.0   -0.4  0.4  0.500119542074  0.000338539806813  0.499541918119  -0.4  -0.4  0.00091616376232   0.000677079613627  2340.0  4.95919057724  -1.31610330468  -1.71546600733
0.0   -0.4  0.4  0.500093736609  0.000381362930296  0.499524900461  -0.4  -0.4  0.000950199078703  0.000762725860592  2350.0  4.93808763862  -1.31597818701  -1.71529301704
0.0   -0.4  0.4  0.50012010003   0.000371598700186  0.499508301269  -0.4  -0.4  0.000983397461076  0.000743197400371  2360.0  4.91716353845  -1.31596550966  -1.71527487172
0.0   -0.4  0.4  0.500101269015  0.000415258757678  0.499483472227  -0.4  -0.4  0.00103305554564   0.000830517515355  2370.0  4.89641601298  -1.31582337975  -1.71507795053
0.0   -0.4  0.4  0.500143813161  0.000393080006428  0.499463106833  -0.4  -0.4  0.0010737863341    0.000786160012855  2380.0  4.87584283645  -1.31582912549  -1.71508514695
0.0   -0.4  0.4  0.500145626518  0.000402704747536  0.499451668735  -0.4  -0.4  0.00109666253035   0.000805409495072  2390.0  4.8554418204   -1.31578599045  -1.71502516164
0.0   -0.4  0.4  0.500118565651  0.000444969915012  0.499436464434  -0.4  -0.4  0.0011270711327    0.000889939830023  2400.0  4.83521081281  -1.31566615829  -1.71485935391
