#mu0  mu1  mu2   x0              x1                 x2              mua  mub   xa              xb                 T       b              u               phi
0.4   0.2  -0.6  0.612703068088  0.0                0.387296931912  1.0  -0.2  0.225406136177  0.0                30.0    386.816865025  -1.09863647263  -1.12404260881
0.4   0.2  -0.6  0.614261857681  0.0                0.385738142319  1.0  -0.2  0.228523715362  0.0                40.0    290.112648769  -1.09588347191  -1.12440718727
0.4   0.2  -0.6  0.615929169717  0.0                0.384070830283  1.0  -0.2  0.231858339434  0.0                50.0    232.090119015  -1.09261215104  -1.12447049048
0.4   0.2  -0.6  0.61556691678   0.0                0.38443308322   1.0  -0.2  0.231133833559  0.0                60.0    193.408432513  -1.0935897779   -1.12472361146
0.4   0.2  -0.6  0.614526468317  0.0                0.385473531683  1.0  -0.2  0.229052936634  0.0                70.0    165.778656439  -1.09593208975  -1.12498502638
0.4   0.2  -0.6  0.612948150264  0.0                0.387051849736  1.0  -0.2  0.225896300528  0.0                80.0    145.056324384  -1.09938421082  -1.12528051135
0.4   0.2  -0.6  0.623780866126  0.0                0.376219133874  1.0  -0.2  0.247561732253  0.0                90.0    128.938955008  -1.07861440029  -1.12617613254
0.4   0.2  -0.6  0.623905429805  0.0                0.376094570195  1.0  -0.2  0.247810859609  0.0                100.0   116.045059507  -1.07839940727  -1.12621026688
0.4   0.2  -0.6  0.623207008374  0.0                0.376792991626  1.0  -0.2  0.246414016748  0.0                110.0   105.495508643  -1.07970761892  -1.12612163567
0.4   0.2  -0.6  0.622359054733  0.0                0.377640945267  1.0  -0.2  0.244718109467  0.0                120.0   96.7042162563  -1.08129680349  -1.12601491296
0.4   0.2  -0.6  0.62137454136   0.0                0.37862545864   1.0  -0.2  0.24274908272   0.0                130.0   89.2654303904  -1.08314644216  -1.12589552488
0.4   0.2  -0.6  0.620404813821  0.0                0.379595186179  1.0  -0.2  0.240809627642  0.0                140.0   82.8893282196  -1.0849574066   -1.12576703425
0.4   0.2  -0.6  0.619356832952  0.0                0.380643167048  1.0  -0.2  0.238713665905  0.0                150.0   77.363373005   -1.08691668424  -1.12563035015
0.4   0.2  -0.6  0.618360881481  0.0                0.381639118519  1.0  -0.2  0.236721762962  0.0                160.0   72.5281621922  -1.08877412452  -1.12549588748
0.4   0.2  -0.6  0.617344983083  0.0                0.382655016917  1.0  -0.2  0.234689966166  0.0                170.0   68.2617997103  -1.09065794448  -1.12534791065
0.4   0.2  -0.6  0.61584491836   0.0                0.38415508164   1.0  -0.2  0.23168983672   0.0                180.0   64.4694775042  -1.09337972784  -1.12506956456
0.4   0.2  -0.6  0.612918718085  0.0                0.387081281915  1.0  -0.2  0.22583743617   0.0                190.0   61.0763471092  -1.09886635622  -1.12470379239
0.4   0.2  -0.6  0.610693171065  0.0                0.389306828935  1.0  -0.2  0.22138634213   0.0                200.0   58.0225297537  -1.10247331544  -1.12385965756
0.4   0.2  -0.6  0.610430234297  0.0                0.389569765703  1.0  -0.2  0.220860468594  0.0                210.0   55.2595521464  -1.10302619672  -1.12388666531
0.4   0.2  -0.6  0.608685226887  0.0                0.391314773113  1.0  -0.2  0.217370453774  0.0                220.0   52.7477543216  -1.10603634078  -1.12340679456
0.4   0.2  -0.6  0.608232585077  0.0                0.391767414923  1.0  -0.2  0.216465170154  0.0                230.0   50.4543736989  -1.10684893652  -1.12331410667
0.4   0.2  -0.6  0.607124484449  0.0                0.392875515551  1.0  -0.2  0.214248968897  0.0                240.0   48.3521081281  -1.108851028    -1.12309999689
0.4   0.2  -0.6  0.605920833854  0.0                0.394079166146  1.0  -0.2  0.211841667708  0.0                250.0   46.418023803   -1.1110430351   -1.12288470281
0.4   0.2  -0.6  0.605226736582  0.0                0.394773263418  1.0  -0.2  0.210453473165  0.0                260.0   44.6327151952  -1.11229374947  -1.12274722264
0.4   0.2  -0.6  0.60415685594   0.0                0.39584314406   1.0  -0.2  0.20831371188   0.0                270.0   42.9796516694  -1.1142290032   -1.12254271508
0.4   0.2  -0.6  0.603858209988  0.0                0.396141790012  1.0  -0.2  0.207716419976  0.0                280.0   41.4446641098  -1.1147522444   -1.12246866437
0.4   0.2  -0.6  0.603093949748  0.0                0.396906050252  1.0  -0.2  0.206187899497  0.0                290.0   40.0155377612  -1.11614062636  -1.12232852585
0.4   0.2  -0.6  0.60256556541   0.0                0.39743443459   1.0  -0.2  0.205131130821  0.0                300.0   38.6816865025  -1.11707856143  -1.12220969225
0.4   0.2  -0.6  0.60164075333   0.0                0.39835924667   1.0  -0.2  0.20328150666   0.0                310.0   37.4338901637  -1.11874941755  -1.12203092421
0.4   0.2  -0.6  0.601125341469  0.0                0.398874658531  1.0  -0.2  0.202250682938  0.0                320.0   36.2640810961  -1.119683489    -1.12193417194
0.4   0.2  -0.6  0.600583984654  0.0                0.399416015346  1.0  -0.2  0.201167969308  0.0                330.0   35.1651695477  -1.12064351383  -1.12181148314
0.4   0.2  -0.6  0.600164680715  0.0                0.399835319285  1.0  -0.2  0.200329361431  0.0                340.0   34.1308998551  -1.12139377503  -1.12172313646
0.4   0.2  -0.6  0.599737704881  0.0                0.400262295119  1.0  -0.2  0.199475409763  0.0                350.0   33.1557312879  -1.12210151948  -1.12157692924
0.4   0.2  -0.6  0.599188676171  0.0                0.400811323829  1.0  -0.2  0.198377352343  0.0                360.0   32.2347387521  -1.12308987508  -1.12146722742
0.4   0.2  -0.6  0.598677448981  0.0                0.401322551019  1.0  -0.2  0.197354897961  0.0                370.0   31.3635295966  -1.1239741318   -1.12132902976
0.4   0.2  -0.6  0.598425392355  0.0                0.401574607645  1.0  -0.2  0.196850784709  0.0                380.0   30.5381735546  -1.12442968366  -1.12128046837
0.4   0.2  -0.6  0.598068021533  0.0                0.401931978467  1.0  -0.2  0.196136043065  0.0                390.0   29.7551434635  -1.12503565493  -1.12117169799
0.4   0.2  -0.6  0.597627375777  0.0                0.402372624223  1.0  -0.2  0.195254751553  0.0                400.0   29.0112648769  -1.12579253262  -1.12104728417
0.4   0.2  -0.6  0.597194541405  0.0                0.402805458595  1.0  -0.2  0.19438908281   0.0                410.0   28.3036730506  -1.12653487554  -1.12092395835
0.4   0.2  -0.6  0.597080020935  0.0                0.402919979065  1.0  -0.2  0.194160041869  0.0                420.0   27.6297760732  -1.12666481545  -1.12082485731
0.4   0.2  -0.6  0.596811923073  0.0                0.403188076927  1.0  -0.2  0.193623846147  0.0                430.0   26.9872231413  -1.12711996538  -1.12074381153
0.4   0.2  -0.6  0.596640491091  0.0                0.403359508909  1.0  -0.2  0.193280982181  0.0                440.0   26.3738771608  -1.12737962973  -1.12066061191
0.4   0.2  -0.6  0.596552891998  0.0                0.403447108002  1.0  -0.2  0.193105783995  0.0                450.0   25.7877910017  -1.1274858807   -1.1205916647
0.4   0.2  -0.6  0.596284654648  0.0                0.403715345352  1.0  -0.2  0.192569309295  0.0                460.0   25.2271868495  -1.12790231178  -1.12047162108
0.4   0.2  -0.6  0.596056032174  0.0                0.403943967826  1.0  -0.2  0.192112064348  0.0                470.0   24.6904381931  -1.12829549693  -1.12040756127
0.4   0.2  -0.6  0.595849588452  0.0                0.404150411548  1.0  -0.2  0.191699176903  0.0                480.0   24.1760540641  -1.12858056868  -1.12027974558
0.4   0.2  -0.6  0.595811368465  0.0                0.404188631535  1.0  -0.2  0.19162273693   0.0                490.0   23.6826652056  -1.12859902401  -1.12022176094
0.4   0.2  -0.6  0.595647329399  0.0                0.404352670601  1.0  -0.2  0.191294658799  0.0                500.0   23.2090119015  -1.12883706642  -1.12013172522
0.4   0.2  -0.6  0.595494588943  0.0                0.404505411057  1.0  -0.2  0.190989177885  0.0                510.0   22.7539332368  -1.12902585162  -1.1200150295
0.4   0.2  -0.6  0.595466412164  0.0                0.404533587836  1.0  -0.2  0.190932824329  0.0                520.0   22.3163575976  -1.12898758844  -1.11992041277
0.4   0.2  -0.6  0.595260805376  0.0                0.404739194624  1.0  -0.2  0.190521610752  0.0                530.0   21.8952942467  -1.12931738984  -1.11983900059
0.4   0.2  -0.6  0.595338919217  0.0                0.404661080783  1.0  -0.2  0.190677838434  0.0                540.0   21.4898258347  -1.12907230541  -1.11975014385
0.4   0.2  -0.6  0.595255783772  0.0                0.404744216228  1.0  -0.2  0.190511567544  0.0                550.0   21.0991017286  -1.12917135532  -1.11968292286
0.4   0.2  -0.6  0.595109878276  0.0                0.404890121724  1.0  -0.2  0.190219756553  0.0                560.0   20.7223320549  -1.12936070598  -1.11958046253
0.4   0.2  -0.6  0.595130662138  0.0                0.404869337862  1.0  -0.2  0.190261324275  0.0                570.0   20.3587823697  -1.12924203952  -1.1195033638
0.4   0.2  -0.6  0.595045713336  0.0                0.404954286664  1.0  -0.2  0.190091426671  0.0                580.0   20.0077688806  -1.12931626599  -1.11940769266
0.4   0.2  -0.6  0.595132475495  0.0                0.404867524505  1.0  -0.2  0.190264950989  0.0                590.0   19.6686541538  -1.12904316864  -1.11930811963
0.4   0.2  -0.6  0.594964391248  0.0                0.405035608752  1.0  -0.2  0.189928782495  0.0                600.0   19.3408432512  -1.12929238557  -1.11922116807
0.4   0.2  -0.6  0.595109738787  0.0                0.404890261213  1.0  -0.2  0.190219477575  0.0                610.0   19.0237802471  -1.12890845694  -1.11912793451
0.4   0.2  -0.6  0.595230396774  0.0                0.404769603226  1.0  -0.2  0.190460793547  0.0                620.0   18.7169450819  -1.12858590097  -1.11904669452
0.4   0.2  -0.6  0.595144611038  0.0                0.404855388962  1.0  -0.2  0.190289222075  0.0                630.0   18.4198507155  -1.12868865434  -1.11897787642
0.4   0.2  -0.6  0.595190781897  0.0                0.404809218103  1.0  -0.2  0.190381563794  0.0                640.0   18.132040548   -1.1284891668   -1.1188707306
0.4   0.2  -0.6  0.595121316374  0.0                0.404878683626  1.0  -0.2  0.190242632749  0.0                650.0   17.8530860781  -1.12853066483  -1.11877329758
0.4   0.2  -0.6  0.595224398747  0.0                0.404775601253  1.0  -0.2  0.190448797493  0.0                660.0   17.5825847739  -1.12822762154  -1.11867641903
0.4   0.2  -0.6  0.595423170574  0.0                0.404576829426  1.0  -0.2  0.190846341148  0.0                670.0   17.3201581354  -1.12776213154  -1.11860847268
0.4   0.2  -0.6  0.595374628401  0.0                0.404625371599  1.0  -0.2  0.190749256803  0.0                680.0   17.0654499276  -1.12778178978  -1.11853104659
0.4   0.2  -0.6  0.595314508642  0.0                0.404685491358  1.0  -0.2  0.190629017283  0.0                690.0   16.8181245663  -1.12776509792  -1.1183941152
0.4   0.2  -0.6  0.595472828658  0.0                0.404527171342  1.0  -0.2  0.190945657317  0.0                700.0   16.5778656439  -1.12736879318  -1.11831445049
0.4   0.2  -0.6  0.595490962229  0.0                0.404509037771  1.0  -0.2  0.190981924457  0.0                710.0   16.3443745785  -1.12724852482  -1.11823044928
0.4   0.2  -0.6  0.595577584899  0.0                0.404422415101  1.0  -0.2  0.191155169797  0.0                720.0   16.117369376   -1.12697419972  -1.11812936952
0.4   0.2  -0.6  0.595656396184  0.0                0.404343603816  1.0  -0.2  0.191312792369  0.0                730.0   15.8965834942  -1.12672514285  -1.11803793522
0.4   0.2  -0.6  0.595798953944  0.0                0.404201046056  1.0  -0.2  0.191597907888  0.0                740.0   15.6817647983  -1.12635663268  -1.11795454056
0.4   0.2  -0.6  0.595837034442  0.0                0.404162965558  1.0  -0.2  0.191674068883  0.0                750.0   15.472674601   -1.12616728475  -1.11784135363
0.4   0.2  -0.6  0.595905802519  0.0                0.404094197481  1.0  -0.2  0.191811605039  0.0                760.0   15.2690867773  -1.1259520869   -1.11776369194
0.4   0.2  -0.6  0.595980010668  0.0                0.404019989332  1.0  -0.2  0.191960021336  0.0                770.0   15.070786949   -1.12567749428  -1.11763751561
0.4   0.2  -0.6  0.596230253937  0.0                0.403769746063  1.0  -0.2  0.192460507874  0.0                780.0   14.8775717317  -1.12509195469  -1.11755246256
0.4   0.2  -0.6  0.596201658692  0.0                0.403798341308  1.0  -0.2  0.192403317383  0.0                790.0   14.6892480389  -1.1250480328   -1.11745135019
0.4   0.2  -0.6  0.596288002384  0.0                0.403711997616  1.0  -0.2  0.192576004767  0.0                800.0   14.5056324384  -1.12478264988  -1.11735865465
0.4   0.2  -0.6  0.596607711175  0.0                0.403392288825  1.0  -0.2  0.19321542235   0.0                810.0   14.3265505565  -1.12405600975  -1.1172714321
0.4   0.2  -0.6  0.596701168806  1.39489001953e-07  0.403298691705  1.0  -0.2  0.19340261659   2.78978003906e-07  820.0   14.1518365253  -1.12375549748  -1.11715805827
0.4   0.2  -0.6  0.596499607199  0.0                0.403500392801  1.0  -0.2  0.192999214398  0.0                830.0   13.9813324708  -1.12409367779  -1.11709289219
0.4   0.2  -0.6  0.596793231547  2.7897800293e-07   0.403206489475  1.0  -0.2  0.193587021051  5.57956005859e-07  840.0   13.8148880366  -1.12341212872  -1.11699903818
0.4   0.2  -0.6  0.596918911138  0.0                0.403081088862  1.0  -0.2  0.193837822275  0.0                850.0   13.6523599421  -1.12306821411  -1.11690603638
0.4   0.2  -0.6  0.597042219415  0.0                0.402957780585  1.0  -0.2  0.19408443883   0.0                860.0   13.4936115706  -1.12266517715  -1.11674961598
0.4   0.2  -0.6  0.597231924457  0.0                0.402768075543  1.0  -0.2  0.194463848914  0.0                870.0   13.3385125871  -1.12218664033  -1.11665048924
0.4   0.2  -0.6  0.597331798582  0.0                0.402668201418  1.0  -0.2  0.194663597165  0.0                880.0   13.1869385804  -1.12190761317  -1.11657121033
0.4   0.2  -0.6  0.597460965398  0.0                0.402539034602  1.0  -0.2  0.194921930796  0.0                890.0   13.0387707312  -1.12155399861  -1.11647592941
0.4   0.2  -0.6  0.597443110806  0.0                0.402556889194  1.0  -0.2  0.194886221611  0.0                900.0   12.8938955008  -1.12150050337  -1.11638672498
0.4   0.2  -0.6  0.597708837354  2.7897800293e-07   0.402290883668  1.0  -0.2  0.195418232663  5.57956005859e-07  910.0   12.7522043415  -1.12084750967  -1.11626563074
0.4   0.2  -0.6  0.597831866653  0.0                0.402168133347  1.0  -0.2  0.195663733306  0.0                920.0   12.6135934247  -1.12050942405  -1.11617315736
0.4   0.2  -0.6  0.59813399983   0.0                0.40186600017   1.0  -0.2  0.196267999661  0.0                930.0   12.4779633879  -1.11979182901  -1.11605982867
0.4   0.2  -0.6  0.598253262927  0.0                0.401746737073  1.0  -0.2  0.196506525853  0.0                940.0   12.3452190965  -1.11945372985  -1.1159602557
0.4   0.2  -0.6  0.598198722727  1.39489001953e-07  0.401801137784  1.0  -0.2  0.196397724432  2.78978003906e-07  950.0   12.2152694218  -1.11948188388  -1.11587955252
0.4   0.2  -0.6  0.598631696588  9.76423010742e-07  0.401367326989  1.0  -0.2  0.197265346022  1.95284602148e-06  960.0   12.088027032   -1.11848188909  -1.11574684454
0.4   0.2  -0.6  0.598589710399  1.1159120127e-06   0.401409173689  1.0  -0.2  0.197181652621  2.23182402539e-06  970.0   11.9634081967  -1.11849984876  -1.11568105501
0.4   0.2  -0.6  0.598814566669  0.0                0.401185433331  1.0  -0.2  0.197629133338  0.0                980.0   11.8413326028  -1.11794819554  -1.11557732887
0.4   0.2  -0.6  0.598902863207  8.36934009766e-07  0.401096299859  1.0  -0.2  0.197807400282  1.67386801953e-06  990.0   11.7217231826  -1.11763513775  -1.11544220326
0.4   0.2  -0.6  0.599082385552  2.7897800293e-07   0.40091733547   1.0  -0.2  0.19816532906   5.57956005859e-07  1000.0  11.6045059507  -1.11714245717  -1.11530767463
0.4   0.2  -0.6  0.599205833318  5.57956005859e-07  0.400793608726  1.0  -0.2  0.198412782549  1.11591201172e-06  1010.0  11.4896098522  -1.11681601149  -1.11522857086
0.4   0.2  -0.6  0.599507129562  6.97445007813e-07  0.400492172993  1.0  -0.2  0.199015654014  1.39489001563e-06  1020.0  11.3769666184  -1.11613477468  -1.11515014972
0.4   0.2  -0.6  0.599639644113  4.18467004883e-07  0.40035993742   1.0  -0.2  0.199280125161  8.36934009766e-07  1030.0  11.2665106318  -1.11575766808  -1.11503762585
0.4   0.2  -0.6  0.599812610475  1.25540101367e-06  0.400186134124  1.0  -0.2  0.199627731753  2.51080202734e-06  1040.0  11.1581787988  -1.11530523273  -1.11493246232
0.4   0.2  -0.6  0.599879146729  2.51080202832e-06  0.400118342469  1.0  -0.2  0.199763315062  5.02160405664e-06  1050.0  11.0519104293  -1.11503178962  -1.11479410036
0.4   0.2  -0.6  0.599977207497  5.57956005859e-07  0.400022234547  1.0  -0.2  0.199955530906  1.11591201172e-06  1060.0  10.9476471233  -1.11476112184  -1.11471642956
0.4   0.2  -0.6  0.600309051832  2.37131302637e-06  0.399688576855  1.0  -0.2  0.20062284629   4.74262605273e-06  1070.0  10.8453326643  -1.11399356411  -1.11461546188
0.4   0.2  -0.6  0.600400417128  2.65029103027e-06  0.399596932581  1.0  -0.2  0.200806134838  5.30058206055e-06  1080.0  10.7449129174  -1.11373674715  -1.11454182187
0.4   0.2  -0.6  0.600518145845  2.37131302637e-06  0.399479482842  1.0  -0.2  0.201041034317  4.74262605273e-06  1090.0  10.6463357346  -1.11334040434  -1.11438049013
0.4   0.2  -0.6  0.60076197262   2.23182402539e-06  0.399235795556  1.0  -0.2  0.201528408888  4.46364805078e-06  1100.0  10.5495508643  -1.11276478432  -1.11429230048
0.4   0.2  -0.6  0.600886954765  1.81335702051e-06  0.399111231878  1.0  -0.2  0.201777536245  3.62671404102e-06  1110.0  10.4545098655  -1.11241982768  -1.11419663858
0.4   0.2  -0.6  0.601093956444  1.81335702051e-06  0.398904230199  1.0  -0.2  0.202191539601  3.62671404102e-06  1120.0  10.3611660275  -1.11191281654  -1.1141036308
0.4   0.2  -0.6  0.601340991466  2.9292690332e-06   0.398656079265  1.0  -0.2  0.202687841469  5.85853806641e-06  1130.0  10.2694742927  -1.11126972859  -1.11395639835
0.4   0.2  -0.6  0.601432077784  2.23182402539e-06  0.398565690392  1.0  -0.2  0.202868619215  4.46364805078e-06  1140.0  10.1793911849  -1.11095239052  -1.113820117
0.4   0.2  -0.6  0.601638939973  2.51080202832e-06  0.398358549225  1.0  -0.2  0.20328290155   5.02160405664e-06  1150.0  10.0908747398  -1.11045041471  -1.11373231194
0.4   0.2  -0.6  0.60164354311   2.37131302637e-06  0.398354085577  1.0  -0.2  0.203291828846  4.74262605273e-06  1160.0  10.0038844403  -1.11035697182  -1.11364785214
0.4   0.2  -0.6  0.601872305072  2.78978003125e-06  0.398124905147  1.0  -0.2  0.203750189705  5.5795600625e-06   1170.0  9.91838115449  -1.10977618432  -1.11352525812
0.4   0.2  -0.6  0.602166766355  3.20824703613e-06  0.397830025398  1.0  -0.2  0.204339949204  6.41649407227e-06  1180.0  9.83432707691  -1.10908425148  -1.11342291739
0.4   0.2  -0.6  0.602226328158  4.60313705176e-06  0.397769068704  1.0  -0.2  0.204461862591  9.20627410352e-06  1190.0  9.7516856729   -1.10884980786  -1.1133098292
0.4   0.2  -0.6  0.602424960497  2.51080202832e-06  0.397572528701  1.0  -0.2  0.204854942597  5.02160405664e-06  1200.0  9.67042162562  -1.10834262288  -1.11319656116
0.4   0.2  -0.6  0.602584675404  4.60313705176e-06  0.397410721459  1.0  -0.2  0.205178557081  9.20627410352e-06  1210.0  9.59050078574  -1.10794540394  -1.11312211977
0.4   0.2  -0.6  0.602916380249  7.81138408789e-06  0.397075808367  1.0  -0.2  0.205848383267  1.56227681758e-05  1220.0  9.51189012357  -1.10709497941  -1.11294023812
0.4   0.2  -0.6  0.603035503857  7.81138408789e-06  0.396956684759  1.0  -0.2  0.206086630481  1.56227681758e-05  1230.0  9.43455768354  -1.10674985446  -1.11283336039
0.4   0.2  -0.6  0.603107061714  6.97445007813e-06  0.396885963836  1.0  -0.2  0.206228072329  1.39489001563e-05  1240.0  9.35847254093  -1.10653918235  -1.11276446489
0.4   0.2  -0.6  0.603419656567  8.92729610059e-06  0.396571416137  1.0  -0.2  0.206857167726  1.78545922012e-05  1250.0  9.2836047606   -1.10576570346  -1.11261930027
0.4   0.2  -0.6  0.603541290976  8.09036209082e-06  0.396450618662  1.0  -0.2  0.207098762677  1.61807241816e-05  1260.0  9.20992535774  -1.1054265771   -1.11252210363
0.4   0.2  -0.6  0.603784141328  1.08801421221e-05  0.39620497853   1.0  -0.2  0.20759004294   2.17602842441e-05  1270.0  9.13740626043  -1.10481222175  -1.11239791263
0.4   0.2  -0.6  0.603956968201  1.04616751182e-05  0.396032570124  1.0  -0.2  0.207934859752  2.09233502363e-05  1280.0  9.06602027402  -1.10435600498  -1.11228668006
0.4   0.2  -0.6  0.604101199829  8.78780709863e-06  0.395890012364  1.0  -0.2  0.208219975271  1.75756141973e-05  1290.0  8.99574104709  -1.10397464109  -1.11219110124
0.4   0.2  -0.6  0.604189635856  1.40883891592e-05  0.395796275755  1.0  -0.2  0.20840744849   2.81767783184e-05  1300.0  8.92654303904  -1.10367231471  -1.11207412784
0.4   0.2  -0.6  0.604432346718  1.50648121699e-05  0.39555258847   1.0  -0.2  0.208894823061  3.01296243398e-05  1310.0  8.85840148912  -1.10304628322  -1.11193508035
0.4   0.2  -0.6  0.604513808295  1.32514551494e-05  0.39547294025   1.0  -0.2  0.209054119501  2.65029102988e-05  1320.0  8.79129238693  -1.10284828796  -1.11189710688
0.4   0.2  -0.6  0.604677428894  1.64597021855e-05  0.395306111404  1.0  -0.2  0.209387777193  3.29194043711e-05  1330.0  8.72519244417  -1.10234534229  -1.1117265356
0.4   0.2  -0.6  0.604883872616  1.81335702041e-05  0.395097993813  1.0  -0.2  0.209804012373  3.62671404082e-05  1340.0  8.66007906772  -1.10181054944  -1.11160730838
0.4   0.2  -0.6  0.605097569767  1.60412351807e-05  0.394886388998  1.0  -0.2  0.210227222004  3.20824703613e-05  1350.0  8.59593033389  -1.10130989769  -1.1115307032
0.4   0.2  -0.6  0.605314893631  2.32946632627e-05  0.394661811705  1.0  -0.2  0.210676376589  4.65893265254e-05  1360.0  8.53272496379  -1.10072906071  -1.11139611943
0.4   0.2  -0.6  0.605613818562  1.64597021855e-05  0.394369721736  1.0  -0.2  0.211260556528  3.29194043711e-05  1370.0  8.47044229982  -1.10001125938  -1.11126523203
0.4   0.2  -0.6  0.605724851807  2.07838612344e-05  0.394254364332  1.0  -0.2  0.211491271336  4.15677224687e-05  1380.0  8.40906228315  -1.09969579635  -1.11117875414
0.4   0.2  -0.6  0.60584174359   2.45500642764e-05  0.394133706346  1.0  -0.2  0.211732587309  4.91001285527e-05  1390.0  8.34856543219  -1.0993220435   -1.11104481078
0.4   0.2  -0.6  0.606074132267  2.30156852588e-05  0.393902852048  1.0  -0.2  0.212194295904  4.60313705176e-05  1400.0  8.28893282196  -1.09874221127  -1.1109273009
0.4   0.2  -0.6  0.606351296913  2.60844432939e-05  0.393622618644  1.0  -0.2  0.212754762712  5.21688865879e-05  1410.0  8.23014606436  -1.09805233024  -1.11079665918
0.4   0.2  -0.6  0.606388261498  2.90137123271e-05  0.393582724789  1.0  -0.2  0.212834550421  5.80274246543e-05  1420.0  8.17218728926  -1.09782036525  -1.11064331019
0.4   0.2  -0.6  0.606753164726  2.62239322949e-05  0.393220611341  1.0  -0.2  0.213558777318  5.24478645898e-05  1430.0  8.1150391264   -1.09700546249  -1.11055375024
0.4   0.2  -0.6  0.606838253017  3.04086023428e-05  0.39313133838   1.0  -0.2  0.21373732324   6.08172046855e-05  1440.0  8.05868468802  -1.09672711929  -1.11045227909
0.4   0.2  -0.6  0.606884702855  3.25009373662e-05  0.393082796208  1.0  -0.2  0.213834407585  6.50018747324e-05  1450.0  8.00310755224  -1.09653196539  -1.1103533726
0.4   0.2  -0.6  0.607174561     3.37563383799e-05  0.392791682661  1.0  -0.2  0.214416634677  6.75126767598e-05  1460.0  7.94829174709  -1.09581645102  -1.11021958316
0.4   0.2  -0.6  0.607406949677  3.97543654482e-05  0.392553295958  1.0  -0.2  0.214893408085  7.95087308965e-05  1470.0  7.8942217352   -1.09523112851  -1.11010863485
0.4   0.2  -0.6  0.607544346343  4.01728324521e-05  0.392415480824  1.0  -0.2  0.215169038352  8.03456649043e-05  1480.0  7.84088239916  -1.0948197648   -1.10997273402
0.4   0.2  -0.6  0.607848292878  4.18467004717e-05  0.392109860422  1.0  -0.2  0.215780279157  8.36934009434e-05  1490.0  7.78825902735  -1.0940428276   -1.10980636808
0.4   0.2  -0.6  0.607863915646  4.39390354951e-05  0.392092145319  1.0  -0.2  0.215815709363  8.78780709902e-05  1500.0  7.7363373005   -1.09396432639  -1.10976246014
0.4   0.2  -0.6  0.608009402675  5.1889908585e-05   0.391938707417  1.0  -0.2  0.216122585166  0.00010377981717   1510.0  7.68510327864  -1.09356599318  -1.10966782238
0.4   0.2  -0.6  0.60818613524   5.67720236396e-05  0.391757092737  1.0  -0.2  0.216485814526  0.000113544047279  1520.0  7.63454338865  -1.0930891234   -1.10955222911
0.4   0.2  -0.6  0.608434146684  5.74694686475e-05  0.391508383847  1.0  -0.2  0.216983232306  0.000114938937295  1530.0  7.58464441225  -1.09242787189  -1.10938811641
0.4   0.2  -0.6  0.608620364502  6.06777156836e-05  0.391318957783  1.0  -0.2  0.217362084434  0.000121355431367  1540.0  7.53539347451  -1.09195020478  -1.10928801813
0.4   0.2  -0.6  0.60885386909   6.05382266816e-05  0.391085592683  1.0  -0.2  0.217828814634  0.000121076453363  1550.0  7.48677803274  -1.09135984799  -1.10916444733
0.4   0.2  -0.6  0.608901853307  6.58388087412e-05  0.391032307885  1.0  -0.2  0.217935384231  0.000131677617482  1560.0  7.43878586587  -1.09111703617  -1.10902608487
0.4   0.2  -0.6  0.609096300975  6.68152317529e-05  0.390836883793  1.0  -0.2  0.218326232413  0.000133630463506  1570.0  7.39140506417  -1.09061818827  -1.10891769459
0.4   0.2  -0.6  0.609364119858  7.51845718467e-05  0.39056069557   1.0  -0.2  0.218878608859  0.000150369143693  1580.0  7.34462401946  -1.08987902367  -1.1087275587
0.4   0.2  -0.6  0.609565541976  7.16973468076e-05  0.390362760677  1.0  -0.2  0.219274478646  0.000143394693615  1590.0  7.29843141557  -1.08938217614  -1.10862797585
0.4   0.2  -0.6  0.609657325739  8.18800439219e-05  0.390260794217  1.0  -0.2  0.219478411566  0.000163760087844  1600.0  7.25281621922  -1.08906916516  -1.10851482471
0.4   0.2  -0.6  0.609906871563  8.71806259824e-05  0.390005947811  1.0  -0.2  0.219988104378  0.000174361251965  1610.0  7.20776767127  -1.08844255058  -1.10839578271
0.4   0.2  -0.6  0.610043012829  0.000101408504143  0.389855578667  1.0  -0.2  0.220288842665  0.000202817008285  1620.0  7.16327527824  -1.08800075765  -1.10824903691
0.4   0.2  -0.6  0.610310134267  9.73633230967e-05  0.38959250241   1.0  -0.2  0.220814995179  0.000194726646193  1630.0  7.11932880414  -1.08737680811  -1.10815285796
0.4   0.2  -0.6  0.610359652862  0.000101547993144  0.389538799145  1.0  -0.2  0.22092240171   0.000203095986287  1640.0  7.07591826265  -1.08716015453  -1.10804193704
0.4   0.2  -0.6  0.610603758615  0.000112288646265  0.389283952739  1.0  -0.2  0.221432094522  0.000224577292529  1650.0  7.03303390954  -1.08646299884  -1.1078501779
0.4   0.2  -0.6  0.610793742635  0.000125958568419  0.389080298797  1.0  -0.2  0.221839402407  0.000251917136838  1660.0  6.99066623539  -1.08591240928  -1.10770142826
0.4   0.2  -0.6  0.611131863975  0.000139489001571  0.388728647024  1.0  -0.2  0.222542705953  0.000278978003143  1670.0  6.94880595853  -1.08507220929  -1.10755911964
0.4   0.2  -0.6  0.611032408317  0.000129306304456  0.388838285379  1.0  -0.2  0.222323429242  0.000258612608912  1680.0  6.9074440183   -1.08528399633  -1.10755570305
0.4   0.2  -0.6  0.611206490591  0.000133909441509  0.388659599968  1.0  -0.2  0.222680800064  0.000267818883018  1690.0  6.86657156849  -1.08473669765  -1.10736393393
0.4   0.2  -0.6  0.611574602066  0.000123447766391  0.388301950168  1.0  -0.2  0.223396099664  0.000246895532781  1700.0  6.82617997103  -1.0839406889   -1.10728740946
0.4   0.2  -0.6  0.611735014418  0.000154135346736  0.388110850236  1.0  -0.2  0.223778299529  0.000308270693473  1710.0  6.78626078991  -1.0833373898   -1.10705403519
0.4   0.2  -0.6  0.61195122237   0.000155251258749  0.387893526371  1.0  -0.2  0.224212947258  0.000310502517498  1720.0  6.74680578532  -1.08279837445  -1.10694922121
0.4   0.2  -0.6  0.612049283138  0.000165573444865  0.387785143417  1.0  -0.2  0.224429713166  0.00033114688973   1730.0  6.70780690795  -1.08247568381  -1.1068391676
0.4   0.2  -0.6  0.61218877214   0.000180498768033  0.387630729092  1.0  -0.2  0.224738541815  0.000360997536066  1740.0  6.66925629353  -1.08199141384  -1.10665775615
0.4   0.2  -0.6  0.612380569517  0.000177290520997  0.387442139962  1.0  -0.2  0.225115720076  0.000354581041994  1750.0  6.63114625757  -1.0815534321   -1.10659823596
0.4   0.2  -0.6  0.612518524139  0.00017840643301   0.387303069428  1.0  -0.2  0.225393861145  0.00035681286602   1760.0  6.5934692902   -1.08110764537  -1.10643014394
0.4   0.2  -0.6  0.612754957997  0.000187752196115  0.387057289807  1.0  -0.2  0.225885420386  0.00037550439223   1770.0  6.55621805127  -1.0805225763   -1.1063328958
0.4   0.2  -0.6  0.612757050332  0.000205467299314  0.387037482369  1.0  -0.2  0.225925035263  0.000410934598629  1780.0  6.51938536559  -1.0803713399   -1.10621418825
0.4   0.2  -0.6  0.6130884762    0.000224019336523  0.386687504464  1.0  -0.2  0.226624991073  0.000448038673047  1790.0  6.4829642183   -1.07947967485  -1.10601505819
0.4   0.2  -0.6  0.613231173448  0.000213697150407  0.386555129401  1.0  -0.2  0.226889741198  0.000427394300814  1800.0  6.44694775042  -1.07909088762  -1.10589514996
0.4   0.2  -0.6  0.613433014034  0.000230993786602  0.38633599218   1.0  -0.2  0.227328015641  0.000461987573203  1810.0  6.41132925456  -1.07845932456  -1.10569494268
0.4   0.2  -0.6  0.613616163093  0.000237689258678  0.386146147649  1.0  -0.2  0.227707704703  0.000475378517355  1820.0  6.37610217074  -1.07795657687  -1.10556920587
0.4   0.2  -0.6  0.613633599218  0.000260844432938  0.386105556349  1.0  -0.2  0.227788887302  0.000521688865877  1830.0  6.34126008238  -1.07777596981  -1.10546051934
0.4   0.2  -0.6  0.613811029228  0.000265866036995  0.385923104735  1.0  -0.2  0.22815379053   0.00053173207399   1840.0  6.30679671236  -1.07725362182  -1.10530106594
0.4   0.2  -0.6  0.614104235109  0.000296414128339  0.385599350762  1.0  -0.2  0.228801298475  0.000592828256678  1850.0  6.27270591932  -1.07641819691  -1.10510092974
0.4   0.2  -0.6  0.614233959881  0.000301156754393  0.385464883365  1.0  -0.2  0.22907023327   0.000602313508785  1860.0  6.23898169395  -1.07598401471  -1.10493378528
0.4   0.2  -0.6  0.614348061884  0.000306596825453  0.385345341291  1.0  -0.2  0.229309317419  0.000613193650906  1870.0  6.20561815548  -1.07568373046  -1.10487040915
0.4   0.2  -0.6  0.614554226628  0.000310642006499  0.385135131365  1.0  -0.2  0.22972973727   0.000621284012998  1880.0  6.17260954827  -1.07516392938  -1.10476940985
0.4   0.2  -0.6  0.614711291244  0.000318174412584  0.384970534343  1.0  -0.2  0.230058931313  0.000636348825168  1890.0  6.13995023849  -1.07471676805  -1.1046484296
0.4   0.2  -0.6  0.614788847129  0.000334494625768  0.384876658245  1.0  -0.2  0.230246683509  0.000668989251535  1900.0  6.10763471092  -1.0743847081   -1.10449759376
0.4   0.2  -0.6  0.615019143471  0.000366437607128  0.384614418922  1.0  -0.2  0.230771162155  0.000732875214256  1910.0  6.07565756584  -1.07362550147  -1.10425008858
0.4   0.2  -0.6  0.61520508231   0.000361276514069  0.384433641176  1.0  -0.2  0.231132717647  0.000722553028139  1920.0  6.04401351602  -1.07323525778  -1.10422346482
0.4   0.2  -0.6  0.615334249125  0.000375504392229  0.384290246483  1.0  -0.2  0.231419507035  0.000751008784459  1930.0  6.01269738381  -1.07274319187  -1.10401249715
0.4   0.2  -0.6  0.615528975771  0.000394893363448  0.384076130865  1.0  -0.2  0.23184773827   0.000789786726896  1940.0  5.98170409833  -1.07219248484  -1.10388226576
0.4   0.2  -0.6  0.615551154523  0.000398380588487  0.384050464889  1.0  -0.2  0.231899070222  0.000796761176975  1950.0  5.95102869269  -1.07202456825  -1.10376428623
0.4   0.2  -0.6  0.615808232752  0.000431718459863  0.383760048788  1.0  -0.2  0.232479902425  0.000863436919727  1960.0  5.9206663014   -1.07126328601  -1.10357050105
0.4   0.2  -0.6  0.616084839443  0.000434229261892  0.383480931296  1.0  -0.2  0.233038137409  0.000868458523783  1970.0  5.89061215774  -1.07051062774  -1.10337507345
0.4   0.2  -0.6  0.616151236207  0.000452362832096  0.383396400961  1.0  -0.2  0.233207198079  0.000904725664191  1980.0  5.86086159129  -1.07024172925  -1.1032679822
0.4   0.2  -0.6  0.616392412691  0.000444551448008  0.383163035861  1.0  -0.2  0.233673928278  0.000889102896016  1990.0  5.8314100255   -1.06964954952  -1.10314565722
0.4   0.2  -0.6  0.616448208292  0.000484305813455  0.383067485895  1.0  -0.2  0.23386502821   0.00096861162691   2000.0  5.80225297537  -1.06927540946  -1.10294671534
0.4   0.2  -0.6  0.61656998219   0.000488769461506  0.382941248348  1.0  -0.2  0.234117503303  0.000977538923012  2010.0  5.77338604515  -1.06893501887  -1.10285701439
0.4   0.2  -0.6  0.61683821954   0.000518201640837  0.382643578819  1.0  -0.2  0.234712842362  0.00103640328167   2020.0  5.74480492611  -1.06812031927  -1.10262588097
0.4   0.2  -0.6  0.617018997286  0.000499928581631  0.382481074132  1.0  -0.2  0.235037851735  0.000999857163262  2030.0  5.71650539446  -1.06774432924  -1.10258220955
0.4   0.2  -0.6  0.617264776907  0.000572183884445  0.382163039209  1.0  -0.2  0.235673921583  0.00114436776889   2040.0  5.68848330919  -1.06683013941  -1.10227518744
0.4   0.2  -0.6  0.617391990876  0.000564233011355  0.382043776112  1.0  -0.2  0.235912447775  0.00112846602271   2050.0  5.66073461012  -1.06642050063  -1.1021072552
0.4   0.2  -0.6  0.617442067428  0.000589759498643  0.381968173073  1.0  -0.2  0.236063653853  0.00117951899729   2060.0  5.6332553159   -1.06619001214  -1.1020177622
0.4   0.2  -0.6  0.617610988609  0.000614588540923  0.38177442285   1.0  -0.2  0.236451154299  0.00122917708185   2070.0  5.6060415221   -1.06566284528  -1.10186816416
0.4   0.2  -0.6  0.617825383204  0.00062853744108   0.381546079355  1.0  -0.2  0.236907841291  0.00125707488216   2080.0  5.5790893994   -1.06504030495  -1.10169673127
0.4   0.2  -0.6  0.617971707167  0.000644578676261  0.381383714157  1.0  -0.2  0.237232571686  0.00128915735252   2090.0  5.55239519175  -1.06455748938  -1.1015322296
0.4   0.2  -0.6  0.618102268872  0.000686425376731  0.381211305751  1.0  -0.2  0.237577388498  0.00137285075346   2100.0  5.52595521464  -1.06403254747  -1.10133536582
0.4   0.2  -0.6  0.618208977959  0.000683356618697  0.381107665423  1.0  -0.2  0.237784669154  0.00136671323739   2110.0  5.49976585344  -1.06375089098  -1.10126221748
0.4   0.2  -0.6  0.618423233065  0.000714881133053  0.380861885802  1.0  -0.2  0.238276228396  0.00142976226611   2120.0  5.47382356168  -1.06302075244  -1.10101102839
0.4   0.2  -0.6  0.618471635748  0.000729527478218  0.380798836773  1.0  -0.2  0.238402326453  0.00145905495644   2130.0  5.44812485951  -1.06273453341  -1.10084504887
0.4   0.2  -0.6  0.618812128401  0.000781417386802  0.380406454212  1.0  -0.2  0.239187091576  0.0015628347736    2140.0  5.42266633213  -1.06169323571  -1.10056776033
0.4   0.2  -0.6  0.6186726394    0.00079104212791   0.380536318472  1.0  -0.2  0.238927363055  0.00158208425582   2150.0  5.39744462826  -1.06190645865  -1.10051740485
0.4   0.2  -0.6  0.618917163619  0.000811686500143  0.38027114988   1.0  -0.2  0.239457700239  0.00162337300029   2160.0  5.37245645868  -1.06122684389  -1.10035986953
0.4   0.2  -0.6  0.61918819075   0.000850882909584  0.379960926341  1.0  -0.2  0.240078147318  0.00170176581917   2170.0  5.34769859482  -1.0603587658   -1.10009655995
0.4   0.2  -0.6  0.619311638516  0.000839584300457  0.379848777184  1.0  -0.2  0.240302445633  0.00167916860091   2180.0  5.32316786732  -1.06004680724  -1.10001341915
0.4   0.2  -0.6  0.619539982011  0.000879617643908  0.379580400345  1.0  -0.2  0.240839199311  0.00175923528782   2190.0  5.29886116473  -1.05929606754  -1.09978341979
0.4   0.2  -0.6  0.619580294333  0.000923138212398  0.379496567455  1.0  -0.2  0.241006865091  0.0018462764248    2200.0  5.27477543216  -1.05901086917  -1.09964847898
0.4   0.2  -0.6  0.619813101477  0.000930810107484  0.379256088416  1.0  -0.2  0.241487823168  0.00186162021497   2210.0  5.25090767002  -1.05829768142  -1.09941318054
0.4   0.2  -0.6  0.619885077801  0.000952291413727  0.379162630785  1.0  -0.2  0.24167473843   0.00190458282745   2220.0  5.22725493277  -1.05798291493  -1.09927673679
0.4   0.2  -0.6  0.620151641283  0.000960660753821  0.378887697963  1.0  -0.2  0.242224604074  0.00192132150764   2230.0  5.20381432769  -1.05730670379  -1.09914704357
0.4   0.2  -0.6  0.620244959425  0.00101743277746   0.378737607797  1.0  -0.2  0.242524784406  0.00203486555492   2240.0  5.18058301373  -1.05676951073  -1.09888732202
0.4   0.2  -0.6  0.620280389632  0.00104574904478   0.378673861323  1.0  -0.2  0.242652277353  0.00209149808956   2250.0  5.15755820033  -1.05648915247  -1.09872313021
0.4   0.2  -0.6  0.620475953212  0.00109470968433   0.378429337104  1.0  -0.2  0.243141325793  0.00218941936866   2260.0  5.13473714635  -1.05578237177  -1.09848581369
0.4   0.2  -0.6  0.620757163039  0.00109066450329   0.378152172458  1.0  -0.2  0.243695655085  0.00218132900657   2270.0  5.11211715892  -1.05509115451  -1.0983505438
0.4   0.2  -0.6  0.620895675618  0.00114855243894   0.377955771943  1.0  -0.2  0.244088456113  0.00229710487788   2280.0  5.08969559243  -1.0544117176   -1.09804075274
0.4   0.2  -0.6  0.620888561679  0.00117965848629   0.377931779835  1.0  -0.2  0.24413644033   0.00235931697258   2290.0  5.06746984749  -1.05425651984  -1.09792109678
0.4   0.2  -0.6  0.621027911191  0.00120895117662   0.377763137632  1.0  -0.2  0.244473724736  0.00241790235323   2300.0  5.04543736989  -1.05370816649  -1.09769831075
0.4   0.2  -0.6  0.621105885543  0.00124703167405   0.377647082783  1.0  -0.2  0.244705834434  0.00249406334809   2310.0  5.02359564968  -1.05335688866  -1.09756391043
0.4   0.2  -0.6  0.62127815446   0.0012602831292    0.377461562411  1.0  -0.2  0.245076875179  0.00252056625839   2320.0  5.00194222015  -1.05285086846  -1.09742363039
0.4   0.2  -0.6  0.621493804457  0.00127478998536   0.377231405558  1.0  -0.2  0.245537188884  0.00254957997072   2330.0  4.98047465697  -1.05220490295  -1.09723217584
0.4   0.2  -0.6  0.621711825766  0.00131803157585   0.376970142658  1.0  -0.2  0.246059714684  0.00263606315169   2340.0  4.95919057724  -1.05144618692  -1.09697868898
0.4   0.2  -0.6  0.621560759177  0.00136448141337   0.377074759409  1.0  -0.2  0.245850481181  0.00272896282674   2350.0  4.93808763862  -1.05155627134  -1.09686095995
0.4   0.2  -0.6  0.621762460274  0.001420555992     0.376816983734  1.0  -0.2  0.246366032531  0.002841111984     2360.0  4.91716353845  -1.05074053561  -1.09653834574
0.4   0.2  -0.6  0.621984108297  0.00145961291244   0.376556278791  1.0  -0.2  0.246887442419  0.00291922582488   2370.0  4.89641601298  -1.04999765394  -1.09630125119
0.4   0.2  -0.6  0.622133501018  0.00146044984645   0.376406049136  1.0  -0.2  0.247187901728  0.0029208996929    2380.0  4.87584283645  -1.0496096822   -1.09621340399
0.4   0.2  -0.6  0.622147310429  0.001509689464     0.376343000107  1.0  -0.2  0.247313999786  0.00301937892801   2390.0  4.8554418204   -1.04933958467  -1.09604970867
0.4   0.2  -0.6  0.622410386686  0.00155502338952   0.376034589925  1.0  -0.2  0.247930820151  0.00311004677903   2400.0  4.83521081281  -1.04841304815  -1.09572185894
