#mu0             mu1             mu2             x0              x1                 x2              mua   mub  xa                  xb                 T       b              u               phi
-0.433333333333  0.266666666667  0.166666666667  0.5             0.0                0.5             -0.6  0.7  0.0                 0.0                30.0    386.816865025  -1.31774118     -1.05107451333
-0.433333333333  0.266666666667  0.166666666667  0.5             0.0                0.5             -0.6  0.7  0.0                 0.0                40.0    290.112648769  -1.31774118     -1.05107451333
-0.433333333333  0.266666666667  0.166666666667  0.5             0.0                0.5             -0.6  0.7  0.0                 0.0                50.0    232.090119015  -1.31774118     -1.05107451333
-0.433333333333  0.266666666667  0.166666666667  0.5             0.0                0.5             -0.6  0.7  0.0                 0.0                60.0    193.408432513  -1.31774118     -1.05107451333
-0.433333333333  0.266666666667  0.166666666667  0.5             0.0                0.5             -0.6  0.7  0.0                 0.0                70.0    165.778656439  -1.31774118     -1.05107451333
-0.433333333333  0.266666666667  0.166666666667  0.5             0.0                0.5             -0.6  0.7  0.0                 0.0                80.0    145.056324384  -1.31774118     -1.05107451333
-0.433333333333  0.266666666667  0.166666666667  0.5             0.0                0.5             -0.6  0.7  0.0                 0.0                90.0    128.938955008  -1.31774118     -1.05107451333
-0.433333333333  0.266666666667  0.166666666667  0.5             0.0                0.5             -0.6  0.7  0.0                 0.0                100.0   116.045059507  -1.31774118     -1.05107451333
-0.433333333333  0.266666666667  0.166666666667  0.5             0.0                0.5             -0.6  0.7  0.0                 0.0                110.0   105.495508643  -1.31774118     -1.05107451333
-0.433333333333  0.266666666667  0.166666666667  0.5             0.0                0.5             -0.6  0.7  0.0                 0.0                120.0   96.7042162563  -1.31774118     -1.05107451333
-0.433333333333  0.266666666667  0.166666666667  0.5             0.0                0.5             -0.6  0.7  0.0                 0.0                130.0   89.2654303904  -1.31774118     -1.05107451333
-0.433333333333  0.266666666667  0.166666666667  0.5             0.0                0.5             -0.6  0.7  0.0                 0.0                140.0   82.8893282196  -1.31774118     -1.05107451333
-0.433333333333  0.266666666667  0.166666666667  0.5             0.0                0.5             -0.6  0.7  0.0                 0.0                150.0   77.363373005   -1.31774118     -1.05107451333
-0.433333333333  0.266666666667  0.166666666667  0.5             0.0                0.5             -0.6  0.7  0.0                 0.0                160.0   72.5281621922  -1.31774118     -1.05107451333
-0.433333333333  0.266666666667  0.166666666667  0.5             0.0                0.5             -0.6  0.7  0.0                 0.0                170.0   68.2617997103  -1.31774118     -1.05107451333
-0.433333333333  0.266666666667  0.166666666667  0.5             0.0                0.5             -0.6  0.7  0.0                 0.0                180.0   64.4694775042  -1.31774118     -1.05107451333
-0.433333333333  0.266666666667  0.166666666667  0.5             0.0                0.5             -0.6  0.7  0.0                 0.0                190.0   61.0763471092  -1.31774118     -1.05107451333
-0.433333333333  0.266666666667  0.166666666667  0.5             0.0                0.5             -0.6  0.7  0.0                 0.0                200.0   58.0225297537  -1.31774118     -1.05107451333
-0.433333333333  0.266666666667  0.166666666667  0.5             0.0                0.5             -0.6  0.7  0.0                 0.0                210.0   55.2595521464  -1.31774118     -1.05107451333
-0.433333333333  0.266666666667  0.166666666667  0.5             0.0                0.5             -0.6  0.7  0.0                 0.0                220.0   52.7477543216  -1.31774118     -1.05107451333
-0.433333333333  0.266666666667  0.166666666667  0.5             0.0                0.5             -0.6  0.7  0.0                 0.0                230.0   50.4543736989  -1.31774118     -1.05107451333
-0.433333333333  0.266666666667  0.166666666667  0.5             0.0                0.5             -0.6  0.7  0.0                 0.0                240.0   48.3521081281  -1.31774118     -1.05107451333
-0.433333333333  0.266666666667  0.166666666667  0.5             0.0                0.5             -0.6  0.7  0.0                 0.0                250.0   46.418023803   -1.31774118     -1.05107451333
-0.433333333333  0.266666666667  0.166666666667  0.499999860511  1.39489001953e-07  0.5             -0.6  0.7  4.84892480985e-17   2.78978003906e-07  260.0   44.6327151952  -1.3177408845   -1.05107441312
-0.433333333333  0.266666666667  0.166666666667  0.499999860511  1.39489001953e-07  0.5             -0.6  0.7  4.84892480985e-17   2.78978003906e-07  270.0   42.9796516694  -1.3177408845   -1.05107441312
-0.433333333333  0.266666666667  0.166666666667  0.5             0.0                0.5             -0.6  0.7  0.0                 0.0                280.0   41.4446641098  -1.31774118     -1.05107451333
-0.433333333333  0.266666666667  0.166666666667  0.499999581533  4.18467004883e-07  0.5             -0.6  0.7  5.70836678978e-17   8.36934009766e-07  290.0   40.0155377612  -1.3177402935   -1.05107421269
-0.433333333333  0.266666666667  0.166666666667  0.499999860511  1.39489001953e-07  0.5             -0.6  0.7  4.84892480985e-17   2.78978003906e-07  300.0   38.6816865025  -1.3177408845   -1.05107441312
-0.433333333333  0.266666666667  0.166666666667  0.499999581533  4.18467004883e-07  0.5             -0.6  0.7  5.70836678978e-17   8.36934009766e-07  310.0   37.4338901637  -1.3177402935   -1.05107421269
-0.433333333333  0.266666666667  0.166666666667  0.499998884088  1.1159120127e-06   0.5             -0.6  0.7  1.17394531325e-17   2.23182402539e-06  320.0   36.2640810961  -1.317738816    -1.05107371161
-0.433333333333  0.266666666667  0.166666666667  0.49999860511   1.39489001563e-06  0.5             -0.6  0.7  2.03338729318e-17   2.78978003125e-06  330.0   35.1651695477  -1.317738225    -1.05107351118
-0.433333333333  0.266666666667  0.166666666667  0.499996791753  3.20824703613e-06  0.5             -0.6  0.7  -1.32708887011e-17  6.41649407227e-06  340.0   34.1308998551  -1.31773438349  -1.05107220837
-0.433333333333  0.266666666667  0.166666666667  0.499994978396  5.02160405664e-06  0.5             -0.6  0.7  6.41466521285e-17   1.00432081133e-05  350.0   33.1557312879  -1.31773054199  -1.05107090557
-0.433333333333  0.266666666667  0.166666666667  0.499994559929  5.44007106152e-06  0.5             -0.6  0.7  1.02075940474e-17   1.0880142123e-05   360.0   32.2347387521  -1.31772965549  -1.05107060492
-0.433333333333  0.266666666667  0.166666666667  0.499994001973  5.99802706738e-06  0.5             -0.6  0.7  2.7396433646e-17    1.19960541348e-05  370.0   31.3635295966  -1.31772847349  -1.05107020406
-0.433333333333  0.266666666667  0.166666666667  0.499992746572  7.25342808203e-06  0.5             -0.6  0.7  -2.33967440691e-17  1.45068561641e-05  380.0   30.5381735546  -1.31772581399  -1.05106930212
-0.433333333333  0.266666666667  0.166666666667  0.499988561902  1.14380981289e-05  0.5             -0.6  0.7  3.76048747263e-17   2.28761962578e-05  390.0   29.7551434635  -1.31771694898  -1.05106629565
-0.433333333333  0.266666666667  0.166666666667  0.499987027523  1.29724771465e-05  0.5             -0.6  0.7  -4.59430670591e-18  2.5944954293e-05   400.0   29.0112648769  -1.31771369847  -1.05106519328
-0.433333333333  0.266666666667  0.166666666667  0.499980053073  1.99469272246e-05  0.5             -0.6  0.7  -1.39489385754e-17  3.98938544492e-05  410.0   28.3036730506  -1.31769892072  -1.05106017975
-0.433333333333  0.266666666667  0.166666666667  0.499974473513  2.55264872871e-05  0.5             -0.6  0.7  6.73865531518e-17   5.10529745742e-05  420.0   27.6297760732  -1.31768711153  -1.05105618194
-0.433333333333  0.266666666667  0.166666666667  0.499968196508  3.18034923584e-05  0.5             -0.6  0.7  8.07391805323e-17   6.36069847168e-05  430.0   26.9872231413  -1.31767381344  -1.05105167166
-0.433333333333  0.266666666667  0.166666666667  0.499960524613  3.94753874443e-05  0.5             -0.6  0.7  2.60411809304e-17   7.89507748887e-05  440.0   26.3738771608  -1.31765754794  -1.05104614682
-0.433333333333  0.266666666667  0.166666666667  0.499952573739  4.74262605342e-05  0.5             -0.6  0.7  6.83250656573e-17   9.48525210684e-05  450.0   25.7877910017  -1.31764070535  -1.05104043545
-0.433333333333  0.266666666667  0.166666666667  0.499942948998  5.70510016426e-05  0.5             -0.6  0.7  -8.25145615897e-17  0.000114102003285  460.0   25.2271868495  -1.31762034455  -1.05103354928
-0.433333333333  0.266666666667  0.166666666667  0.499929279076  7.07209237969e-05  0.5             -0.6  0.7  -2.14265454337e-17  0.000141441847594  470.0   24.6904381931  -1.31759136109  -1.05102370372
-0.433333333333  0.266666666667  0.166666666667  0.499915330176  8.46698239541e-05  0.5             -0.6  0.7  4.82469966756e-17   0.000169339647908  480.0   24.1760540641  -1.31756184892  -1.05101372001
-0.433333333333  0.266666666667  0.166666666667  0.499891338068  0.000108661932224  0.5             -0.6  0.7  -6.42118736655e-17  0.000217323864447  490.0   23.6826652056  -1.31751104954  -1.05099650958
-0.433333333333  0.266666666667  0.166666666667  0.499890780112  0.00010921988823   0.5             -0.6  0.7  4.13623128803e-17   0.000218439776461  500.0   23.2090119015  -1.31750982567  -1.05099606685
-0.433333333333  0.266666666667  0.166666666667  0.499871112163  0.000128887837452  0.5             -0.6  0.7  1.88109076926e-17   0.000257775674904  510.0   22.7539332368  -1.31746818061  -1.05098195691
-0.433333333333  0.266666666667  0.166666666667  0.499844051296  0.000155948703757  0.5             -0.6  0.7  4.40186082029e-17   0.000311897407514  520.0   22.3163575976  -1.31741083734  -1.05096249886
-0.433333333333  0.266666666667  0.166666666667  0.499816711452  0.000183288548064  0.5             -0.6  0.7  7.77915058758e-17   0.000366577096129  530.0   21.8952942467  -1.31735300301  -1.05094294031
-0.433333333333  0.266666666667  0.166666666667  0.499774446284  0.000225553715541  0.5             -0.6  0.7  1.08420217249e-17   0.000451107431082  540.0   21.4898258347  -1.31726352638  -1.05091263491
-0.433333333333  0.266666666667  0.166666666667  0.499748780308  0.00025121969183   0.5             -0.6  0.7  1.5720931501e-17    0.00050243938366   550.0   21.0991017286  -1.31720913545  -1.05089417635
-0.433333333333  0.266666666667  0.166666666667  0.499721440464  0.000278559536138  0.5             -0.6  0.7  4.9493829174e-17    0.000557119072275  560.0   20.7223320549  -1.3171512229   -1.05087453959
-0.433333333333  0.266666666667  0.166666666667  0.499660344281  0.000339655718826  0.5             -0.6  0.7  -4.31512464649e-17  0.000679311437652  570.0   20.3587823697  -1.31702195276  -1.0508308041
-0.433333333333  0.266666666667  0.166666666667  0.499605525104  0.000394474896443  0.5             -0.6  0.7  7.29125960997e-17   0.000788949792887  580.0   20.0077688806  -1.31690591377  -1.05079151196
-0.433333333333  0.266666666667  0.166666666667  0.499584322775  0.000415677224683  0.5             -0.6  0.7  8.13151629364e-18   0.000831354449365  590.0   19.6686541538  -1.316861055    -1.05077633645
-0.433333333333  0.266666666667  0.166666666667  0.499509417181  0.000490582818526  0.5             -0.6  0.7  -6.33174068732e-17  0.000981165637053  600.0   19.3408432512  -1.31670253331  -1.05072268259
-0.433333333333  0.266666666667  0.166666666667  0.499456969317  0.000543030683116  0.5             -0.6  0.7  -1.9190378453e-17   0.00108606136623   610.0   19.0237802471  -1.31659168087  -1.05068525716
-0.433333333333  0.266666666667  0.166666666667  0.499384853503  0.000615146496929  0.5             -0.6  0.7  -2.02745806255e-17  0.00123029299386   620.0   18.7169450819  -1.31643902785  -1.05063356627
-0.433333333333  0.266666666667  0.166666666667  0.499314551046  0.000685448953721  0.5             -0.6  0.7  1.22514845491e-17   0.00137089790744   630.0   18.4198507155  -1.31629014617  -1.05058310804
-0.433333333333  0.266666666667  0.166666666667  0.499232810491  0.000767189508642  0.5             -0.6  0.7  -2.87313575709e-17  0.00153437901728   640.0   18.132040548   -1.31611731512  -1.05052471377
-0.433333333333  0.266666666667  0.166666666667  0.499180362627  0.000819637373232  0.5             -0.6  0.7  -7.26415455565e-18  0.00163927474646   650.0   17.8530860781  -1.31600643637  -1.05048726202
-0.433333333333  0.266666666667  0.166666666667  0.499089694776  0.000910305224254  0.5             -0.6  0.7  6.84131570838e-17   0.00182061044851   660.0   17.5825847739  -1.31581467383  -1.05042243448
-0.433333333333  0.266666666667  0.166666666667  0.499022600566  0.00097739943401   0.5             -0.6  0.7  3.25260651746e-18   0.00195479886802   670.0   17.3201581354  -1.31567281341  -1.05037450595
-0.433333333333  0.266666666667  0.166666666667  0.498896223531  0.00110377646943   0.5             -0.6  0.7  1.25767452008e-17   0.00220755293887   680.0   17.0654499276  -1.31540591037  -1.05028453077
-0.433333333333  0.266666666667  0.166666666667  0.498785469263  0.00121453073668   0.5             -0.6  0.7  1.17093834628e-17   0.00242906147336   690.0   16.8181245663  -1.31517178391  -1.05020546027
-0.433333333333  0.266666666667  0.166666666667  0.498682386891  0.00131761310884   0.5             -0.6  0.7  -2.27682456222e-17  0.00263522621768   700.0   16.5778656439  -1.31495362449  -1.05013161617
-0.433333333333  0.266666666667  0.166666666667  0.498590045172  0.00140995482788   0.5             -0.6  0.7  -2.92734586571e-17  0.00281990965576   710.0   16.3443745785  -1.31475855207  -1.05006582216
-0.433333333333  0.266666666667  0.166666666667  0.498474548279  0.00152545172118   0.5             -0.6  0.7  -6.28837260042e-17  0.00305090344237   720.0   16.117369376   -1.31451461057  -1.04998357631
-0.433333333333  0.266666666667  0.166666666667  0.498329200739  0.00167079926082   0.5             -0.6  0.7  5.76795555762e-17   0.00334159852164   730.0   15.8965834942  -1.31420779559  -1.04988024788
-0.433333333333  0.266666666667  0.166666666667  0.49815442102   0.00184557897979   0.5             -0.6  0.7  -3.51281503885e-17  0.00369115795958   740.0   15.6817647983  -1.31383858385  -1.04975572776
-0.433333333333  0.266666666667  0.166666666667  0.498001680563  0.00199831943651   0.5             -0.6  0.7  4.46691295064e-17   0.00399663887302   750.0   15.472674601   -1.31351688319  -1.04964786373
-0.433333333333  0.266666666667  0.166666666667  0.497901387971  0.00209861202864   0.5             -0.6  0.7  8.06646416329e-17   0.00419722405728   760.0   15.2690867773  -1.31330524263  -1.04957663281
-0.433333333333  0.266666666667  0.166666666667  0.497712798841  0.00228720115876   0.5             -0.6  0.7  9.10729824888e-18   0.00457440231753   770.0   15.070786949   -1.31290682478  -1.04944223974
-0.433333333333  0.266666666667  0.166666666667  0.497536205765  0.00246379423475   0.5             -0.6  0.7  -6.07153216592e-18  0.0049275884695    780.0   14.8775717317  -1.31253487904  -1.0493175243
-0.433333333333  0.266666666667  0.166666666667  0.497373840567  0.00262615943258   0.5             -0.6  0.7  1.12757025938e-17   0.00525231886516   790.0   14.6892480389  -1.31219244273  -1.04920239927
-0.433333333333  0.266666666667  0.166666666667  0.497191388953  0.00280861104664   0.5             -0.6  0.7  -2.51534904017e-17  0.00561722209327   800.0   14.5056324384  -1.31180746902  -1.04907285782
-0.433333333333  0.266666666667  0.166666666667  0.497013958943  0.00298604105663   0.5             -0.6  0.7  7.3725747729e-17    0.00597208211327   810.0   14.3265505565  -1.31143299589  -1.04894678671
-0.433333333333  0.266666666667  0.166666666667  0.496857591773  0.0031424082274    0.5             -0.6  0.7  -4.72712147204e-17  0.00628481645479   820.0   14.1518365253  -1.31110387105  -1.04883657591
-0.433333333333  0.266666666667  0.166666666667  0.496657564544  0.00334243545565   0.5             -0.6  0.7  -8.10983225019e-17  0.0066848709113    830.0   13.9813324708  -1.31068111528  -1.04869385825
-0.433333333333  0.266666666667  0.166666666667  0.496473997018  0.00352600298172   0.5             -0.6  0.7  5.20417042793e-18   0.00705200596343   840.0   13.8148880366  -1.31029592873  -1.04856566624
-0.433333333333  0.266666666667  0.166666666667  0.496202830399  0.00379716960077   0.5             -0.6  0.7  6.93889390391e-18   0.00759433920154   850.0   13.6523599421  -1.30972526667  -1.04837463745
-0.433333333333  0.266666666667  0.166666666667  0.495988854271  0.00401114572918   0.5             -0.6  0.7  4.25007251614e-17   0.00802229145836   860.0   13.4936115706  -1.30927378071  -1.04822271807
-0.433333333333  0.266666666667  0.166666666667  0.495730939107  0.00426906089309   0.5             -0.6  0.7  4.07660016855e-17   0.00853812178617   870.0   13.3385125871  -1.30873081722  -1.04804083581
-0.433333333333  0.266666666667  0.166666666667  0.495528401077  0.00447159892337   0.5             -0.6  0.7  3.90312782095e-17   0.00894319784674   880.0   13.1869385804  -1.3083075583   -1.04790113012
-0.433333333333  0.266666666667  0.166666666667  0.495286387659  0.00471361234109   0.5             -0.6  0.7  -4.77048955894e-17  0.00942722468219   890.0   13.0387707312  -1.30779798744  -1.04773037805
-0.433333333333  0.266666666667  0.166666666667  0.495041863439  0.00495813656085   0.5             -0.6  0.7  -1.47451495458e-17  0.0099162731217    900.0   12.8938955008  -1.30728257945  -1.04755730397
-0.433333333333  0.266666666667  0.166666666667  0.494791341192  0.00520865880767   0.5             -0.6  0.7  6.93889390391e-17   0.0104173176153    910.0   12.7522043415  -1.30675743005  -1.04738288571
-0.433333333333  0.266666666667  0.166666666667  0.494527288512  0.00547271148764   0.5             -0.6  0.7  3.20923843056e-17   0.0109454229753    920.0   12.6135934247  -1.30620212835  -1.04719725776
-0.433333333333  0.266666666667  0.166666666667  0.494324471504  0.00567552849593   0.5             -0.6  0.7  3.90312782095e-17   0.0113510569919    930.0   12.4779633879  -1.30577566675  -1.04705473998
-0.433333333333  0.266666666667  0.166666666667  0.493978120313  0.00602187968683   0.5             -0.6  0.7  -2.25514051877e-17  0.0120437593737    940.0   12.3452190965  -1.30504657696  -1.04681054186
-0.433333333333  0.266666666667  0.166666666667  0.493717973325  0.00628202667476   0.5             -0.6  0.7  -8.67361737988e-19  0.0125640533495    950.0   12.2152694218  -1.30450400641  -1.04663217709
-0.433333333333  0.266666666667  0.166666666667  0.493362973816  0.00663702618376   0.5             -0.6  0.7  -6.50521303491e-17  0.0132740523675    960.0   12.088027032   -1.30376002594  -1.04638519593
-0.433333333333  0.266666666667  0.166666666667  0.493185962273  0.00681403772675   0.5             -0.6  0.7  -8.67361737988e-19  0.0136280754535    970.0   11.9634081967  -1.30338743036  -1.04626041651
-0.433333333333  0.266666666667  0.166666666667  0.492766239868  0.00723376013248   0.5             -0.6  0.7  -2.60208521397e-18  0.014467520265     980.0   11.8413326028  -1.30250544261  -1.04596604013
-0.433333333333  0.266666666667  0.166666666667  0.492545568267  0.00745443173297   0.5             -0.6  0.7  1.47451495458e-17   0.0149088634659    990.0   11.7217231826  -1.30204290543  -1.04581244319
-0.433333333333  0.266666666667  0.166666666667  0.492165879205  0.00783412079524   0.5             -0.6  0.7  1.56125112838e-17   0.0156682415905    1000.0  11.6045059507  -1.30125027654  -1.04555137899
-0.433333333333  0.266666666667  0.166666666667  0.491873370768  0.00812662923154   0.5             -0.6  0.7  2.25514051877e-17   0.0162532584631    1010.0  11.4896098522  -1.30063742064  -1.0453480349
-0.433333333333  0.266666666667  0.166666666667  0.491533994028  0.00846600597236   0.5             -0.6  0.7  -2.94902990916e-17  0.0169320119447    1020.0  11.3769666184  -1.29992298555  -1.04510872725
-0.433333333333  0.266666666667  0.166666666667  0.491300907906  0.00869909209399   0.5             -0.6  0.7  -1.04083408559e-17  0.017398184188     1030.0  11.2665106318  -1.29943926889  -1.04495133115
-0.433333333333  0.266666666667  0.166666666667  0.490886625571  0.00911337442865   0.5             -0.6  0.7  -2.25514051877e-17  0.0182267488573    1040.0  11.1581787988  -1.29856951147  -1.04466156901
-0.433333333333  0.266666666667  0.166666666667  0.490611134793  0.00938886520676   0.5             -0.6  0.7  0.0                 0.0187777304135    1050.0  11.0519104293  -1.2979905865   -1.04446833112
-0.433333333333  0.266666666667  0.166666666667  0.490197968371  0.00980203162941   0.5             -0.6  0.7  -2.25514051877e-17  0.0196040632588    1060.0  10.9476471233  -1.29713088584  -1.04418706345
-0.433333333333  0.266666666667  0.166666666667  0.489937821383  0.0100621786173    0.5             -0.6  0.7  -1.73472347598e-18  0.0201243572347    1070.0  10.8453326643  -1.29658727275  -1.04400765615
-0.433333333333  0.266666666667  0.166666666667  0.489479878991  0.0105201210095    0.5             -0.6  0.7  7.2858385991e-17    0.021040242019     1080.0  10.7449129174  -1.29563102315  -1.0436925259
-0.433333333333  0.266666666667  0.166666666667  0.489223777184  0.0107766412834    0.499999581533  -0.6  0.7  8.36934008725e-07   0.0215532825668    1090.0  10.6463357346  -1.29509383673  -1.0435139657
-0.433333333333  0.266666666667  0.166666666667  0.488888027157  0.0111119728432    0.5             -0.6  0.7  3.12250225676e-17   0.0222239456863    1100.0  10.5495508643  -1.29439192424  -1.04328201955
-0.433333333333  0.266666666667  0.166666666667  0.488403163387  0.0115968366126    0.5             -0.6  0.7  6.07153216592e-17   0.0231936732253    1110.0  10.4545098655  -1.29338039313  -1.04294929772
-0.433333333333  0.266666666667  0.166666666667  0.488181933831  0.0118180661691    0.5             -0.6  0.7  -3.81639164715e-17  0.0236361323382    1120.0  10.3611660275  -1.29291996164  -1.04279858761
-0.433333333333  0.266666666667  0.166666666667  0.487739893185  0.0122601068151    0.5             -0.6  0.7  6.24500451352e-17   0.0245202136302    1130.0  10.2694742927  -1.2919905731   -1.04248805597
-0.433333333333  0.266666666667  0.166666666667  0.487321984136  0.0126780158638    0.5             -0.6  0.7  -9.92261828259e-16  0.0253560317276    1140.0  10.1793911849  -1.29112537575  -1.0422079313
-0.433333333333  0.266666666667  0.166666666667  0.487171057036  0.0128289429635    0.5             -0.6  0.7  -1.38777878078e-17  0.025657885927     1150.0  10.0908747398  -1.29080201368  -1.04209586716
-0.433333333333  0.266666666667  0.166666666667  0.486607800448  0.0133921995518    0.5             -0.6  0.7  5.03069808033e-17   0.0267843991037    1160.0  10.0038844403  -1.28963033655  -1.04171274926
-0.433333333333  0.266666666667  0.166666666667  0.486342631856  0.0136573681438    0.5             -0.6  0.7  2.42861286637e-17   0.0273147362877    1170.0  9.91838115449  -1.28907671798  -1.04153036671
-0.433333333333  0.266666666667  0.166666666667  0.485807970513  0.0141920294869    0.5             -0.6  0.7  -5.20417042793e-18  0.0283840589737    1180.0  9.83432707691  -1.28795959931  -1.04116177393
-0.433333333333  0.266666666667  0.166666666667  0.485509045583  0.0144909544172    0.5             -0.6  0.7  -2.42861286637e-17  0.0289819088345    1190.0  9.7516856729   -1.28734174938  -1.0409624189
-0.433333333333  0.266666666667  0.166666666667  0.485044826186  0.0149553133035    0.499999860511  -0.6  0.7  2.78978003834e-07   0.0299106266069    1200.0  9.67042162562  -1.2863705641   -1.04064116867
-0.433333333333  0.266666666667  0.166666666667  0.484621058599  0.0153789414012    0.5             -0.6  0.7  -1.38777878078e-17  0.0307578828025    1210.0  9.59050078574  -1.28549568406  -1.04035953536
-0.433333333333  0.266666666667  0.166666666667  0.484410848673  0.0155891513266    0.5             -0.6  0.7  1.73472347598e-17   0.0311783026532    1220.0  9.51189012357  -1.2850495458   -1.04020769099
-0.433333333333  0.266666666667  0.166666666667  0.483854985002  0.0161450149979    0.5             -0.6  0.7  -5.55111512313e-17  0.0322900299957    1230.0  9.43455768354  -1.28389064644  -1.03982700077
-0.433333333333  0.266666666667  0.166666666667  0.483556478539  0.0164435214612    0.5             -0.6  0.7  -1.73472347598e-17  0.0328870429224    1240.0  9.35847254093  -1.28327091106  -1.03962517444
-0.433333333333  0.266666666667  0.166666666667  0.48320984837   0.0167901516301    0.5             -0.6  0.7  -7.2858385991e-17   0.0335803032602    1250.0  9.2836047606   -1.28254957889  -1.03938912451
-0.433333333333  0.266666666667  0.166666666667  0.48256443276   0.0174358462184    0.499999721022  -0.6  0.7  5.5795600586e-07    0.0348716924368    1260.0  9.20992535774  -1.28121148057  -1.03895466383
-0.433333333333  0.266666666667  0.166666666667  0.482372077426  0.0176279225736    0.5             -0.6  0.7  5.20417042793e-17   0.0352558451471    1270.0  9.13740626043  -1.280798161    -1.03881058594
-0.433333333333  0.266666666667  0.166666666667  0.481929060357  0.0180713581096    0.499999581533  -0.6  0.7  8.36934009693e-07   0.0361427162191    1280.0  9.06602027402  -1.27987183035  -1.03850456288
-0.433333333333  0.266666666667  0.166666666667  0.481525937143  0.0184740628571    0.5             -0.6  0.7  -5.89805981832e-17  0.0369481257142    1290.0  8.99574104709  -1.27903759206  -1.03823461339
-0.433333333333  0.266666666667  0.166666666667  0.481237334399  0.0187629445793    0.499999721022  -0.6  0.7  5.5795600586e-07    0.0375258891587    1300.0  8.92654303904  -1.27843872416  -1.03803984514
-0.433333333333  0.266666666667  0.166666666667  0.480754005008  0.0192466924368    0.499999302555  -0.6  0.7  1.39489001553e-06   0.0384933848736    1310.0  8.85840148912  -1.27742944868  -1.03770731449
-0.433333333333  0.266666666667  0.166666666667  0.480360227557  0.0196403303992    0.499999442044  -0.6  0.7  1.11591201168e-06   0.0392806607985    1320.0  8.79129238693  -1.27661002689  -1.03743915324
-0.433333333333  0.266666666667  0.166666666667  0.480069811456  0.0199301885445    0.5             -0.6  0.7  3.12250225676e-17   0.039860377089     1330.0  8.72519244417  -1.2760207013   -1.03725629859
-0.433333333333  0.266666666667  0.166666666667  0.479670454444  0.020329824534     0.499999721022  -0.6  0.7  5.57956005839e-07   0.040659649068     1340.0  8.66007906772  -1.27517185797  -1.03696661088
-0.433333333333  0.266666666667  0.166666666667  0.479210838184  0.0207906961952    0.499998465621  -0.6  0.7  3.06875803518e-06   0.0415813923904    1350.0  8.59593033389  -1.27420978282  -1.03664824958
-0.433333333333  0.266666666667  0.166666666667  0.47888861859   0.0211120788548    0.499999302555  -0.6  0.7  1.39489001554e-06   0.0422241577096    1360.0  8.53272496379  -1.27354757938  -1.03643698618
-0.433333333333  0.266666666667  0.166666666667  0.47843039722   0.021570579203     0.499999023577  -0.6  0.7  1.95284602147e-06   0.0431411584059    1370.0  8.47044229982  -1.27258412494  -1.03611509745
-0.433333333333  0.266666666667  0.166666666667  0.47794288316   0.0220579537745    0.499999163066  -0.6  0.7  1.6738680195e-06    0.0441159075489    1380.0  8.40906228315  -1.27157993328  -1.03579339758
-0.433333333333  0.266666666667  0.166666666667  0.477608528023  0.0223920299332    0.499999442044  -0.6  0.7  1.11591201167e-06   0.0447840598664    1390.0  8.34856543219  -1.27087172569  -1.03555323138
-0.433333333333  0.266666666667  0.166666666667  0.477203033495  0.0227982219058    0.499998744599  -0.6  0.7  2.51080202729e-06   0.0455964438116    1400.0  8.28893282196  -1.27003117961  -1.03528051713
-0.433333333333  0.266666666667  0.166666666667  0.476899505428  0.0231016104842    0.499998884088  -0.6  0.7  2.23182402539e-06   0.0462032209684    1410.0  8.23014606436  -1.26938722624  -1.03506147516
-0.433333333333  0.266666666667  0.166666666667  0.476357730146  0.0236436647443    0.49999860511   -0.6  0.7  2.78978003125e-06   0.0472873294886    1420.0  8.17218728926  -1.26825946999  -1.0346922601
-0.433333333333  0.266666666667  0.166666666667  0.476035650041  0.0239651868929    0.499999163066  -0.6  0.7  1.6738680195e-06    0.0479303737859    1430.0  8.1150391264   -1.2676005418   -1.03448413247
-0.433333333333  0.266666666667  0.166666666667  0.475631550404  0.0243699839755    0.499998465621  -0.6  0.7  3.06875803521e-06   0.048739967951     1440.0  8.05868468802  -1.26675617085  -1.0342056405
-0.433333333333  0.266666666667  0.166666666667  0.475181419395  0.0248192780496    0.499999302555  -0.6  0.7  1.39489001554e-06   0.0496385560991    1450.0  8.00310755224  -1.2658176409   -1.03389712657
-0.433333333333  0.266666666667  0.166666666667  0.474732404299  0.0252694090576    0.499998186643  -0.6  0.7  3.62671404099e-06   0.0505388181153    1460.0  7.94829174709  -1.26488200616  -1.03359033615
-0.433333333333  0.266666666667  0.166666666667  0.474686930885  0.0253141850271    0.499998884088  -0.6  0.7  2.23182402537e-06   0.0506283700543    1470.0  7.8942217352   -1.26478052772  -1.033552381
-0.433333333333  0.266666666667  0.166666666667  0.474052813884  0.0259498364073    0.499997349709  -0.6  0.7  5.30058205957e-06   0.0518996728146    1480.0  7.84088239916  -1.26345911215  -1.03311903611
-0.433333333333  0.266666666667  0.166666666667  0.473747193481  0.0262550383427    0.499997768176  -0.6  0.7  4.46364804971e-06   0.0525100766855    1490.0  7.78825902735  -1.26281660225  -1.03290431107
-0.433333333333  0.266666666667  0.166666666667  0.473329144944  0.0266742027925    0.499996652264  -0.6  0.7  6.6954720752e-06    0.0533484055849    1500.0  7.7363373005   -1.26194382085  -1.03261702081
-0.433333333333  0.266666666667  0.166666666667  0.472963683759  0.0270402219326    0.499996094308  -0.6  0.7  7.81138408791e-06   0.0540804438652    1510.0  7.68510327864  -1.26116877657  -1.03235373378
-0.433333333333  0.266666666667  0.166666666667  0.472567953462  0.02743455734      0.499997489198  -0.6  0.7  5.02160405661e-06   0.05486911468      1520.0  7.63454338865  -1.26035328987  -1.03209199051
-0.433333333333  0.266666666667  0.166666666667  0.472127028728  0.027876458497     0.499996512775  -0.6  0.7  6.97445007809e-06   0.055752916994     1530.0  7.58464441225  -1.25945018632  -1.03180637688
-0.433333333333  0.266666666667  0.166666666667  0.471802716799  0.0281996545136    0.499997628687  -0.6  0.7  4.74262605269e-06   0.0563993090273    1540.0  7.53539347451  -1.25874516567  -1.03155516975
-0.433333333333  0.266666666667  0.166666666667  0.4713905268    0.0286149132713    0.499994559929  -0.6  0.7  1.0880142123e-05    0.0572298265426    1550.0  7.48677803274  -1.25788481843  -1.03127250226
-0.433333333333  0.266666666667  0.166666666667  0.470955321115  0.0290470501982    0.499997628687  -0.6  0.7  4.74262605277e-06   0.0580941003964    1560.0  7.43878586587  -1.25699079608  -1.03098715411
-0.433333333333  0.266666666667  0.166666666667  0.470600600584  0.0294040025532    0.499995396863  -0.6  0.7  9.20627410357e-06   0.0588080051064    1570.0  7.39140506417  -1.25623977055  -1.03073318369
-0.433333333333  0.266666666667  0.166666666667  0.470344917244  0.0296595464041    0.499995536352  -0.6  0.7  8.92729609969e-06   0.0593190928082    1580.0  7.34462401946  -1.25568266792  -1.03053400985
-0.433333333333  0.266666666667  0.166666666667  0.469886416896  0.0301184652193    0.499995117885  -0.6  0.7  9.76423010937e-06   0.0602369304385    1590.0  7.29843141557  -1.25472918887  -1.03022251497
-0.433333333333  0.266666666667  0.166666666667  0.46940796962   0.0305969124946    0.499995117885  -0.6  0.7  9.76423010943e-06   0.0611938249893    1600.0  7.25281621922  -1.25373150313  -1.02989465541
-0.433333333333  0.266666666667  0.166666666667  0.46908812134   0.0309171792423    0.499994699418  -0.6  0.7  1.06011641191e-05   0.0618343584845    1610.0  7.20776767127  -1.25307085602  -1.0296818796
-0.433333333333  0.266666666667  0.166666666667  0.468879306304  0.0311321317937    0.499988561902  -0.6  0.7  2.28761962568e-05   0.0622642635873    1620.0  7.16327527824  -1.25260698548  -1.0295115776
-0.433333333333  0.266666666667  0.166666666667  0.468409646836  0.0315967696579    0.499993583506  -0.6  0.7  1.28329881446e-05   0.0631935393158    1630.0  7.11932880414  -1.25165095263  -1.0292120637
-0.433333333333  0.266666666667  0.166666666667  0.468204598004  0.0318014000232    0.499994001973  -0.6  0.7  1.19960541348e-05   0.0636028000464    1640.0  7.07591826265  -1.25120518373  -1.02905327946
-0.433333333333  0.266666666667  0.166666666667  0.467560716773  0.0324462576775    0.49999302555   -0.6  0.7  1.39489001562e-05   0.0648925153549    1650.0  7.03303390954  -1.24985429201  -1.02860401675
-0.433333333333  0.266666666667  0.166666666667  0.467341021595  0.0326621866519    0.499996791753  -0.6  0.7  6.41649407229e-06   0.0653243733038    1660.0  6.99066623539  -1.24939286768  -1.02844941243
-0.433333333333  0.266666666667  0.166666666667  0.467072505267  0.03293488765      0.499992607083  -0.6  0.7  1.4785834166e-05    0.0658697753       1670.0  6.94880595853  -1.24881739283  -1.02825069737
-0.433333333333  0.266666666667  0.166666666667  0.466512875393  0.0334939595683    0.499993165039  -0.6  0.7  1.36699221542e-05   0.0669879191366    1680.0  6.9074440183   -1.24764616588  -1.02786284066
-0.433333333333  0.266666666667  0.166666666667  0.466374362814  0.0336340065259    0.49999163066   -0.6  0.7  1.67386801894e-05   0.0672680130517    1690.0  6.86657156849  -1.24734625102  -1.02775715028
-0.433333333333  0.266666666667  0.166666666667  0.46581612783   0.0341960077132    0.499987864457  -0.6  0.7  2.42710862734e-05   0.0683920154264    1700.0  6.82617997103  -1.24615134011  -1.02734452159
-0.433333333333  0.266666666667  0.166666666667  0.46562056425   0.0343924082274    0.499987027523  -0.6  0.7  2.59449542929e-05   0.0687848164548    1710.0  6.78626078991  -1.24574534034  -1.02721247822
-0.433333333333  0.266666666667  0.166666666667  0.465253289709  0.0347573114555    0.499989398836  -0.6  0.7  2.12023282393e-05   0.069514622911     1720.0  6.74680578532  -1.24498442836  -1.02696527634
-0.433333333333  0.266666666667  0.166666666667  0.464918097638  0.0350929219933    0.499988980369  -0.6  0.7  2.2039262249e-05    0.0701858439866    1730.0  6.70780690795  -1.24425362453  -1.02670382509
-0.433333333333  0.266666666667  0.166666666667  0.464559192437  0.0354557328864    0.499985074677  -0.6  0.7  2.9850646336e-05    0.0709114657727    1740.0  6.66925629353  -1.24349948157  -1.02645293056
-0.433333333333  0.266666666667  0.166666666667  0.464130542735  0.0358832666762    0.499986190589  -0.6  0.7  2.76188223115e-05   0.0717665333524    1750.0  6.63114625757  -1.24260276707  -1.02615610245
-0.433333333333  0.266666666667  0.166666666667  0.463935955578  0.0360806436134    0.499983400809  -0.6  0.7  3.3198382373e-05    0.0721612872268    1760.0  6.5934692902   -1.24219157039  -1.02601788575
-0.433333333333  0.266666666667  0.166666666667  0.463446209693  0.0365709474539    0.499982842853  -0.6  0.7  3.43142943869e-05   0.0731418949079    1770.0  6.55621805127  -1.24113324901  -1.02564532021
-0.433333333333  0.266666666667  0.166666666667  0.463214378973  0.0368005463505    0.499985074677  -0.6  0.7  2.9850646336e-05    0.073601092701     1780.0  6.51938536559  -1.24065471971  -1.02549090755
-0.433333333333  0.266666666667  0.166666666667  0.462726585934  0.0372932215041    0.499980192562  -0.6  0.7  3.96148764463e-05   0.0745864430081    1790.0  6.4829642183   -1.2395916658   -1.02511174031
-0.433333333333  0.266666666667  0.166666666667  0.462411619769  0.0376058163566    0.499982563875  -0.6  0.7  3.48722503927e-05   0.0752116327132    1800.0  6.44694775042  -1.23895527072  -1.0249158236
-0.433333333333  0.266666666667  0.166666666667  0.462185368608  0.0378356942312    0.499978937161  -0.6  0.7  4.21256784746e-05   0.0756713884624    1810.0  6.41132925456  -1.23844080362  -1.02471883347
-0.433333333333  0.266666666667  0.166666666667  0.461803447722  0.0382190100075    0.499977542271  -0.6  0.7  4.49154585058e-05   0.076438020015     1820.0  6.37610217074  -1.23763759941  -1.02445059748
-0.433333333333  0.266666666667  0.166666666667  0.461460723245  0.0385642452864    0.499975031469  -0.6  0.7  4.99370625624e-05   0.0771284905728    1830.0  6.34126008238  -1.2368924936   -1.02418580809
-0.433333333333  0.266666666667  0.166666666667  0.461019380044  0.0390016827953    0.499978937161  -0.6  0.7  4.21256784747e-05   0.0780033655906    1840.0  6.30679671236  -1.23598132663  -1.02389174047
-0.433333333333  0.266666666667  0.166666666667  0.460640388427  0.0393855565276    0.499974055046  -0.6  0.7  5.1889908584e-05    0.0787711130553    1850.0  6.27270591932  -1.23515145911  -1.02359343763
-0.433333333333  0.266666666667  0.166666666667  0.460526844379  0.039505656558     0.499967499063  -0.6  0.7  6.50018747324e-05   0.079011313116     1860.0  6.23898169395  -1.23487350514  -1.02347575653
-0.433333333333  0.266666666667  0.166666666667  0.460084664244  0.0399443494679    0.499970986288  -0.6  0.7  5.80274246542e-05   0.0798886989359    1870.0  6.20561815548  -1.23395549621  -1.02317610235
-0.433333333333  0.266666666667  0.166666666667  0.459885752928  0.0401401920261    0.499974055046  -0.6  0.7  5.18899085839e-05   0.0802803840523    1880.0  6.17260954827  -1.23352371733  -1.02302218555
-0.433333333333  0.266666666667  0.166666666667  0.459485419494  0.0405462445097    0.499968335997  -0.6  0.7  6.33280067128e-05   0.0810924890194    1890.0  6.13995023849  -1.23265947853  -1.02271955737
-0.433333333333  0.266666666667  0.166666666667  0.459211463095  0.0408218747768    0.499966662129  -0.6  0.7  6.66757427509e-05   0.0816437495536    1900.0  6.10763471092  -1.23207155259  -1.02251550516
-0.433333333333  0.266666666667  0.166666666667  0.458973076391  0.0410598430135    0.499967080596  -0.6  0.7  6.58388087422e-05   0.082119686027     1910.0  6.07565756584  -1.23154318081  -1.02232079107
-0.433333333333  0.266666666667  0.166666666667  0.458671919636  0.04136769524      0.499960385124  -0.6  0.7  7.92297528926e-05   0.0827353904799    1920.0  6.04401351602  -1.23091076314  -1.02211133196
-0.433333333333  0.266666666667  0.166666666667  0.458202957613  0.0418370757303    0.499959966657  -0.6  0.7  8.00666869024e-05   0.0836741514605    1930.0  6.01269738381  -1.22990074236  -1.0217579417
-0.433333333333  0.266666666667  0.166666666667  0.458086623786  0.0419474115305    0.499965964684  -0.6  0.7  6.80706327676e-05   0.083894823061     1940.0  5.98170409833  -1.22966766531  -1.0216865324
-0.433333333333  0.266666666667  0.166666666667  0.457542477191  0.0424960217737    0.499961501036  -0.6  0.7  7.69979288671e-05   0.0849920435473    1950.0  5.95102869269  -1.22850118066  -1.02128274572
-0.433333333333  0.266666666667  0.166666666667  0.457304927421  0.0427365008124    0.499958571767  -0.6  0.7  8.28564669336e-05   0.0854730016248    1960.0  5.9206663014   -1.22793280663  -1.02104752722
-0.433333333333  0.266666666667  0.166666666667  0.457025809929  0.0430270564027    0.499947133668  -0.6  0.7  0.000105732663191   0.0860541128053    1970.0  5.89061215774  -1.22730733468  -1.02081510738
-0.433333333333  0.266666666667  0.166666666667  0.456743763168  0.0433050579828    0.499951178849  -0.6  0.7  9.76423010997e-05   0.0866101159656    1980.0  5.86086159129  -1.22673632802  -1.02063815715
-0.433333333333  0.266666666667  0.166666666667  0.456369235199  0.043682236243     0.499948528558  -0.6  0.7  0.00010294288316    0.0873644724861    1990.0  5.8314100255   -1.2259190884   -1.02034578675
-0.433333333333  0.266666666667  0.166666666667  0.456144239439  0.0439047212005    0.49995103936   -0.6  0.7  9.79212791034e-05   0.0878094424011    2000.0  5.80225297537  -1.22544241476  -1.020183605
-0.433333333333  0.266666666667  0.166666666667  0.45591910419   0.0441345990751    0.499946296734  -0.6  0.7  0.000107406531209   0.0882691981503    2010.0  5.77338604515  -1.2249480905   -1.02000541862
-0.433333333333  0.266666666667  0.166666666667  0.455444841585  0.0446140227735    0.499941135641  -0.6  0.7  0.000117728717326   0.0892280455471    2020.0  5.74480492611  -1.22389252058  -1.01961484856
-0.433333333333  0.266666666667  0.166666666667  0.455143545342  0.044921038066     0.499935416592  -0.6  0.7  0.000129166815455   0.089842076132     2030.0  5.71650539446  -1.22317902904  -1.01932431558
-0.433333333333  0.266666666667  0.166666666667  0.454933474905  0.0451333403264    0.499933184768  -0.6  0.7  0.000133630463506   0.0902666806528    2040.0  5.68848330919  -1.22275632783  -1.01919615935
-0.433333333333  0.266666666667  0.166666666667  0.454693832801  0.045369495206     0.499936671993  -0.6  0.7  0.000126656013426   0.0907389904121    2050.0  5.66073461012  -1.22223868076  -1.01901331377
-0.433333333333  0.266666666667  0.166666666667  0.454370078828  0.0457023159638    0.499927605208  -0.6  0.7  0.000144789583631   0.0914046319276    2060.0  5.6332553159   -1.2215198472   -1.01874954913
-0.433333333333  0.266666666667  0.166666666667  0.45414201431   0.0459330307724    0.499924954917  -0.6  0.7  0.000150090165691   0.0918660615448    2070.0  5.6060415221   -1.22100456155  -1.01855408387
-0.433333333333  0.266666666667  0.166666666667  0.453665240903  0.0464092462238    0.499925512873  -0.6  0.7  0.000148974253678   0.0928184924475    2080.0  5.5790893994   -1.21999535656  -1.01821225005
-0.433333333333  0.266666666667  0.166666666667  0.453190978298  0.0468864380981    0.499922583604  -0.6  0.7  0.000154832791744   0.0937728761963    2090.0  5.55239519175  -1.21895589349  -1.01783734048
-0.433333333333  0.266666666667  0.166666666667  0.453228500839  0.0468683045279    0.499903194633  -0.6  0.7  0.000193610734182   0.0937366090558    2100.0  5.52595521464  -1.21894665336  -1.01777944659
-0.433333333333  0.266666666667  0.166666666667  0.452825935581  0.0472658481824    0.499908216237  -0.6  0.7  0.000183567526067   0.0945316963648    2110.0  5.49976585344  -1.21806657344  -1.01746195371
-0.433333333333  0.266666666667  0.166666666667  0.452649203016  0.0474498341755    0.499900962809  -0.6  0.7  0.00019807438223    0.0948996683509    2120.0  5.47382356168  -1.21767518046  -1.01731943701
-0.433333333333  0.266666666667  0.166666666667  0.452266863662  0.0478304996608    0.499902636677  -0.6  0.7  0.000194726646193   0.0956609993215    2130.0  5.44812485951  -1.21685525901  -1.01703445589
-0.433333333333  0.266666666667  0.166666666667  0.451964590996  0.0481470002053    0.499888408799  -0.6  0.7  0.000223182402514   0.0962940004107    2140.0  5.42266633213  -1.21614174221  -1.01674696639
-0.433333333333  0.266666666667  0.166666666667  0.451703049118  0.0484019861002    0.499894964782  -0.6  0.7  0.000210070436367   0.0968039722004    2150.0  5.39744462826  -1.2155894812   -1.01655955281
-0.433333333333  0.266666666667  0.166666666667  0.451457130008  0.048653066303     0.499889803689  -0.6  0.7  0.000220392622482   0.0973061326061    2160.0  5.37245645868  -1.21502023456  -1.01633562515
-0.433333333333  0.266666666667  0.166666666667  0.45117326989   0.0489405531353    0.499886176975  -0.6  0.7  0.000227646050564   0.0978811062705    2170.0  5.34769859482  -1.21441675395  -1.01613027404
-0.433333333333  0.266666666667  0.166666666667  0.450860535548  0.0492500792298    0.499889385222  -0.6  0.7  0.000221229556492   0.0985001584595    2180.0  5.32316786732  -1.21373415598  -1.0158848625
-0.433333333333  0.266666666667  0.166666666667  0.45067445722   0.049449966969     0.499875575811  -0.6  0.7  0.000248848378804   0.098899933938     2190.0  5.29886116473  -1.21328709904  -1.01570107711
-0.433333333333  0.266666666667  0.166666666667  0.450380972361  0.0497441492733    0.499874878366  -0.6  0.7  0.000250243268818   0.0994882985466    2200.0  5.27477543216  -1.21265257722  -1.01547757358
-0.433333333333  0.266666666667  0.166666666667  0.450132821427  0.0500062491073    0.499860929465  -0.6  0.7  0.000278141069133   0.100012498215     2210.0  5.25090767002  -1.21202845472  -1.01520365216
-0.433333333333  0.266666666667  0.166666666667  0.449830967228  0.0503009893676    0.499868043405  -0.6  0.7  0.000263913190974   0.100601978735     2220.0  5.22725493277  -1.21138372776  -1.0149800983
-0.433333333333  0.266666666667  0.166666666667  0.449544596308  0.050602006633     0.499853397059  -0.6  0.7  0.000293205881303   0.101204013266     2230.0  5.20381432769  -1.21065705134  -1.01465727043
-0.433333333333  0.266666666667  0.166666666667  0.449181785415  0.0509727683992    0.499845446186  -0.6  0.7  0.000309107627482   0.101945536798     2240.0  5.18058301373  -1.20986311632  -1.01437286083
-0.433333333333  0.266666666667  0.166666666667  0.449137985868  0.0510072221825    0.499854791949  -0.6  0.7  0.00029041610127    0.102014444365     2250.0  5.15755820033  -1.20981097855  -1.01438017328
-0.433333333333  0.266666666667  0.166666666667  0.448701943249  0.0514637696847    0.499834287066  -0.6  0.7  0.000331425867732   0.102927539369     2260.0  5.13473714635  -1.20876398015  -1.01394773552
-0.433333333333  0.266666666667  0.166666666667  0.448268411432  0.0519127847807    0.499818803787  -0.6  0.7  0.000362392426082   0.103825569561     2270.0  5.11211715892  -1.20779558265  -1.01358937923
-0.433333333333  0.266666666667  0.166666666667  0.44804801881   0.0521253660191    0.499826615171  -0.6  0.7  0.000346769657905   0.104250732038     2280.0  5.08969559243  -1.20729380716  -1.01339459113
-0.433333333333  0.266666666667  0.166666666667  0.447932382428  0.0522546723236    0.499812945249  -0.6  0.7  0.000374109502215   0.104509344647     2290.0  5.06746984749  -1.20696815091  -1.0132335598
-0.433333333333  0.266666666667  0.166666666667  0.447590494885  0.0525951649764    0.499814340139  -0.6  0.7  0.000371319722182   0.105190329953     2300.0  5.04543736989  -1.2062371684   -1.01298094087
-0.433333333333  0.266666666667  0.166666666667  0.447380842915  0.0528141627089    0.499804994376  -0.6  0.7  0.000390011248393   0.105628325418     2310.0  5.02359564968  -1.20574144161  -1.01278059599
-0.433333333333  0.266666666667  0.166666666667  0.447142316723  0.0530571525496    0.499800530728  -0.6  0.7  0.000398938544494   0.106114305099     2320.0  5.00194222015  -1.20516759495  -1.01254157873
-0.433333333333  0.266666666667  0.166666666667  0.446890539075  0.0533231580756    0.49978630285   -0.6  0.7  0.000427394300814   0.106646316151     2330.0  4.98047465697  -1.20457540999  -1.01230472805
-0.433333333333  0.266666666667  0.166666666667  0.446625230994  0.0535814917065    0.4997932773    -0.6  0.7  0.000413445400656   0.107162983413     2340.0  4.95919057724  -1.20402127171  -1.01212062619
-0.433333333333  0.266666666667  0.166666666667  0.446322818838  0.0539003635641    0.499776817597  -0.6  0.7  0.000446364805027   0.107800727128     2350.0  4.93808763862  -1.20330841145  -1.01183443489
-0.433333333333  0.266666666667  0.166666666667  0.446054999955  0.0541825498143    0.49976245023   -0.6  0.7  0.000475099539352   0.108365099629     2360.0  4.91716353845  -1.20263333336  -1.01153717671
-0.433333333333  0.266666666667  0.166666666667  0.445838373536  0.0544019660138    0.49975966045   -0.6  0.7  0.000480679099415   0.108803932028     2370.0  4.89641601298  -1.20214200547  -1.01134968376
-0.433333333333  0.266666666667  0.166666666667  0.44578606516   0.0544548323454    0.499759102494  -0.6  0.7  0.000481795011427   0.108909664691     2380.0  4.87584283645  -1.20198189153  -1.01126291314
-0.433333333333  0.266666666667  0.166666666667  0.445300224968  0.0549659200471    0.499733854985  -0.6  0.7  0.000532290029995   0.109931840094     2390.0  4.8554418204   -1.20083341747  -1.01079966486
-0.433333333333  0.266666666667  0.166666666667  0.445064349066  0.0552090493769    0.499726601557  -0.6  0.7  0.000546796886159   0.110418098754     2400.0  4.83521081281  -1.20028447109  -1.01058239542
