#mu0             mu1             mu2             x0              x1                 x2              mua   mub  xa                  xb                 T       b              u               phi
-0.533333333333  0.266666666667  0.266666666667  0.5             0.0                0.5             -0.8  0.8  0.0                 0.0                30.0    386.816865025  -1.31774118     -1.05107451333
-0.533333333333  0.266666666667  0.266666666667  0.5             0.0                0.5             -0.8  0.8  0.0                 0.0                40.0    290.112648769  -1.31774118     -1.05107451333
-0.533333333333  0.266666666667  0.266666666667  0.5             0.0                0.5             -0.8  0.8  0.0                 0.0                50.0    232.090119015  -1.31774118     -1.05107451333
-0.533333333333  0.266666666667  0.266666666667  0.5             0.0                0.5             -0.8  0.8  0.0                 0.0                60.0    193.408432513  -1.31774118     -1.05107451333
-0.533333333333  0.266666666667  0.266666666667  0.5             0.0                0.5             -0.8  0.8  0.0                 0.0                70.0    165.778656439  -1.31774118     -1.05107451333
-0.533333333333  0.266666666667  0.266666666667  0.5             0.0                0.5             -0.8  0.8  0.0                 0.0                80.0    145.056324384  -1.31774118     -1.05107451333
-0.533333333333  0.266666666667  0.266666666667  0.5             0.0                0.5             -0.8  0.8  0.0                 0.0                90.0    128.938955008  -1.31774118     -1.05107451333
-0.533333333333  0.266666666667  0.266666666667  0.5             0.0                0.5             -0.8  0.8  0.0                 0.0                100.0   116.045059507  -1.31774118     -1.05107451333
-0.533333333333  0.266666666667  0.266666666667  0.5             0.0                0.5             -0.8  0.8  0.0                 0.0                110.0   105.495508643  -1.31774118     -1.05107451333
-0.533333333333  0.266666666667  0.266666666667  0.5             0.0                0.5             -0.8  0.8  0.0                 0.0                120.0   96.7042162563  -1.31774118     -1.05107451333
-0.533333333333  0.266666666667  0.266666666667  0.5             0.0                0.5             -0.8  0.8  0.0                 0.0                130.0   89.2654303904  -1.31774118     -1.05107451333
-0.533333333333  0.266666666667  0.266666666667  0.5             0.0                0.5             -0.8  0.8  0.0                 0.0                140.0   82.8893282196  -1.31774118     -1.05107451333
-0.533333333333  0.266666666667  0.266666666667  0.5             0.0                0.5             -0.8  0.8  0.0                 0.0                150.0   77.363373005   -1.31774118     -1.05107451333
-0.533333333333  0.266666666667  0.266666666667  0.5             0.0                0.5             -0.8  0.8  0.0                 0.0                160.0   72.5281621922  -1.31774118     -1.05107451333
-0.533333333333  0.266666666667  0.266666666667  0.5             0.0                0.5             -0.8  0.8  0.0                 0.0                170.0   68.2617997103  -1.31774118     -1.05107451333
-0.533333333333  0.266666666667  0.266666666667  0.5             0.0                0.5             -0.8  0.8  0.0                 0.0                180.0   64.4694775042  -1.31774118     -1.05107451333
-0.533333333333  0.266666666667  0.266666666667  0.5             0.0                0.5             -0.8  0.8  0.0                 0.0                190.0   61.0763471092  -1.31774118     -1.05107451333
-0.533333333333  0.266666666667  0.266666666667  0.499999860511  1.39489001953e-07  0.5             -0.8  0.8  4.84892480985e-17   2.78978003906e-07  200.0   58.0225297537  -1.3177408845   -1.05107444102
-0.533333333333  0.266666666667  0.266666666667  0.499999860511  1.39489001953e-07  0.5             -0.8  0.8  4.84892480985e-17   2.78978003906e-07  210.0   55.2595521464  -1.3177408845   -1.05107444102
-0.533333333333  0.266666666667  0.266666666667  0.499999302555  6.97445007813e-07  0.5             -0.8  0.8  6.56780876972e-17   1.39489001563e-06  220.0   52.7477543216  -1.3177397025   -1.05107415174
-0.533333333333  0.266666666667  0.266666666667  0.499998186643  1.81335702051e-06  0.5             -0.8  0.8  -3.36047616329e-17  3.62671404102e-06  230.0   50.4543736989  -1.3177373385   -1.0510735732
-0.533333333333  0.266666666667  0.266666666667  0.499999302555  6.97445007813e-07  0.5             -0.8  0.8  6.56780876972e-17   1.39489001563e-06  240.0   48.3521081281  -1.3177397025   -1.05107415174
-0.533333333333  0.266666666667  0.266666666667  0.499996373286  3.62671404102e-06  0.5             -0.8  0.8  -6.72095232658e-17  7.25342808203e-06  250.0   46.418023803   -1.31773349699  -1.05107263307
-0.533333333333  0.266666666667  0.266666666667  0.499995536352  4.4636480498e-06   0.5             -0.8  0.8  -4.14266873843e-17  8.92729609961e-06  260.0   44.6327151952  -1.31773172399  -1.05107219916
-0.533333333333  0.266666666667  0.266666666667  0.499993583506  6.41649407227e-06  0.5             -0.8  0.8  -2.65417774022e-17  1.28329881445e-05  270.0   42.9796516694  -1.31772758699  -1.05107118671
-0.533333333333  0.266666666667  0.266666666667  0.499990375259  9.6247411084e-06   0.5             -0.8  0.8  7.12083658098e-17   1.92494822168e-05  280.0   41.4446641098  -1.31772079048  -1.0510695234
-0.533333333333  0.266666666667  0.266666666667  0.499986330078  1.36699221543e-05  0.5             -0.8  0.8  6.10829339583e-17   2.73398443086e-05  290.0   40.0155377612  -1.31771222081  -1.05106742602
-0.533333333333  0.266666666667  0.266666666667  0.499975310447  2.46895532783e-05  0.5             -0.8  0.8  4.16028702373e-17   4.93791065566e-05  300.0   38.6816865025  -1.31768887953  -1.05106171615
-0.533333333333  0.266666666667  0.266666666667  0.499967220085  3.27799153691e-05  0.5             -0.8  0.8  -6.70307993139e-17  6.55598307383e-05  310.0   37.4338901637  -1.31767173664  -1.05105751784
-0.533333333333  0.266666666667  0.266666666667  0.499950202426  4.97975735605e-05  0.5             -0.8  0.8  5.19061790077e-17   9.95951471211e-05  320.0   36.2640810961  -1.31763571517  -1.05104872462
-0.533333333333  0.266666666667  0.266666666667  0.499944204399  5.57956006289e-05  0.5             -0.8  0.8  5.66631160395e-17   0.000111591201258  330.0   35.1651695477  -1.31762299041  -1.05104559671
-0.533333333333  0.266666666667  0.266666666667  0.499929139587  7.08604127979e-05  0.5             -0.8  0.8  -6.13251853812e-17  0.000141720825596  340.0   34.1308998551  -1.31759111556  -1.05103782556
-0.533333333333  0.266666666667  0.266666666667  0.499902776166  9.72238340947e-05  0.5             -0.8  0.8  9.20216593897e-18   0.000194447668189  350.0   33.1557312879  -1.31753525316  -1.05102414463
-0.533333333333  0.266666666667  0.266666666667  0.499884782085  0.000115217915298  0.5             -0.8  0.8  -4.22567796726e-17  0.000230435830596  360.0   32.2347387521  -1.31749714828  -1.05101483028
-0.533333333333  0.266666666667  0.266666666667  0.499859255597  0.000140744402585  0.5             -0.8  0.8  2.51263853474e-17   0.00028148880517   370.0   31.3635295966  -1.31744308987  -1.05100161424
-0.533333333333  0.266666666667  0.266666666667  0.499790208542  0.000209791458363  0.5             -0.8  0.8  -2.52348055646e-17  0.000419582916727  380.0   30.5381735546  -1.31729683484  -1.05096583451
-0.533333333333  0.266666666667  0.266666666667  0.499777375553  0.000222624446508  0.5             -0.8  0.8  3.27158005548e-17   0.000445248893016  390.0   29.7551434635  -1.31726977295  -1.0509593054
-0.533333333333  0.266666666667  0.266666666667  0.499720185063  0.000279814937151  0.5             -0.8  0.8  2.13045726893e-17   0.000559629874303  400.0   29.0112648769  -1.31714866475  -1.05092970198
-0.533333333333  0.266666666667  0.266666666667  0.499672898291  0.000327101708685  0.5             -0.8  0.8  1.85398571495e-17   0.000654203417369  410.0   28.3036730506  -1.31704844285  -1.05090513892
-0.533333333333  0.266666666667  0.266666666667  0.499591018247  0.000408981752606  0.5             -0.8  0.8  -6.22874148093e-17  0.000817963505213  420.0   27.6297760732  -1.31687534855  -1.05086305268
-0.533333333333  0.266666666667  0.266666666667  0.499512764918  0.000487235082488  0.5             -0.8  0.8  1.25225350922e-17   0.000974470164977  430.0   26.9872231413  -1.31670963765  -1.05082254711
-0.533333333333  0.266666666667  0.266666666667  0.499466454569  0.00053354543101   0.5             -0.8  0.8  -4.19586240752e-17  0.00106709086202   440.0   26.3738771608  -1.31661169036  -1.05079869639
-0.533333333333  0.266666666667  0.266666666667  0.499344122715  0.000655877285388  0.5             -0.8  0.8  -4.51028103754e-17  0.00131175457078   450.0   25.7877910017  -1.31635309945  -1.05073583644
-0.533333333333  0.266666666667  0.266666666667  0.499254431287  0.000745568713398  0.5             -0.8  0.8  6.73289549113e-17   0.0014911374268    460.0   25.2271868495  -1.31616346299  -1.05068970627
-0.533333333333  0.266666666667  0.266666666667  0.49914911709   0.000850882909584  0.5             -0.8  0.8  7.89299181569e-17   0.00170176581917   470.0   24.6904381931  -1.31594054387  -1.05063528986
-0.533333333333  0.266666666667  0.266666666667  0.499004885463  0.000995114537209  0.5             -0.8  0.8  7.6761513812e-17    0.00199022907442   480.0   24.1760540641  -1.31563578131  -1.0505612979
-0.533333333333  0.266666666667  0.266666666667  0.498870976021  0.00112902397872   0.5             -0.8  0.8  -6.22332047007e-17  0.00225804795744   490.0   23.6826652056  -1.31535297038  -1.05049274208
-0.533333333333  0.266666666667  0.266666666667  0.498747388766  0.00125261123411   0.5             -0.8  0.8  1.73472347598e-17   0.00250522246822   500.0   23.2090119015  -1.3150914529   -1.0504289642
-0.533333333333  0.266666666667  0.266666666667  0.498553220076  0.0014467799243    0.5             -0.8  0.8  4.55364912444e-18   0.00289355984859   510.0   22.7539332368  -1.31468203926  -1.05033022048
-0.533333333333  0.266666666667  0.266666666667  0.498417497277  0.00158250272283   0.5             -0.8  0.8  7.65446733775e-17   0.00316500544565   520.0   22.3163575976  -1.3143957514   -1.05026108909
-0.533333333333  0.266666666667  0.266666666667  0.498198360056  0.00180163994429   0.5             -0.8  0.8  3.03576608296e-18   0.00360327988859   530.0   21.8952942467  -1.31393297232  -1.05014892957
-0.533333333333  0.266666666667  0.266666666667  0.49806640346   0.00193359653978   0.5             -0.8  0.8  7.1123662515e-17    0.00386719307956   540.0   21.4898258347  -1.31365503124  -1.05008211904
-0.533333333333  0.266666666667  0.266666666667  0.497802490269  0.00219750973075   0.5             -0.8  0.8  -1.47451495458e-17  0.00439501946151   550.0   21.0991017286  -1.31309815588  -1.04994750479
-0.533333333333  0.266666666667  0.266666666667  0.497580702757  0.00241929724325   0.5             -0.8  0.8  1.47451495458e-17   0.0048385944865    560.0   20.7223320549  -1.31263038954  -1.04983459847
-0.533333333333  0.266666666667  0.266666666667  0.49730646738   0.00269353262034   0.5             -0.8  0.8  -4.51028103754e-17  0.00538706524068   570.0   20.3587823697  -1.31205309903  -1.04969608455
-0.533333333333  0.266666666667  0.266666666667  0.497081611109  0.00291838889087   0.5             -0.8  0.8  1.08420217249e-17   0.00583677778175   580.0   20.0077688806  -1.31158046037  -1.04958321593
-0.533333333333  0.266666666667  0.266666666667  0.496776688152  0.00322331184831   0.5             -0.8  0.8  1.99493199737e-17   0.00644662369662   590.0   19.6686541538  -1.31093884295  -1.04942947524
-0.533333333333  0.266666666667  0.266666666667  0.496425594335  0.00357440566526   0.5             -0.8  0.8  -7.4159428598e-17   0.00714881133052   600.0   19.3408432512  -1.31019928837  -1.04925167077
-0.533333333333  0.266666666667  0.266666666667  0.496154985672  0.00384501432831   0.5             -0.8  0.8  2.16840434497e-17   0.00769002865662   610.0   19.0237802471  -1.30963127231  -1.04911662857
-0.533333333333  0.266666666667  0.266666666667  0.495822583381  0.00417741661905   0.5             -0.8  0.8  1.73472347598e-18   0.00835483323811   620.0   18.7169450819  -1.3089338565   -1.04895105642
-0.533333333333  0.266666666667  0.266666666667  0.495424202792  0.00457579720754   0.5             -0.8  0.8  1.56125112838e-17   0.00915159441508   630.0   18.4198507155  -1.30809635929  -1.04875096815
-0.533333333333  0.266666666667  0.266666666667  0.495154152085  0.00484584791458   0.5             -0.8  0.8  6.07153216592e-18   0.00969169582917   640.0   18.132040548   -1.30752951043  -1.04861620043
-0.533333333333  0.266666666667  0.266666666667  0.494763582881  0.00523641711898   0.5             -0.8  0.8  2.68882138776e-17   0.010472834238     650.0   17.8530860781  -1.30670972941  -1.04842133014
-0.533333333333  0.266666666667  0.266666666667  0.494429646211  0.00557035378874   0.5             -0.8  0.8  -1.30104260698e-17  0.0111407075775    660.0   17.5825847739  -1.30601199856  -1.04825789795
-0.533333333333  0.266666666667  0.266666666667  0.493960126232  0.00603987376803   0.5             -0.8  0.8  3.72965547335e-17   0.0120797475361    670.0   17.3201581354  -1.30502943847  -1.04802656983
-0.533333333333  0.266666666667  0.266666666667  0.49356648827   0.00643351173047   0.5             -0.8  0.8  -4.33680868994e-18  0.0128670234609    680.0   17.0654499276  -1.30420340292  -1.04783035502
-0.533333333333  0.266666666667  0.266666666667  0.493102687339  0.00689731266069   0.5             -0.8  0.8  2.68882138776e-17   0.0137946253214    690.0   16.8181245663  -1.30323145023  -1.04760048382
-0.533333333333  0.266666666667  0.266666666667  0.49272815937   0.00727184062991   0.5             -0.8  0.8  2.60208521397e-18   0.0145436812598    700.0   16.5778656439  -1.3024510895   -1.04741936784
-0.533333333333  0.266666666667  0.266666666667  0.492118592433  0.00788140756678   0.5             -0.8  0.8  1.21430643318e-17   0.0157628151336    710.0   16.3443745785  -1.30118075906  -1.0471243445
-0.533333333333  0.266666666667  0.266666666667  0.491769451462  0.00823054853771   0.5             -0.8  0.8  -8.67361737988e-18  0.0164610970754    720.0   16.117369376   -1.30045179298  -1.04695400398
-0.533333333333  0.266666666667  0.266666666667  0.491223630999  0.00877636900086   0.5             -0.8  0.8  -8.67361737988e-18  0.0175527380017    730.0   15.8965834942  -1.29931324077  -1.0466887645
-0.533333333333  0.266666666667  0.266666666667  0.490792191517  0.00920780848272   0.5             -0.8  0.8  5.72458747072e-17   0.0184156169654    740.0   15.6817647983  -1.2984153154   -1.0464811423
-0.533333333333  0.266666666667  0.266666666667  0.49015333189   0.00984666810991   0.5             -0.8  0.8  5.20417042793e-18   0.0196933362198    750.0   15.472674601   -1.29708456163  -1.04617256394
-0.533333333333  0.266666666667  0.266666666667  0.489699853146  0.010300146854     0.5             -0.8  0.8  3.29597460436e-17   0.020600293708     760.0   15.2690867773  -1.29614132218  -1.04595489048
-0.533333333333  0.266666666667  0.266666666667  0.489088612341  0.0109113876589    0.5             -0.8  0.8  4.85722573274e-17   0.0218227753178    770.0   15.070786949   -1.29486846524  -1.04566001883
-0.533333333333  0.266666666667  0.266666666667  0.488601098281  0.0113989017194    0.5             -0.8  0.8  6.93889390391e-17   0.0227978034388    780.0   14.8775717317  -1.29385734499  -1.04542892107
-0.533333333333  0.266666666667  0.266666666667  0.487985812295  0.0120141877053    0.5             -0.8  0.8  -1.38777878078e-17  0.0240283754107    790.0   14.6892480389  -1.29257849896  -1.04513453262
-0.533333333333  0.266666666667  0.266666666667  0.487537355155  0.0124626448454    0.5             -0.8  0.8  6.07153216592e-17   0.0249252896908    800.0   14.5056324384  -1.29164751223  -1.04492107732
-0.533333333333  0.266666666667  0.266666666667  0.487011900086  0.0129880999143    0.5             -0.8  0.8  1.73472347598e-17   0.0259761998286    810.0   14.3265505565  -1.29055883408  -1.04467312727
-0.533333333333  0.266666666667  0.266666666667  0.486291299904  0.0137087000964    0.5             -0.8  0.8  -7.6327832943e-17   0.0274174001928    820.0   14.1518365253  -1.28907185817  -1.04433911165
-0.533333333333  0.266666666667  0.266666666667  0.485847306412  0.0141526935884    0.5             -0.8  0.8  3.98986399475e-17   0.0283053871768    830.0   13.9813324708  -1.28814656032  -1.04412420339
-0.533333333333  0.266666666667  0.266666666667  0.485114570686  0.0148854293137    0.5             -0.8  0.8  -6.24500451352e-17  0.0297708586273    840.0   13.8148880366  -1.28662778714  -1.04377780738
-0.533333333333  0.266666666667  0.266666666667  0.484616455462  0.0153835445383    0.5             -0.8  0.8  -6.93889390391e-18  0.0307670890766    850.0   13.6523599421  -1.28559575889  -1.04354276349
-0.533333333333  0.266666666667  0.266666666667  0.483933377821  0.016066622179     0.5             -0.8  0.8  2.08166817117e-17   0.0321332443579    860.0   13.4936115706  -1.28419541779  -1.04323534661
-0.533333333333  0.266666666667  0.266666666667  0.483474877473  0.0165251225271    0.5             -0.8  0.8  3.46944695195e-18   0.0330502450543    870.0   13.3385125871  -1.28323908941  -1.04301261879
-0.533333333333  0.266666666667  0.266666666667  0.482916642489  0.0170833575114    0.5             -0.8  0.8  3.46944695195e-18   0.0341667150229    880.0   13.1869385804  -1.28208730976  -1.04275401511
-0.533333333333  0.266666666667  0.266666666667  0.482038140757  0.0179618592433    0.5             -0.8  0.8  -1.04083408559e-17  0.0359237184866    890.0   13.0387707312  -1.28027963076  -1.04235193888
-0.533333333333  0.266666666667  0.266666666667  0.481547557938  0.0184524420618    0.5             -0.8  0.8  3.81639164715e-17   0.0369048841237    900.0   12.8938955008  -1.27926964946  -1.04212689009
-0.533333333333  0.266666666667  0.266666666667  0.481034238412  0.0189657615876    0.5             -0.8  0.8  2.42861286637e-17   0.0379315231753    910.0   12.7522043415  -1.27820202267  -1.04188057454
-0.533333333333  0.266666666667  0.266666666667  0.480292296413  0.019707703587     0.5             -0.8  0.8  4.85722573274e-17   0.039415407174     920.0   12.6135934247  -1.2766846447   -1.04155030377
-0.533333333333  0.266666666667  0.266666666667  0.47977576864   0.0202242313598    0.5             -0.8  0.8  -3.46944695195e-18  0.0404484627196    930.0   12.4779633879  -1.27562163442  -1.04131373793
-0.533333333333  0.266666666667  0.266666666667  0.47894734346   0.0210526565401    0.5             -0.8  0.8  -5.20417042793e-17  0.0421053130803    940.0   12.3452190965  -1.27391341212  -1.04093099591
-0.533333333333  0.266666666667  0.266666666667  0.478623031531  0.0213769684688    0.5             -0.8  0.8  -7.6327832943e-17   0.0427539369376    950.0   12.2152694218  -1.27323469375  -1.04077117663
-0.533333333333  0.266666666667  0.266666666667  0.477911498134  0.0220885018658    0.5             -0.8  0.8  0.0                 0.0441770037316    960.0   12.088027032   -1.27177238432  -1.04044732064
-0.533333333333  0.266666666667  0.266666666667  0.477491636239  0.0225083637605    0.5             -0.8  0.8  6.93889390391e-17   0.0450167275211    970.0   11.9634081967  -1.27091813532  -1.04026485067
-0.533333333333  0.266666666667  0.266666666667  0.47659318758   0.0234068124197    0.5             -0.8  0.8  4.16333634234e-17   0.0468136248393    980.0   11.8413326028  -1.26907285156  -1.03985708477
-0.533333333333  0.266666666667  0.266666666667  0.476061455506  0.0239385444936    0.5             -0.8  0.8  3.46944695195e-17   0.0478770889873    990.0   11.7217231826  -1.26798200711  -1.03961701163
-0.533333333333  0.266666666667  0.266666666667  0.475506149791  0.0244938502089    0.5             -0.8  0.8  -5.55111512313e-17  0.0489877004178    1000.0  11.6045059507  -1.26683975827  -1.03936325194
-0.533333333333  0.266666666667  0.266666666667  0.474985855815  0.0250141441848    0.5             -0.8  0.8  -1.38777878078e-17  0.0500282883695    1010.0  11.4896098522  -1.26576337665  -1.03911934068
-0.533333333333  0.266666666667  0.266666666667  0.474400002009  0.0255999979914    0.5             -0.8  0.8  2.77555756156e-17   0.0511999959827    1020.0  11.3769666184  -1.26456878732  -1.03886211744
-0.533333333333  0.266666666667  0.266666666667  0.473749564794  0.0262504352057    0.5             -0.8  0.8  -2.77555756156e-17  0.0525008704114    1030.0  11.2665106318  -1.2632262142   -1.03856024386
-0.533333333333  0.266666666667  0.266666666667  0.473148646176  0.0268513538245    0.5             -0.8  0.8  -3.81639164715e-17  0.0537027076489    1040.0  11.1581787988  -1.261996686    -1.03829218545
-0.533333333333  0.266666666667  0.266666666667  0.472763377553  0.0272366224468    0.5             -0.8  0.8  -6.59194920871e-17  0.0544732448936    1050.0  11.0519104293  -1.26120417299  -1.03811610224
-0.533333333333  0.266666666667  0.266666666667  0.472127028728  0.027872971272     0.5             -0.8  0.8  -4.16333634234e-17  0.0557459425439    1060.0  10.9476471233  -1.25989917399  -1.03782926135
-0.533333333333  0.266666666667  0.266666666667  0.47156237725   0.0284376227503    0.5             -0.8  0.8  -6.59194920871e-17  0.0568752455006    1070.0  10.8453326643  -1.25872648509  -1.03756001482
-0.533333333333  0.266666666667  0.266666666667  0.471061053778  0.028938946222     0.5             -0.8  0.8  6.24500451352e-17   0.0578778924439    1080.0  10.7449129174  -1.25770714884  -1.03734279612
-0.533333333333  0.266666666667  0.266666666667  0.470367095995  0.0296329040048    0.5             -0.8  0.8  2.42861286637e-17   0.0592658080096    1090.0  10.6463357346  -1.25630151761  -1.03704749735
-0.533333333333  0.266666666667  0.266666666667  0.469787379705  0.0302126202953    0.5             -0.8  0.8  -3.12250225676e-17  0.0604252405906    1100.0  10.5495508643  -1.25509147456  -1.03676500037
-0.533333333333  0.266666666667  0.266666666667  0.469279360761  0.030720639239     0.5             -0.8  0.8  -6.93889390391e-18  0.0614412784781    1110.0  10.4545098655  -1.25405512811  -1.03654148423
-0.533333333333  0.266666666667  0.266666666667  0.468750278978  0.031249860511     0.499999860511  -0.8  0.8  2.78978002873e-07   0.062499721022     1120.0  10.3611660275  -1.25297467754  -1.03630756451
-0.533333333333  0.266666666667  0.266666666667  0.46826388083   0.0317362586595    0.499999860511  -0.8  0.8  2.78978003858e-07   0.063472517319     1130.0  10.2694742927  -1.25197261764  -1.03608374165
-0.533333333333  0.266666666667  0.266666666667  0.467760744001  0.0322392559991    0.5             -0.8  0.8  6.93889390391e-18   0.0644785119983    1140.0  10.1793911849  -1.25093202663  -1.03584816957
-0.533333333333  0.266666666667  0.266666666667  0.467165265453  0.0328347345469    0.5             -0.8  0.8  -1.38777878078e-17  0.0656694690937    1150.0  10.0908747398  -1.24970892108  -1.03557782969
-0.533333333333  0.266666666667  0.266666666667  0.466670079498  0.0333299205024    0.5             -0.8  0.8  4.16333634234e-17   0.0666598410049    1160.0  10.0038844403  -1.24869139127  -1.0353525974
-0.533333333333  0.266666666667  0.266666666667  0.466259702855  0.0337402971451    0.5             -0.8  0.8  0.0                 0.0674805942901    1170.0  9.91838115449  -1.24784056984  -1.03515837861
-0.533333333333  0.266666666667  0.266666666667  0.465720159397  0.0342798406031    0.5             -0.8  0.8  -1.38777878078e-17  0.0685596812063    1180.0  9.83432707691  -1.24672106559  -1.03490214388
-0.533333333333  0.266666666667  0.266666666667  0.46515383405   0.0348461659495    0.5             -0.8  0.8  -1.38777878078e-17  0.069692331899     1190.0  9.7516856729   -1.24556003855  -1.0346472374
-0.533333333333  0.266666666667  0.266666666667  0.464658369117  0.0353416308831    0.5             -0.8  0.8  5.55111512313e-17   0.0706832617662    1200.0  9.67042162562  -1.24454819127  -1.03442813401
-0.533333333333  0.266666666667  0.266666666667  0.464177411039  0.0358225889605    0.5             -0.8  0.8  -8.32667268469e-17  0.071645177921     1210.0  9.59050078574  -1.2435659443   -1.03421541997
-0.533333333333  0.266666666667  0.266666666667  0.463868442901  0.036131557099     0.5             -0.8  0.8  -8.32667268469e-17  0.072263114198     1220.0  9.51189012357  -1.24292413246  -1.03406795715
-0.533333333333  0.266666666667  0.266666666667  0.463320669592  0.0366793304082    0.5             -0.8  0.8  -4.85722573274e-17  0.0733586608163    1230.0  9.43455768354  -1.24178847806  -1.03380874005
-0.533333333333  0.266666666667  0.266666666667  0.462851289102  0.0371487108984    0.5             -0.8  0.8  -4.16333634234e-17  0.0742974217969    1240.0  9.35847254093  -1.24082486553  -1.0335961363
-0.533333333333  0.266666666667  0.266666666667  0.462089400175  0.037910599825     0.5             -0.8  0.8  7.6327832943e-17    0.0758211996501    1250.0  9.2836047606   -1.23925690709  -1.03324720014
-0.533333333333  0.266666666667  0.266666666667  0.462059689018  0.0379403109824    0.5             -0.8  0.8  -2.08166817117e-17  0.0758806219647    1260.0  9.20992535774  -1.23917067808  -1.03320850899
-0.533333333333  0.266666666667  0.266666666667  0.461410646693  0.0385893533067    0.5             -0.8  0.8  -6.93889390391e-18  0.0771787066133    1270.0  9.13740626043  -1.2378271996   -1.03290349822
-0.533333333333  0.266666666667  0.266666666667  0.460851853753  0.039148146247     0.5             -0.8  0.8  1.38777878078e-17   0.0782962924939    1280.0  9.06602027402  -1.23667419372  -1.03264456104
-0.533333333333  0.266666666667  0.266666666667  0.46043310777   0.0395668922297    0.5             -0.8  0.8  -4.16333634234e-17  0.0791337844594    1290.0  8.99574104709  -1.23581651758  -1.03245687848
-0.533333333333  0.266666666667  0.266666666667  0.46011465438   0.0398853456203    0.5             -0.8  0.8  -2.08166817117e-17  0.0797706912405    1300.0  8.92654303904  -1.23517905566  -1.03232894199
-0.533333333333  0.266666666667  0.266666666667  0.459641647175  0.0403583528246    0.5             -0.8  0.8  2.77555756156e-17   0.0807167056492    1310.0  8.85840148912  -1.23418770508  -1.03209440293
-0.533333333333  0.266666666667  0.266666666667  0.459141160638  0.0408588393622    0.5             -0.8  0.8  -6.93889390391e-17  0.0817176787245    1320.0  8.79129238693  -1.23315009616  -1.03185757247
-0.533333333333  0.266666666667  0.266666666667  0.458610404987  0.0413895950132    0.5             -0.8  0.8  -2.08166817117e-17  0.0827791900264    1330.0  8.72519244417  -1.23204209329  -1.03159877864
-0.533333333333  0.266666666667  0.266666666667  0.45834732873   0.0416526712702    0.5             -0.8  0.8  -2.08166817117e-17  0.0833053425404    1340.0  8.66007906772  -1.2314665312   -1.03144413857
-0.533333333333  0.266666666667  0.266666666667  0.457957038503  0.0420431009856    0.499999860511  -0.8  0.8  2.78978002873e-07   0.0840862019711    1350.0  8.59593033389  -1.23065969581  -1.03126176754
-0.533333333333  0.266666666667  0.266666666667  0.457419447891  0.0425805521086    0.5             -0.8  0.8  7.6327832943e-17    0.0851611042173    1360.0  8.53272496379  -1.22957160705  -1.03103382375
-0.533333333333  0.266666666667  0.266666666667  0.457019811902  0.0429804670761    0.499999721022  -0.8  0.8  5.57956005891e-07   0.0859609341523    1370.0  8.47044229982  -1.22871916229  -1.03082079658
-0.533333333333  0.266666666667  0.266666666667  0.456733162004  0.0432668379964    0.5             -0.8  0.8  -2.08166817117e-17  0.0865336759927    1380.0  8.40906228315  -1.22813119525  -1.03069146938
-0.533333333333  0.266666666667  0.266666666667  0.456239789405  0.0437616054849    0.49999860511   -0.8  0.8  2.78978003119e-06   0.0875232109699    1390.0  8.34856543219  -1.22706438246  -1.03041405275
-0.533333333333  0.266666666667  0.266666666667  0.455826065026  0.0441739349736    0.5             -0.8  0.8  -4.85722573274e-17  0.0883478699472    1400.0  8.28893282196  -1.22623101548  -1.03024264477
-0.533333333333  0.266666666667  0.266666666667  0.455345106949  0.044654893051     0.5             -0.8  0.8  3.46944695195e-17   0.089309786102     1410.0  8.23014606436  -1.22521236847  -1.02999353068
-0.533333333333  0.266666666667  0.266666666667  0.455038370635  0.0449617688544    0.499999860511  -0.8  0.8  2.78978002893e-07   0.0899235377089    1420.0  8.17218728926  -1.22456452429  -1.02983646461
-0.533333333333  0.266666666667  0.266666666667  0.454699412361  0.0453007271283    0.499999860511  -0.8  0.8  2.78978003893e-07   0.0906014542565    1430.0  8.1150391264   -1.22387282159  -1.02968709514
-0.533333333333  0.266666666667  0.266666666667  0.454296010168  0.0457039898318    0.5             -0.8  0.8  6.93889390391e-18   0.0914079796636    1440.0  8.05868468802  -1.22303282728  -1.02949254435
-0.533333333333  0.266666666667  0.266666666667  0.453858572659  0.0461417063187    0.499999721022  -0.8  0.8  5.57956005925e-07   0.0922834126375    1450.0  8.00310755224  -1.22208081394  -1.02924043102
-0.533333333333  0.266666666667  0.266666666667  0.453357388677  0.0466428903014    0.499999721022  -0.8  0.8  5.57956005787e-07   0.0932857806028    1460.0  7.94829174709  -1.22103912906  -1.02900064051
-0.533333333333  0.266666666667  0.266666666667  0.453117188616  0.0468829508731    0.499999860511  -0.8  0.8  2.78978003851e-07   0.0937659017462    1470.0  7.8942217352   -1.2205488622   -1.02889469375
-0.533333333333  0.266666666667  0.266666666667  0.4527673502    0.047233347245     0.499999302555  -0.8  0.8  1.39489001549e-06   0.0944666944901    1480.0  7.84088239916  -1.21979892592  -1.02870449893
-0.533333333333  0.266666666667  0.266666666667  0.452480281835  0.0475201366323    0.499999581533  -0.8  0.8  8.36934009638e-07   0.0950402732645    1490.0  7.78825902735  -1.21920117027  -1.02856605267
-0.533333333333  0.266666666667  0.266666666667  0.45203531192   0.0479651065473    0.499999581533  -0.8  0.8  8.36934009693e-07   0.0959302130946    1500.0  7.7363373005   -1.21821550039  -1.02829233466
-0.533333333333  0.266666666667  0.266666666667  0.451516831301  0.0484833081881    0.499999860511  -0.8  0.8  2.7897800383e-07    0.0969666163762    1510.0  7.68510327864  -1.21714960262  -1.02805600587
-0.533333333333  0.266666666667  0.266666666667  0.451336193044  0.0486640859342    0.499999721022  -0.8  0.8  5.57956005905e-07   0.0973281718683    1520.0  7.63454338865  -1.2167488596   -1.02794428406
-0.533333333333  0.266666666667  0.266666666667  0.45091340188   0.0490870165869    0.499999581533  -0.8  0.8  8.36934009721e-07   0.0981740331738    1530.0  7.58464441225  -1.21587613735  -1.02774802768
-0.533333333333  0.266666666667  0.266666666667  0.450694543637  0.0493065722754    0.499998884088  -0.8  0.8  2.23182402531e-06   0.0986131445508    1540.0  7.53539347451  -1.21540710506  -1.02762916857
-0.533333333333  0.266666666667  0.266666666667  0.450130868581  0.0498696893747    0.499999442044  -0.8  0.8  1.11591201264e-06   0.0997393787495    1550.0  7.48677803274  -1.2142121088   -1.0273360524
-0.533333333333  0.266666666667  0.266666666667  0.449976872724  0.0500239642105    0.499999163066  -0.8  0.8  1.67386801864e-06   0.100047928421     1560.0  7.43878586587  -1.21386372257  -1.02723405955
-0.533333333333  0.266666666667  0.266666666667  0.449595509793  0.0504053271408    0.499999163066  -0.8  0.8  1.67386801953e-06   0.100810654282     1570.0  7.39140506417  -1.21304688864  -1.0270274063
-0.533333333333  0.266666666667  0.266666666667  0.449218331533  0.050782226423     0.499999442044  -0.8  0.8  1.11591201176e-06   0.101564452846     1580.0  7.34462401946  -1.21224691477  -1.02683091765
-0.533333333333  0.266666666667  0.266666666667  0.448944793601  0.0510561828221    0.499999023577  -0.8  0.8  1.95284602145e-06   0.102112365644     1590.0  7.29843141557  -1.211632674    -1.02665433757
-0.533333333333  0.266666666667  0.266666666667  0.448591746938  0.0514093689741    0.499998884088  -0.8  0.8  2.23182402534e-06   0.102818737948     1600.0  7.25281621922  -1.21092879427  -1.0265153325
-0.533333333333  0.266666666667  0.266666666667  0.448382792414  0.0516188814544    0.499998326132  -0.8  0.8  3.34773603811e-06   0.103237762909     1610.0  7.20776767127  -1.21044753591  -1.02636840138
-0.533333333333  0.266666666667  0.266666666667  0.447777968103  0.0522227293422    0.499999302555  -0.8  0.8  1.39489001653e-06   0.104445458684     1620.0  7.16327527824  -1.20916953889  -1.02605812326
-0.533333333333  0.266666666667  0.266666666667  0.447568595111  0.0524340551796    0.499997349709  -0.8  0.8  5.30058206039e-06   0.104868110359     1630.0  7.11932880414  -1.20871696459  -1.02594054574
-0.533333333333  0.266666666667  0.266666666667  0.447391025612  0.0526105087666    0.499998465621  -0.8  0.8  3.06875803418e-06   0.105221017533     1640.0  7.07591826265  -1.20830576373  -1.02581345608
-0.533333333333  0.266666666667  0.266666666667  0.446936709934  0.0530653824007    0.499997907665  -0.8  0.8  4.18467004688e-06   0.106130764801     1650.0  7.03303390954  -1.20735247782  -1.02558707525
-0.533333333333  0.266666666667  0.266666666667  0.446440826534  0.0535616842683    0.499997489198  -0.8  0.8  5.02160405663e-06   0.107123368537     1660.0  6.99066623539  -1.20630296139  -1.02533097227
-0.533333333333  0.266666666667  0.266666666667  0.446460773461  0.0535422952971    0.499996931242  -0.8  0.8  6.1375160692e-06    0.107084590594     1670.0  6.94880595853  -1.20630377145  -1.02529986725
-0.533333333333  0.266666666667  0.266666666667  0.44606978579   0.0539324460345    0.499997768176  -0.8  0.8  4.46364805076e-06   0.107864892069     1680.0  6.9074440183   -1.20549522078  -1.02511689685
-0.533333333333  0.266666666667  0.266666666667  0.44567572936   0.0543267814419    0.499997489198  -0.8  0.8  5.02160405663e-06   0.108653562884     1690.0  6.86657156849  -1.20462226812  -1.02487443448
-0.533333333333  0.266666666667  0.266666666667  0.445258657245  0.0547427376446    0.49999860511   -0.8  0.8  2.78978003127e-06   0.109485475289     1700.0  6.82617997103  -1.20376683207  -1.02468631381
-0.533333333333  0.266666666667  0.266666666667  0.444985398291  0.0550173914887    0.49999721022   -0.8  0.8  5.57956006248e-06   0.110034782977     1710.0  6.78626078991  -1.20313248932  -1.02448918539
-0.533333333333  0.266666666667  0.266666666667  0.44466010994   0.0553428193294    0.499997070731  -0.8  0.8  5.8585380665e-06    0.110685638659     1720.0  6.74680578532  -1.20239321532  -1.02427037275
-0.533333333333  0.266666666667  0.266666666667  0.444357000339  0.0556464868858    0.499996512775  -0.8  0.8  6.97445007813e-06   0.111292973772     1730.0  6.70780690795  -1.20173625473  -1.02409838752
-0.533333333333  0.266666666667  0.266666666667  0.444205236306  0.0557992273425    0.499995536352  -0.8  0.8  8.92729609964e-06   0.111598454685     1740.0  6.66925629353  -1.20141113995  -1.02401609519
-0.533333333333  0.266666666667  0.266666666667  0.443803786959  0.056200816178     0.499995396863  -0.8  0.8  9.20627410356e-06   0.112401632356     1750.0  6.63114625757  -1.20054187365  -1.02378914785
-0.533333333333  0.266666666667  0.266666666667  0.443565400255  0.0564396213487    0.499994978396  -0.8  0.8  1.00432081132e-05   0.112879242697     1760.0  6.5934692902   -1.19999859343  -1.02362728636
-0.533333333333  0.266666666667  0.266666666667  0.443172599227  0.0568313064651    0.499996094308  -0.8  0.8  7.81138408791e-06   0.11366261293      1770.0  6.55621805127  -1.19915994427  -1.02341711884
-0.533333333333  0.266666666667  0.266666666667  0.442882183126  0.0571233964344    0.49999442044   -0.8  0.8  1.11591201249e-05   0.114246792869     1780.0  6.51938536559  -1.19855402448  -1.02327586481
-0.533333333333  0.266666666667  0.266666666667  0.442715912236  0.0572909227253    0.499993165039  -0.8  0.8  1.36699221543e-05   0.114581845451     1790.0  6.4829642183   -1.19812897986  -1.02311685362
-0.533333333333  0.266666666667  0.266666666667  0.442374024693  0.0576302994661    0.499995675841  -0.8  0.8  8.64831809762e-06   0.115260598932     1800.0  6.44694775042  -1.1974012165   -1.02293611032
-0.533333333333  0.266666666667  0.266666666667  0.44210899559   0.0578950495911    0.499995954819  -0.8  0.8  8.0903620918e-06    0.115790099182     1810.0  6.41132925456  -1.1968526087   -1.02281154909
-0.533333333333  0.266666666667  0.266666666667  0.44176250491   0.058240982315     0.499996512775  -0.8  0.8  6.97445007811e-06   0.11648196463      1820.0  6.37610217074  -1.19605494894  -1.02256827441
-0.533333333333  0.266666666667  0.266666666667  0.441469717496  0.0585350251303    0.499995257374  -0.8  0.8  9.48525210737e-06   0.117070050261     1830.0  6.34126008238  -1.19541192621  -1.02239371155
-0.533333333333  0.266666666667  0.266666666667  0.441064222968  0.0589433094379    0.499992467594  -0.8  0.8  1.50648121699e-05   0.117886618876     1840.0  6.30679671236  -1.19454391543  -1.02217449201
-0.533333333333  0.266666666667  0.266666666667  0.441035069767  0.0589752524193    0.499989677814  -0.8  0.8  2.06443722323e-05   0.117950504839     1850.0  6.27270591932  -1.19443550873  -1.02211273044
-0.533333333333  0.266666666667  0.266666666667  0.440693042735  0.0593137922261    0.499993165039  -0.8  0.8  1.36699221543e-05   0.118627584452     1860.0  6.23898169395  -1.19367636922  -1.02190083418
-0.533333333333  0.266666666667  0.266666666667  0.440393280871  0.0596138330685    0.499992886061  -0.8  0.8  1.42278781601e-05   0.119227666137     1870.0  6.20561815548  -1.19302051457  -1.02172459851
-0.533333333333  0.266666666667  0.266666666667  0.44007064281   0.0599389819312    0.499990375259  -0.8  0.8  1.92494822168e-05   0.119877963862     1880.0  6.17260954827  -1.19229643065  -1.02151673549
-0.533333333333  0.266666666667  0.266666666667  0.439789293494  0.0602224235823    0.499988282924  -0.8  0.8  2.34341522636e-05   0.120444847165     1890.0  6.13995023849  -1.19161584825  -1.02128631199
-0.533333333333  0.266666666667  0.266666666667  0.439587452909  0.0604231482556    0.499989398836  -0.8  0.8  2.12023282383e-05   0.120846296511     1900.0  6.10763471092  -1.19120703665  -1.02120044533
-0.533333333333  0.266666666667  0.266666666667  0.439221712746  0.0607915387088    0.499986748545  -0.8  0.8  2.65029102988e-05   0.121583077418     1910.0  6.07565756584  -1.19037070934  -1.02094930228
-0.533333333333  0.266666666667  0.266666666667  0.439035913396  0.0609741298118    0.499989956792  -0.8  0.8  2.00864162265e-05   0.121948259624     1920.0  6.04401351602  -1.18999525367  -1.02087112557
-0.533333333333  0.266666666667  0.266666666667  0.438672405058  0.0613412648639    0.499986330078  -0.8  0.8  2.73398443085e-05   0.122682529728     1930.0  6.01269738381  -1.18919310615  -1.02065059139
-0.533333333333  0.266666666667  0.266666666667  0.438507808036  0.0615054434188    0.499986748545  -0.8  0.8  2.65029102979e-05   0.123010886838     1940.0  5.98170409833  -1.1888054338   -1.02052627427
-0.533333333333  0.266666666667  0.266666666667  0.438271513668  0.0617427142105    0.499985772122  -0.8  0.8  2.84557563203e-05   0.123485428421     1950.0  5.95102869269  -1.18826936265  -1.02036827412
-0.533333333333  0.266666666667  0.266666666667  0.437782744206  0.062232041628     0.499985214166  -0.8  0.8  2.9571668333e-05    0.124464083256     1960.0  5.9206663014   -1.18717084816  -1.02005179076
-0.533333333333  0.266666666667  0.266666666667  0.437756659763  0.0622630081863    0.499980332051  -0.8  0.8  3.93358984424e-05   0.124526016373     1970.0  5.89061215774  -1.18708538947  -1.02000806718
-0.533333333333  0.266666666667  0.266666666667  0.437435277103  0.062585367269     0.499979355628  -0.8  0.8  4.12887444649e-05   0.125170734538     1980.0  5.86086159129  -1.18632890258  -1.01976579254
-0.533333333333  0.266666666667  0.266666666667  0.437028806153  0.0629870955935    0.499984098254  -0.8  0.8  3.18034923574e-05   0.125974191187     1990.0  5.8314100255   -1.18550272933  -1.01958997282
-0.533333333333  0.266666666667  0.266666666667  0.436916935973  0.0631041268658    0.499978937161  -0.8  0.8  4.21256784746e-05   0.126208253732     2000.0  5.80225297537  -1.18522475688  -1.01949099266
-0.533333333333  0.266666666667  0.266666666667  0.436523158522  0.0634983227842    0.499978518694  -0.8  0.8  4.29626124844e-05   0.126996645568     2010.0  5.77338604515  -1.18430373295  -1.01920001265
-0.533333333333  0.266666666667  0.266666666667  0.436510465023  0.0635061341683    0.499983400809  -0.8  0.8  3.3198382373e-05    0.127012268337     2020.0  5.74480492611  -1.18423854002  -1.01915512931
-0.533333333333  0.266666666667  0.266666666667  0.436183363314  0.0638388154371    0.499977821249  -0.8  0.8  4.4357502499e-05    0.127677630874     2030.0  5.71650539446  -1.18351495503  -1.01895490706
-0.533333333333  0.266666666667  0.266666666667  0.435856819561  0.0641674515248    0.499975728914  -0.8  0.8  4.85421725468e-05   0.12833490305      2040.0  5.68848330919  -1.18280488948  -1.01876731152
-0.533333333333  0.266666666667  0.266666666667  0.435528322963  0.0644909265194    0.499980750518  -0.8  0.8  3.84989644338e-05   0.128981853039     2050.0  5.66073461012  -1.18208940714  -1.01857742373
-0.533333333333  0.266666666667  0.266666666667  0.435335130696  0.0646937435277    0.499971125777  -0.8  0.8  5.77484466504e-05   0.129387487055     2060.0  5.6332553159   -1.18166607821  -1.01846320243
-0.533333333333  0.266666666667  0.266666666667  0.434956418056  0.065071061277     0.499972520667  -0.8  0.8  5.49586666181e-05   0.130142122554     2070.0  5.6060415221   -1.1807478315   -1.01815089594
-0.533333333333  0.266666666667  0.266666666667  0.43463740671   0.0653906305796    0.499971962711  -0.8  0.8  5.60745786308e-05   0.130781261159     2080.0  5.5790893994   -1.17998592771  -1.0178994103
-0.533333333333  0.266666666667  0.266666666667  0.43458705118   0.0654439153782    0.499969033442  -0.8  0.8  6.19331166973e-05   0.130887830756     2090.0  5.55239519175  -1.17984147822  -1.01783552966
-0.533333333333  0.266666666667  0.266666666667  0.434398880517  0.0656280408602    0.499973078623  -0.8  0.8  5.38427546073e-05   0.13125608172      2100.0  5.52595521464  -1.17947483144  -1.01776995594
-0.533333333333  0.266666666667  0.266666666667  0.434122831783  0.0659116220004    0.499965546217  -0.8  0.8  6.89075667763e-05   0.131823244001     2110.0  5.49976585344  -1.17877763472  -1.01751443719
-0.533333333333  0.266666666667  0.266666666667  0.433700459086  0.0663240909781    0.499975449936  -0.8  0.8  4.91001285527e-05   0.132648181956     2120.0  5.47382356168  -1.17793975763  -1.01735235642
-0.533333333333  0.266666666667  0.266666666667  0.433591239198  0.0664487941455    0.499959966657  -0.8  0.8  8.00666869024e-05   0.132897588291     2130.0  5.44812485951  -1.17752330259  -1.0171106532
-0.533333333333  0.266666666667  0.266666666667  0.433408090139  0.0666312457595    0.499960664102  -0.8  0.8  7.86717968868e-05   0.133262491519     2140.0  5.42266633213  -1.17712624099  -1.0170066301
-0.533333333333  0.266666666667  0.266666666667  0.433097448132  0.0669459329471    0.499956618921  -0.8  0.8  8.67621589765e-05   0.133891865894     2150.0  5.39744462826  -1.17638124552  -1.01675866184
-0.533333333333  0.266666666667  0.266666666667  0.432805497652  0.0672302115323    0.499964290816  -0.8  0.8  7.14183688047e-05   0.134460423065     2160.0  5.37245645868  -1.17576066245  -1.01660519954
-0.533333333333  0.266666666667  0.266666666667  0.432840230414  0.067204824534     0.499954945052  -0.8  0.8  9.01098950157e-05   0.134409649068     2170.0  5.34769859482  -1.17576261498  -1.01655157965
-0.533333333333  0.266666666667  0.266666666667  0.432489694553  0.0675556393729    0.499954666074  -0.8  0.8  9.06678510205e-05   0.135111278746     2180.0  5.32316786732  -1.17496769499  -1.01631751704
-0.533333333333  0.266666666667  0.266666666667  0.432262466969  0.0677848198025    0.499952713228  -0.8  0.8  9.45735430655e-05   0.135569639605     2190.0  5.29886116473  -1.17444115083  -1.01615453702
-0.533333333333  0.266666666667  0.266666666667  0.43193118059   0.0681181985163    0.499950620893  -0.8  0.8  9.87582131122e-05   0.136236397033     2200.0  5.27477543216  -1.17374230736  -1.01598575175
-0.533333333333  0.266666666667  0.266666666667  0.431681774255  0.0683769506142    0.49994127513   -0.8  0.8  0.000117449739323   0.136753901228     2210.0  5.25090767002  -1.17305730434  -1.01569979886
-0.533333333333  0.266666666667  0.266666666667  0.43148551323   0.0685716772604    0.499942809509  -0.8  0.8  0.000114380981289   0.137143354521     2220.0  5.22725493277  -1.17259491726  -1.01555142942
-0.533333333333  0.266666666667  0.266666666667  0.431174871224  0.0688825982449    0.499942530531  -0.8  0.8  0.000114938937295   0.13776519649      2230.0  5.20381432769  -1.17193682866  -1.01539036804
-0.533333333333  0.266666666667  0.266666666667  0.431024083613  0.0690319909656    0.499943925421  -0.8  0.8  0.000112149157264   0.138063981931     2240.0  5.18058301373  -1.17154762941  -1.01524242896
-0.533333333333  0.266666666667  0.266666666667  0.430748592835  0.0693151536388    0.499936253526  -0.8  0.8  0.000127492947436   0.138630307278     2250.0  5.15755820033  -1.17085992757  -1.01499551237
-0.533333333333  0.266666666667  0.266666666667  0.430603803251  0.0694549216183    0.49994127513   -0.8  0.8  0.000117449739322   0.138909843237     2260.0  5.13473714635  -1.17057720543  -1.01494445356
-0.533333333333  0.266666666667  0.266666666667  0.430075697891  0.0699886065384    0.49993569557   -0.8  0.8  0.000128608859449   0.139977213077     2270.0  5.11211715892  -1.1692849082   -1.0144971249
-0.533333333333  0.266666666667  0.266666666667  0.430087833435  0.0699767499732    0.499935416592  -0.8  0.8  0.000129166815455   0.139953499946     2280.0  5.08969559243  -1.16932243336  -1.0145152332
-0.533333333333  0.266666666667  0.266666666667  0.429681362484  0.0703875450828    0.499931092433  -0.8  0.8  0.000137815133553   0.140775090166     2290.0  5.06746984749  -1.16840712142  -1.01425027478
-0.533333333333  0.266666666667  0.266666666667  0.42964983797   0.0704303682063    0.499919793824  -0.8  0.8  0.000160412351808   0.140860736413     2300.0  5.04543736989  -1.16825357467  -1.01414716725
-0.533333333333  0.266666666667  0.266666666667  0.42931171663   0.0707703029032    0.499917980467  -0.8  0.8  0.000164039065848   0.141540605806     2310.0  5.02359564968  -1.16747848794  -1.01391307466
-0.533333333333  0.266666666667  0.266666666667  0.429224814982  0.070847998277     0.499927186741  -0.8  0.8  0.000145626517641   0.141695996554     2320.0  5.00194222015  -1.16725042628  -1.01382405564
-0.533333333333  0.266666666667  0.266666666667  0.428908453926  0.0711756579417    0.499915888132  -0.8  0.8  0.000168223735895   0.142351315883     2330.0  4.98047465697  -1.16648303483  -1.01356284188
-0.533333333333  0.266666666667  0.266666666667  0.428697965023  0.0713945161852    0.499907518792  -0.8  0.8  0.000184962416083   0.14278903237      2340.0  4.95919057724  -1.16596901976  -1.01338560906
-0.533333333333  0.266666666667  0.266666666667  0.428627662566  0.0714616103949    0.499910727039  -0.8  0.8  0.000178545922011   0.14292322079      2350.0  4.93808763862  -1.16577956385  -1.01330863708
-0.533333333333  0.266666666667  0.266666666667  0.428476595977  0.0716160247197    0.499907379303  -0.8  0.8  0.000185241394086   0.143232049439     2360.0  4.91716353845  -1.16535856866  -1.01312934842
-0.533333333333  0.266666666667  0.266666666667  0.428010702712  0.0720965643301    0.499892732958  -0.8  0.8  0.000214534084416   0.14419312866      2370.0  4.89641601298  -1.16425024172  -1.01276645071
-0.533333333333  0.266666666667  0.266666666667  0.428053525836  0.0720530437616    0.499893430403  -0.8  0.8  0.0002131391944     0.144106087523     2380.0  4.87584283645  -1.16433403636  -1.01278172835
-0.533333333333  0.266666666667  0.266666666667  0.427714288584  0.0723924205024    0.499893290914  -0.8  0.8  0.000213418172404   0.144784841005     2390.0  4.8554418204   -1.16356133888  -1.01255181048
-0.533333333333  0.266666666667  0.266666666667  0.427383141694  0.0727234279032    0.499893430403  -0.8  0.8  0.0002131391944     0.145446855806     2400.0  4.83521081281  -1.16278620172  -1.01230650834
