#mu0            mu1              mu2              x0              x1                 x2              mua  mub   xa                 xb                 T       b              u               phi
0.433333333333  -0.266666666667  -0.166666666667  0.5             0.0                0.5             0.6  -0.7  0.0                0.0                30.0    386.816865025  -1.31774118     -1.58440784667
0.433333333333  -0.266666666667  -0.166666666667  0.5             0.0                0.5             0.6  -0.7  0.0                0.0                40.0    290.112648769  -1.31774118     -1.58440784667
0.433333333333  -0.266666666667  -0.166666666667  0.5             0.0                0.5             0.6  -0.7  0.0                0.0                50.0    232.090119015  -1.31774118     -1.58440784667
0.433333333333  -0.266666666667  -0.166666666667  0.5             0.0                0.5             0.6  -0.7  0.0                0.0                60.0    193.408432513  -1.31774118     -1.58440784667
0.433333333333  -0.266666666667  -0.166666666667  0.5             0.0                0.5             0.6  -0.7  0.0                0.0                70.0    165.778656439  -1.31774118     -1.58440784667
0.433333333333  -0.266666666667  -0.166666666667  0.5             0.0                0.5             0.6  -0.7  0.0                0.0                80.0    145.056324384  -1.31774118     -1.58440784667
0.433333333333  -0.266666666667  -0.166666666667  0.5             0.0                0.5             0.6  -0.7  0.0                0.0                90.0    128.938955008  -1.31774118     -1.58440784667
0.433333333333  -0.266666666667  -0.166666666667  0.5             0.0                0.5             0.6  -0.7  0.0                0.0                100.0   116.045059507  -1.31774118     -1.58440784667
0.433333333333  -0.266666666667  -0.166666666667  0.5             0.0                0.5             0.6  -0.7  0.0                0.0                110.0   105.495508643  -1.31774118     -1.58440784667
0.433333333333  -0.266666666667  -0.166666666667  0.5             0.0                0.5             0.6  -0.7  0.0                0.0                120.0   96.7042162563  -1.31774118     -1.58440784667
0.433333333333  -0.266666666667  -0.166666666667  0.5             0.0                0.5             0.6  -0.7  0.0                0.0                130.0   89.2654303904  -1.31774118     -1.58440784667
0.433333333333  -0.266666666667  -0.166666666667  0.5             0.0                0.5             0.6  -0.7  0.0                0.0                140.0   82.8893282196  -1.31774118     -1.58440784667
0.433333333333  -0.266666666667  -0.166666666667  0.5             0.0                0.5             0.6  -0.7  0.0                0.0                150.0   77.363373005   -1.31774118     -1.58440784667
0.433333333333  -0.266666666667  -0.166666666667  0.5             0.0                0.5             0.6  -0.7  0.0                0.0                160.0   72.5281621922  -1.31774118     -1.58440784667
0.433333333333  -0.266666666667  -0.166666666667  0.5             0.0                0.5             0.6  -0.7  0.0                0.0                170.0   68.2617997103  -1.31774118     -1.58440784667
0.433333333333  -0.266666666667  -0.166666666667  0.5             0.0                0.5             0.6  -0.7  0.0                0.0                180.0   64.4694775042  -1.31774118     -1.58440784667
0.433333333333  -0.266666666667  -0.166666666667  0.5             0.0                0.5             0.6  -0.7  0.0                0.0                190.0   61.0763471092  -1.31774118     -1.58440784667
0.433333333333  -0.266666666667  -0.166666666667  0.5             0.0                0.5             0.6  -0.7  0.0                0.0                200.0   58.0225297537  -1.31774118     -1.58440784667
0.433333333333  -0.266666666667  -0.166666666667  0.5             0.0                0.5             0.6  -0.7  0.0                0.0                210.0   55.2595521464  -1.31774118     -1.58440784667
0.433333333333  -0.266666666667  -0.166666666667  0.5             0.0                0.5             0.6  -0.7  0.0                0.0                220.0   52.7477543216  -1.31774118     -1.58440784667
0.433333333333  -0.266666666667  -0.166666666667  0.5             0.0                0.5             0.6  -0.7  0.0                0.0                230.0   50.4543736989  -1.31774118     -1.58440784667
0.433333333333  -0.266666666667  -0.166666666667  0.5             0.0                0.5             0.6  -0.7  0.0                0.0                240.0   48.3521081281  -1.31774118     -1.58440784667
0.433333333333  -0.266666666667  -0.166666666667  0.5             0.0                0.5             0.6  -0.7  0.0                0.0                250.0   46.418023803   -1.31774118     -1.58440784667
0.433333333333  -0.266666666667  -0.166666666667  0.5             0.0                0.5             0.6  -0.7  0.0                0.0                260.0   44.6327151952  -1.31774118     -1.58440784667
0.433333333333  -0.266666666667  -0.166666666667  0.5             0.0                0.5             0.6  -0.7  0.0                0.0                270.0   42.9796516694  -1.31774118     -1.58440784667
0.433333333333  -0.266666666667  -0.166666666667  0.5             0.0                0.5             0.6  -0.7  0.0                0.0                280.0   41.4446641098  -1.31774118     -1.58440784667
0.433333333333  -0.266666666667  -0.166666666667  0.5             0.0                0.5             0.6  -0.7  0.0                0.0                290.0   40.0155377612  -1.31774118     -1.58440784667
0.433333333333  -0.266666666667  -0.166666666667  0.500000278978  0.0                0.499999721022  0.6  -0.7  5.57956005842e-07  0.0                300.0   38.6816865025  -1.31774061917  -1.58440762061
0.433333333333  -0.266666666667  -0.166666666667  0.500000557956  0.0                0.499999442044  0.6  -0.7  1.11591201168e-06  0.0                310.0   37.4338901637  -1.31774005833  -1.58440739455
0.433333333333  -0.266666666667  -0.166666666667  0.5             0.0                0.5             0.6  -0.7  0.0                0.0                320.0   36.2640810961  -1.31774118     -1.58440784667
0.433333333333  -0.266666666667  -0.166666666667  0.500000278978  0.0                0.499999721022  0.6  -0.7  5.57956005842e-07  0.0                330.0   35.1651695477  -1.31774061917  -1.58440762061
0.433333333333  -0.266666666667  -0.166666666667  0.500001255401  0.0                0.499998744599  0.6  -0.7  2.5108020274e-06   0.0                340.0   34.1308998551  -1.31773865625  -1.5844068294
0.433333333333  -0.266666666667  -0.166666666667  0.500001115912  0.0                0.499998884088  0.6  -0.7  2.23182402526e-06  0.0                350.0   33.1557312879  -1.31773893667  -1.58440694243
0.433333333333  -0.266666666667  -0.166666666667  0.500000697445  0.0                0.499999302555  0.6  -0.7  1.39489001572e-06  0.0                360.0   32.2347387521  -1.31773977792  -1.58440728152
0.433333333333  -0.266666666667  -0.166666666667  0.500001255401  0.0                0.499998744599  0.6  -0.7  2.5108020274e-06   0.0                370.0   31.3635295966  -1.31773865625  -1.5844068294
0.433333333333  -0.266666666667  -0.166666666667  0.500003208247  0.0                0.499996791753  0.6  -0.7  6.41649407218e-06  0.0                380.0   30.5381735546  -1.31773473042  -1.58440524698
0.433333333333  -0.266666666667  -0.166666666667  0.500004603137  0.0                0.499995396863  0.6  -0.7  9.2062741035e-06   0.0                390.0   29.7551434635  -1.31773192625  -1.58440411668
0.433333333333  -0.266666666667  -0.166666666667  0.500006416494  0.0                0.499993583506  0.6  -0.7  1.28329881446e-05  0.0                400.0   29.0112648769  -1.31772828083  -1.58440264729
0.433333333333  -0.266666666667  -0.166666666667  0.500006137516  0.0                0.499993862484  0.6  -0.7  1.22750321387e-05  0.0                410.0   28.3036730506  -1.31772884167  -1.58440287335
0.433333333333  -0.266666666667  -0.166666666667  0.500007113939  0.0                0.499992886061  0.6  -0.7  1.42278781601e-05  0.0                420.0   27.6297760732  -1.31772687875  -1.58440208214
0.433333333333  -0.266666666667  -0.166666666667  0.500007950873  0.0                0.499992049127  0.6  -0.7  1.59017461796e-05  0.0                430.0   26.9872231413  -1.31772519625  -1.58440140396
0.433333333333  -0.266666666667  -0.166666666667  0.500010601164  0.0                0.499989398836  0.6  -0.7  2.12023282382e-05  0.0                440.0   26.3738771608  -1.31771986833  -1.5843992564
0.433333333333  -0.266666666667  -0.166666666667  0.500014785834  0.0                0.499985214166  0.6  -0.7  2.95716683341e-05  0.0                450.0   25.7877910017  -1.31771145583  -1.5843958655
0.433333333333  -0.266666666667  -0.166666666667  0.500017575614  0.0                0.499982424386  0.6  -0.7  3.51512283965e-05  0.0                460.0   25.2271868495  -1.3177058475   -1.5843936049
0.433333333333  -0.266666666667  -0.166666666667  0.50002371313   0.0                0.49997628687   0.6  -0.7  4.74262605341e-05  0.0                470.0   24.6904381931  -1.31769350917  -1.58438863159
0.433333333333  -0.266666666667  -0.166666666667  0.500026921377  0.0                0.499973078623  0.6  -0.7  5.38427546064e-05  0.0                480.0   24.1760540641  -1.31768705958  -1.5843860319
0.433333333333  -0.266666666667  -0.166666666667  0.500029990135  0.0                0.499970009865  0.6  -0.7  5.99802706757e-05  0.0                490.0   23.6826652056  -1.31768089186  -1.58438354669
0.433333333333  -0.266666666667  -0.166666666667  0.500028874223  0.0                0.499971125777  0.6  -0.7  5.77484466504e-05  0.0                500.0   23.2090119015  -1.31768313396  -1.58438444969
0.433333333333  -0.266666666667  -0.166666666667  0.500044636481  0.0                0.499955363519  0.6  -0.7  8.92729610058e-05  0.0                510.0   22.7539332368  -1.31765144677  -1.58437167721
0.433333333333  -0.266666666667  -0.166666666667  0.500065420342  0.0                0.499934579658  0.6  -0.7  0.000130840683474  0.0                520.0   22.3163575976  -1.31760967013  -1.5843548412
0.433333333333  -0.266666666667  -0.166666666667  0.500072813259  0.0                0.499927186741  0.6  -0.7  0.000145626517641  0.0                530.0   21.8952942467  -1.31759480404  -1.58434884662
0.433333333333  -0.266666666667  -0.166666666667  0.500083414423  0.0                0.499916585577  0.6  -0.7  0.000166828845879  0.0                540.0   21.4898258347  -1.31757349067  -1.58434025464
0.433333333333  -0.266666666667  -0.166666666667  0.500089272961  0.0                0.499910727039  0.6  -0.7  0.000178545922012  0.0                550.0   21.0991017286  -1.31756171364  -1.58433550786
0.433333333333  -0.266666666667  -0.166666666667  0.500115357404  0.0                0.499884642596  0.6  -0.7  0.0002307148086    0.0                560.0   20.7223320549  -1.31750927898  -1.58431437453
0.433333333333  -0.266666666667  -0.166666666667  0.50012707448   0.0                0.49987292552   0.6  -0.7  0.000254148960863  0.0                570.0   20.3587823697  -1.31748575026  -1.5843049063
0.433333333333  -0.266666666667  -0.166666666667  0.500148834765  0.0                0.499851165235  0.6  -0.7  0.000297669529354  0.0                580.0   20.0077688806  -1.31744199115  -1.58428725954
0.433333333333  -0.266666666667  -0.166666666667  0.50017324534   0.0                0.49982675466   0.6  -0.7  0.000346490679902  0.0                590.0   19.6686541538  -1.31739290916  -1.58426747023
0.433333333333  -0.266666666667  -0.166666666667  0.500183707015  0.0                0.499816292985  0.6  -0.7  0.000367414030139  0.0                600.0   19.3408432512  -1.31737191943  -1.58425903451
0.433333333333  -0.266666666667  -0.166666666667  0.500234341523  0.0                0.499765658477  0.6  -0.7  0.000468683045279  0.0                610.0   19.0237802471  -1.31727011893  -1.58421799542
0.433333333333  -0.266666666667  -0.166666666667  0.500248569401  0.0                0.499751430599  0.6  -0.7  0.0004971388016    0.0                620.0   18.7169450819  -1.31724151347  -1.58420646341
0.433333333333  -0.266666666667  -0.166666666667  0.500277443624  0.0                0.499722556376  0.6  -0.7  0.00055488724825   0.0                630.0   18.4198507155  -1.31718348436  -1.58418308337
0.433333333333  -0.266666666667  -0.166666666667  0.50031859288   0.0                0.49968140712   0.6  -0.7  0.000637185759178  0.0                640.0   18.132040548   -1.31710076268  -1.5841497408
0.433333333333  -0.266666666667  -0.166666666667  0.50036322936   0.0                0.49963677064   0.6  -0.7  0.000726458720184  0.0                650.0   17.8530860781  -1.3170110509   -1.5841135928
0.433333333333  -0.266666666667  -0.166666666667  0.500405773506  0.0                0.499594226494  0.6  -0.7  0.000811547011141  0.0                660.0   17.5825847739  -1.31692548809  -1.58407908297
0.433333333333  -0.266666666667  -0.166666666667  0.500436321597  0.0                0.499563678403  0.6  -0.7  0.00087264319383   0.0                670.0   17.3201581354  -1.31686416671  -1.5840544193
0.433333333333  -0.266666666667  -0.166666666667  0.500507321499  0.0                0.499492678501  0.6  -0.7  0.00101464299743   0.0                680.0   17.0654499276  -1.31672137744  -1.58399682991
0.433333333333  -0.266666666667  -0.166666666667  0.500549168199  0.0                0.499450831801  0.6  -0.7  0.00109833639837   0.0                690.0   16.8181245663  -1.31663741519  -1.58396308369
0.433333333333  -0.266666666667  -0.166666666667  0.500598826284  0.0                0.499401173716  0.6  -0.7  0.00119765256749   0.0                700.0   16.5778656439  -1.3165376004   -1.5839228586
0.433333333333  -0.266666666667  -0.166666666667  0.500651134659  0.0                0.499348865341  0.6  -0.7  0.00130226931867   0.0                710.0   16.3443745785  -1.31643235856  -1.58388038682
0.433333333333  -0.266666666667  -0.166666666667  0.500704558947  0.0                0.499295441053  0.6  -0.7  0.00140911789387   0.0                720.0   16.117369376   -1.31632476405  -1.58383690145
0.433333333333  -0.266666666667  -0.166666666667  0.500796621688  0.0                0.499203378312  0.6  -0.7  0.00159324337595   0.0                730.0   15.8965834942  -1.31614003671  -1.5837626494
0.433333333333  -0.266666666667  -0.166666666667  0.500886731583  0.0                0.499113268417  0.6  -0.7  0.00177346316598   0.0                740.0   15.6817647983  -1.31595906992  -1.58368981448
0.433333333333  -0.266666666667  -0.166666666667  0.500953546815  0.0                0.499046453185  0.6  -0.7  0.00190709362948   0.0                750.0   15.472674601   -1.31582455617  -1.58363547901
0.433333333333  -0.266666666667  -0.166666666667  0.501027475986  0.0                0.498972524014  0.6  -0.7  0.00205495197115   0.0                760.0   15.2690867773  -1.31567623378  -1.58357587163
0.433333333333  -0.266666666667  -0.166666666667  0.501108937562  0.0                0.498891062438  0.6  -0.7  0.00221787512498   0.0                770.0   15.070786949   -1.31551217256  -1.58350956431
0.433333333333  -0.266666666667  -0.166666666667  0.501176450239  0.0                0.498823549761  0.6  -0.7  0.0023529004785    0.0                780.0   14.8775717317  -1.31537676679  -1.58345517375
0.433333333333  -0.266666666667  -0.166666666667  0.501281903924  0.0                0.498718096076  0.6  -0.7  0.00256380784888   0.0                790.0   14.6892480389  -1.31516478861  -1.58336973998
0.433333333333  -0.266666666667  -0.166666666667  0.501354717183  0.0                0.498645282817  0.6  -0.7  0.00270943436652   0.0                800.0   14.5056324384  -1.31501854557  -1.58331087285
0.433333333333  -0.266666666667  -0.166666666667  0.501497832899  0.0                0.498502167101  0.6  -0.7  0.00299566579774   0.0                810.0   14.3265505565  -1.31473123345  -1.58319529959
0.433333333333  -0.266666666667  -0.166666666667  0.50157036718   0.0                0.49842963282   0.6  -0.7  0.00314073435938   0.0                820.0   14.1518365253  -1.31458564375  -1.58313675104
0.433333333333  -0.266666666667  -0.166666666667  0.501718643988  0.0                0.498281356012  0.6  -0.7  0.00343728797672   0.0                830.0   13.9813324708  -1.31428704261  -1.58301608207
0.433333333333  -0.266666666667  -0.166666666667  0.501832885481  0.0                0.498167114519  0.6  -0.7  0.00366577096129   0.0                840.0   13.8148880366  -1.31405769775  -1.58292382699
0.433333333333  -0.266666666667  -0.166666666667  0.501935967853  0.0                0.498064032147  0.6  -0.7  0.00387193570561   0.0                850.0   13.6523599421  -1.31385089711  -1.5828407252
0.433333333333  -0.266666666667  -0.166666666667  0.502054254526  0.0                0.497945745474  0.6  -0.7  0.00410850905228   0.0                860.0   13.4936115706  -1.31361278885  -1.58274456095
0.433333333333  -0.266666666667  -0.166666666667  0.502210621697  0.0                0.497789378303  0.6  -0.7  0.0044212433938    0.0                870.0   13.3385125871  -1.31329902383  -1.58261843653
0.433333333333  -0.266666666667  -0.166666666667  0.502341183402  0.0                0.497658816598  0.6  -0.7  0.00468236680474   0.0                880.0   13.1869385804  -1.31303659926  -1.58251268601
0.433333333333  -0.266666666667  -0.166666666667  0.502504664512  0.0                0.497495335488  0.6  -0.7  0.00500932902443   0.0                890.0   13.0387707312  -1.31270842848  -1.58238069256
0.433333333333  -0.266666666667  -0.166666666667  0.502631878482  0.0                0.497368121518  0.6  -0.7  0.00526375696329   0.0                900.0   12.8938955008  -1.31245318642  -1.58227810727
0.433333333333  -0.266666666667  -0.166666666667  0.502769135659  0.0                0.497230864341  0.6  -0.7  0.00553827131838   0.0                910.0   12.7522043415  -1.31217637936  -1.58216600882
0.433333333333  -0.266666666667  -0.166666666667  0.503033746295  0.0                0.496966253705  0.6  -0.7  0.00606749259034   0.0                920.0   12.6135934247  -1.31164612084  -1.58195328306
0.433333333333  -0.266666666667  -0.166666666667  0.503129575239  0.0                0.496870424761  0.6  -0.7  0.0062591504785    0.0                930.0   12.4779633879  -1.31145195944  -1.58187411639
0.433333333333  -0.266666666667  -0.166666666667  0.503303378535  0.0                0.496696621465  0.6  -0.7  0.00660675707042   0.0                940.0   12.3452190965  -1.31110448355  -1.58173520446
0.433333333333  -0.266666666667  -0.166666666667  0.503426268346  0.0                0.496573731654  0.6  -0.7  0.00685253669119   0.0                950.0   12.2152694218  -1.31085747172  -1.5816356604
0.433333333333  -0.266666666667  -0.166666666667  0.503598258285  0.0                0.496401741715  0.6  -0.7  0.00719651656906   0.0                960.0   12.088027032   -1.31051116718  -1.58149574379
0.433333333333  -0.266666666667  -0.166666666667  0.503791590041  0.0                0.496208409959  0.6  -0.7  0.00758318008142   0.0                970.0   11.9634081967  -1.31012395051  -1.58134052523
0.433333333333  -0.266666666667  -0.166666666667  0.503986316687  0.0                0.496013683313  0.6  -0.7  0.0079726333738    0.0                980.0   11.8413326028  -1.30973271554  -1.58118296223
0.433333333333  -0.266666666667  -0.166666666667  0.504138638677  0.0                0.495861361323  0.6  -0.7  0.00827727735324   0.0                990.0   11.7217231826  -1.30942517671  -1.58105820979
0.433333333333  -0.266666666667  -0.166666666667  0.504405202159  0.0                0.495594797841  0.6  -0.7  0.00881040431724   0.0                1000.0  11.6045059507  -1.30889150223  -1.58084441149
0.433333333333  -0.266666666667  -0.166666666667  0.504612064348  0.0                0.495387935652  0.6  -0.7  0.0092241286959    0.0                1010.0  11.4896098522  -1.30847481441  -1.58067595829
0.433333333333  -0.266666666667  -0.166666666667  0.504803443258  0.0                0.495196556742  0.6  -0.7  0.00960688651621   0.0                1020.0  11.3769666184  -1.30809072541  -1.58052152399
0.433333333333  -0.266666666667  -0.166666666667  0.504945582551  0.0                0.495054417449  0.6  -0.7  0.00989116510141   0.0                1030.0  11.2665106318  -1.30780645253  -1.58040781826
0.433333333333  -0.266666666667  -0.166666666667  0.505201823847  0.0                0.494798176153  0.6  -0.7  0.0104036476932    0.0                1040.0  11.1581787988  -1.30728936753  -1.58019822281
0.433333333333  -0.266666666667  -0.166666666667  0.505377579989  0.0                0.494622420011  0.6  -0.7  0.0107551599771    0.0                1050.0  11.0519104293  -1.30693714623  -1.58005690888
0.433333333333  -0.266666666667  -0.166666666667  0.505739135481  0.0                0.494260864519  0.6  -0.7  0.0114782709613    0.0                1060.0  10.9476471233  -1.30621243314  -1.57976606239
0.433333333333  -0.266666666667  -0.166666666667  0.505912799288  0.0                0.494087200712  0.6  -0.7  0.0118255985752    0.0                1070.0  10.8453326643  -1.30586118939  -1.57962321521
0.433333333333  -0.266666666667  -0.166666666667  0.506128449284  0.0                0.493871550716  0.6  -0.7  0.0122568985681    0.0                1080.0  10.7449129174  -1.30542920241  -1.57945000822
0.433333333333  -0.266666666667  -0.166666666667  0.506377576641  0.0                0.493622423359  0.6  -0.7  0.0127551532817    0.0                1090.0  10.6463357346  -1.30492821513  -1.57924797376
0.433333333333  -0.266666666667  -0.166666666667  0.506617358235  0.0                0.493382641765  0.6  -0.7  0.0132347164691    0.0                1100.0  10.5495508643  -1.3044468969   -1.57905439345
0.433333333333  -0.266666666667  -0.166666666667  0.506807481744  0.0                0.493192518256  0.6  -0.7  0.0136149634874    0.0                1110.0  10.4545098655  -1.30406450754  -1.5789001523
0.433333333333  -0.266666666667  -0.166666666667  0.507191355476  0.0                0.492808644524  0.6  -0.7  0.014382710952     0.0                1120.0  10.3611660275  -1.30329502253  -1.57859131577
0.433333333333  -0.266666666667  -0.166666666667  0.507332099879  0.0                0.492667900121  0.6  -0.7  0.0146641997572    0.0                1130.0  10.2694742927  -1.30301053666  -1.57847572318
0.433333333333  -0.266666666667  -0.166666666667  0.507633256633  0.0                0.492366743367  0.6  -0.7  0.015266513266     0.0                1140.0  10.1793911849  -1.3024087849   -1.57823535953
0.433333333333  -0.266666666667  -0.166666666667  0.507759494179  0.0                0.492240505821  0.6  -0.7  0.0155189883588    0.0                1150.0  10.0908747398  -1.30215167876  -1.57812973844
0.433333333333  -0.266666666667  -0.166666666667  0.508155224477  0.0                0.491844775523  0.6  -0.7  0.0163104489537    0.0                1160.0  10.0038844403  -1.30135953707  -1.57781247311
0.433333333333  -0.266666666667  -0.166666666667  0.508473538378  0.0                0.491526461622  0.6  -0.7  0.0169470767569    0.0                1170.0  9.91838115449  -1.30071672908  -1.5775516418
0.433333333333  -0.266666666667  -0.166666666667  0.508590848629  0.0                0.491409151371  0.6  -0.7  0.0171816972575    0.0                1180.0  9.83432707691  -1.30047947218  -1.5774551572
0.433333333333  -0.266666666667  -0.166666666667  0.508917252892  0.0                0.491082747108  0.6  -0.7  0.0178345057849    0.0                1190.0  9.7516856729   -1.2998241719   -1.57719154203
0.433333333333  -0.266666666667  -0.166666666667  0.509191209292  0.0                0.490808790708  0.6  -0.7  0.0183824185831    0.0                1200.0  9.67042162562  -1.29927074017  -1.57696685799
0.433333333333  -0.266666666667  -0.166666666667  0.509481764882  0.0                0.490518235118  0.6  -0.7  0.0189635297636    0.0                1210.0  9.59050078574  -1.2986901489   -1.57673493343
0.433333333333  -0.266666666667  -0.166666666667  0.509749304787  0.0                0.490250695213  0.6  -0.7  0.0194986095736    0.0                1220.0  9.51189012357  -1.29815327045  -1.57651910286
0.433333333333  -0.266666666667  -0.166666666667  0.509998432144  0.0                0.490001567856  0.6  -0.7  0.0199968642872    0.0                1230.0  9.43455768354  -1.29765052715  -1.57631531239
0.433333333333  -0.266666666667  -0.166666666667  0.510372960113  0.0                0.489627039887  0.6  -0.7  0.0207459202257    0.0                1240.0  9.35847254093  -1.29690086311  -1.57601508192
0.433333333333  -0.266666666667  -0.166666666667  0.510535604289  0.0                0.489464395711  0.6  -0.7  0.0210712085773    0.0                1250.0  9.2836047606   -1.29657231028  -1.5758817021
0.433333333333  -0.266666666667  -0.166666666667  0.510863263953  0.0                0.489136736047  0.6  -0.7  0.0217265279067    0.0                1260.0  9.20992535774  -1.29591134907  -1.57561393248
0.433333333333  -0.266666666667  -0.166666666667  0.511220774264  2.7897800293e-07   0.488778946758  0.6  -0.7  0.0224421064848    5.57956005859e-07  1270.0  9.13740626043  -1.29519186495  -1.57532340494
0.433333333333  -0.266666666667  -0.166666666667  0.511518304305  0.0                0.488481695695  0.6  -0.7  0.0230366086095    0.0                1280.0  9.06602027402  -1.29459389236  -1.5750825242
0.433333333333  -0.266666666667  -0.166666666667  0.511840105431  0.0                0.488159894569  0.6  -0.7  0.0236802108627    0.0                1290.0  8.99574104709  -1.29394810838  -1.57482290156
0.433333333333  -0.266666666667  -0.166666666667  0.512067611993  0.0                0.487932388007  0.6  -0.7  0.0241352239859    0.0                1300.0  8.92654303904  -1.29348923691  -1.57463703797
0.433333333333  -0.266666666667  -0.166666666667  0.512443953319  0.0                0.487556046681  0.6  -0.7  0.0248879066383    0.0                1310.0  8.85840148912  -1.29272954663  -1.57432895728
0.433333333333  -0.266666666667  -0.166666666667  0.512659603316  2.7897800293e-07   0.487340117706  0.6  -0.7  0.0253197645872    5.57956005859e-07  1320.0  8.79129238693  -1.29229605258  -1.57415418743
0.433333333333  -0.266666666667  -0.166666666667  0.513018787495  1.39489001953e-07  0.486981073016  0.6  -0.7  0.0260378539673    2.78978003906e-07  1330.0  8.72519244417  -1.29156531068  -1.57385449444
0.433333333333  -0.266666666667  -0.166666666667  0.513336264462  1.39489001953e-07  0.486663596049  0.6  -0.7  0.0266728079024    2.78978003906e-07  1340.0  8.66007906772  -1.29093129481  -1.57360145093
0.433333333333  -0.266666666667  -0.166666666667  0.513588181599  4.18467004883e-07  0.486411399934  0.6  -0.7  0.0271772001321    8.36934009766e-07  1350.0  8.59593033389  -1.29042568134  -1.57339808223
0.433333333333  -0.266666666667  -0.166666666667  0.513955037673  1.39489001953e-07  0.486044822838  0.6  -0.7  0.0279103543244    2.78978003906e-07  1360.0  8.53272496379  -1.28968365568  -1.57309633965
0.433333333333  -0.266666666667  -0.166666666667  0.5142362475    1.39489001953e-07  0.485763613011  0.6  -0.7  0.0284727739787    2.78978003906e-07  1370.0  8.47044229982  -1.28911814526  -1.57286828103
0.433333333333  -0.266666666667  -0.166666666667  0.51459529219   0.0                0.48540470781   0.6  -0.7  0.0291905843808    0.0                1380.0  8.40906228315  -1.28839670503  -1.57257772232
0.433333333333  -0.266666666667  -0.166666666667  0.514937737689  2.7897800293e-07   0.485061983333  0.6  -0.7  0.0298760333345    5.57956005859e-07  1390.0  8.34856543219  -1.28770756341  -1.57229945951
0.433333333333  -0.266666666667  -0.166666666667  0.515291342308  1.39489001953e-07  0.484708518203  0.6  -0.7  0.0305829635945    2.78978003906e-07  1400.0  8.28893282196  -1.28699508092  -1.57201133046
0.433333333333  -0.266666666667  -0.166666666667  0.515566554108  2.7897800293e-07   0.484433166914  0.6  -0.7  0.0311336661727    5.57956005859e-07  1410.0  8.23014606436  -1.28643604966  -1.57178252546
0.433333333333  -0.266666666667  -0.166666666667  0.515848879848  2.7897800293e-07   0.484150841174  0.6  -0.7  0.031698317651     5.57956005859e-07  1420.0  8.17218728926  -1.28586356262  -1.57154882931
0.433333333333  -0.266666666667  -0.166666666667  0.516157987475  4.18467004883e-07  0.483841594058  0.6  -0.7  0.032316811884     8.36934009766e-07  1430.0  8.1150391264   -1.28524747878  -1.57130364673
0.433333333333  -0.266666666667  -0.166666666667  0.516495271881  2.7897800293e-07   0.483504449141  0.6  -0.7  0.0329911017176    5.57956005859e-07  1440.0  8.05868468802  -1.28455931257  -1.5710202497
0.433333333333  -0.266666666667  -0.166666666667  0.51688653853   1.1159120127e-06   0.483112345558  0.6  -0.7  0.0337753088844    2.23182402539e-06  1450.0  8.00310755224  -1.28376556687  -1.57069585659
0.433333333333  -0.266666666667  -0.166666666667  0.517057412557  1.39489001953e-07  0.482942447954  0.6  -0.7  0.0341151040923    2.78978003906e-07  1460.0  7.94829174709  -1.28342946038  -1.57056499422
0.433333333333  -0.266666666667  -0.166666666667  0.517417015203  1.1159120127e-06   0.482581868885  0.6  -0.7  0.0348362622304    2.23182402539e-06  1470.0  7.8942217352   -1.2826925776   -1.57025943933
0.433333333333  -0.266666666667  -0.166666666667  0.51781288499   5.57956005859e-07  0.482186557054  0.6  -0.7  0.0356268858913    1.11591201172e-06  1480.0  7.84088239916  -1.28190286153  -1.56994487859
0.433333333333  -0.266666666667  -0.166666666667  0.518205686018  2.7897800293e-07   0.481794035004  0.6  -0.7  0.0364119299921    5.57956005859e-07  1490.0  7.78825902735  -1.28110659186  -1.56962002595
0.433333333333  -0.266666666667  -0.166666666667  0.518430123822  6.97445007813e-07  0.481569178733  0.6  -0.7  0.0368616425332    1.39489001563e-06  1500.0  7.7363373005   -1.28065714915  -1.56943982491
0.433333333333  -0.266666666667  -0.166666666667  0.518833107547  5.57956005859e-07  0.481166334497  0.6  -0.7  0.0376673310063    1.11591201172e-06  1510.0  7.68510327864  -1.27983792656  -1.56910421069
0.433333333333  -0.266666666667  -0.166666666667  0.519119617956  4.18467004883e-07  0.480879963577  0.6  -0.7  0.0382400728467    8.36934009766e-07  1520.0  7.63454338865  -1.27925215726  -1.56886228178
0.433333333333  -0.266666666667  -0.166666666667  0.51937195356   4.18467004883e-07  0.480627627973  0.6  -0.7  0.0387447440544    8.36934009766e-07  1530.0  7.58464441225  -1.27874297002  -1.56865589727
0.433333333333  -0.266666666667  -0.166666666667  0.519736159343  1.25540101367e-06  0.480262585256  0.6  -0.7  0.0394748294886    2.51080202734e-06  1540.0  7.53539347451  -1.27800575273  -1.56835555952
0.433333333333  -0.266666666667  -0.166666666667  0.519982636409  5.57956005859e-07  0.480016805635  0.6  -0.7  0.0399663887302    1.11591201172e-06  1550.0  7.48677803274  -1.27750677096  -1.56815248972
0.433333333333  -0.266666666667  -0.166666666667  0.520415749759  8.36934009766e-07  0.479583413307  0.6  -0.7  0.0408331733859    1.67386801953e-06  1560.0  7.43878586587  -1.2766387752   -1.56780417419
0.433333333333  -0.266666666667  -0.166666666667  0.520900753017  5.57956005859e-07  0.479098689027  0.6  -0.7  0.0418026219469    1.11591201172e-06  1570.0  7.39140506417  -1.2756478657   -1.56739532439
0.433333333333  -0.266666666667  -0.166666666667  0.521162294895  1.67386801855e-06  0.478836031237  0.6  -0.7  0.0423279375268    3.34773603711e-06  1580.0  7.34462401946  -1.27511505982  -1.56717614559
0.433333333333  -0.266666666667  -0.166666666667  0.521370412486  1.53437901758e-06  0.478628053135  0.6  -0.7  0.0427438937295    3.06875803516e-06  1590.0  7.29843141557  -1.27469577208  -1.56700662686
0.433333333333  -0.266666666667  -0.166666666667  0.521735036736  2.23182402539e-06  0.47826273144   0.6  -0.7  0.0434745371197    4.46364805078e-06  1600.0  7.25281621922  -1.2739511313   -1.56669939568
0.433333333333  -0.266666666667  -0.166666666667  0.522108309304  1.25540101367e-06  0.477890435295  0.6  -0.7  0.0442191294101    2.51080202734e-06  1610.0  7.20776767127  -1.27320248793  -1.56639887468
0.433333333333  -0.266666666667  -0.166666666667  0.522447546556  2.9292690332e-06   0.477549524175  0.6  -0.7  0.0449009516498    5.85853806641e-06  1620.0  7.16327527824  -1.27250271892  -1.5661058556
0.433333333333  -0.266666666667  -0.166666666667  0.522765720968  1.1159120127e-06   0.47723316312   0.6  -0.7  0.0455336737609    2.23182402539e-06  1630.0  7.11932880414  -1.27185852373  -1.56584383237
0.433333333333  -0.266666666667  -0.166666666667  0.523140248938  1.39489001563e-06  0.476858356172  0.6  -0.7  0.0462832876553    2.78978003125e-06  1640.0  7.07591826265  -1.27109695797  -1.56553164438
0.433333333333  -0.266666666667  -0.166666666667  0.523396908701  2.65029103027e-06  0.476600441008  0.6  -0.7  0.0467991179831    5.30058206055e-06  1650.0  7.03303390954  -1.27057515798  -1.56531758503
0.433333333333  -0.266666666667  -0.166666666667  0.52365677671   1.67386801855e-06  0.476341549422  0.6  -0.7  0.047316901157     3.34773603711e-06  1660.0  6.99066623539  -1.27004704128  -1.56510150523
0.433333333333  -0.266666666667  -0.166666666667  0.524135084497  4.88211505469e-06  0.475860033388  0.6  -0.7  0.0482799332238    9.76423010938e-06  1670.0  6.94880595853  -1.26906432788  -1.56469211952
0.433333333333  -0.266666666667  -0.166666666667  0.524313769908  2.37131302637e-06  0.475683858779  0.6  -0.7  0.0486322824418    4.74262605273e-06  1680.0  6.9074440183   -1.26870644626  -1.56454916255
0.433333333333  -0.266666666667  -0.166666666667  0.524620506222  2.23182402539e-06  0.475377261954  0.6  -0.7  0.0492454760927    4.46364805078e-06  1690.0  6.86657156849  -1.26808259901  -1.56429342678
0.433333333333  -0.266666666667  -0.166666666667  0.525087236422  4.88211505469e-06  0.474907881463  0.6  -0.7  0.0501842370733    9.76423010938e-06  1700.0  6.82617997103  -1.26713366668  -1.56390404063
0.433333333333  -0.266666666667  -0.166666666667  0.525646726807  4.18467004688e-06  0.474349088523  0.6  -0.7  0.0513018229539    8.36934009375e-06  1710.0  6.78626078991  -1.26599876196  -1.56344066386
0.433333333333  -0.266666666667  -0.166666666667  0.525743113707  2.51080202832e-06  0.474254375491  0.6  -0.7  0.051491249018     5.02160405664e-06  1720.0  6.74680578532  -1.26579993899  -1.56335783995
0.433333333333  -0.266666666667  -0.166666666667  0.526017767551  4.4636480498e-06   0.473977768801  0.6  -0.7  0.0520444623982    8.92729609961e-06  1730.0  6.70780690795  -1.26524145417  -1.56312854917
0.433333333333  -0.266666666667  -0.166666666667  0.526439303314  3.48722503906e-06  0.473557209461  0.6  -0.7  0.0528855810777    6.97445007813e-06  1740.0  6.66925629353  -1.26437635092  -1.56276948412
0.433333333333  -0.266666666667  -0.166666666667  0.52670949351   5.02160405664e-06  0.473285484886  0.6  -0.7  0.0534290302278    1.00432081133e-05  1750.0  6.63114625757  -1.26381964658  -1.56253670114
0.433333333333  -0.266666666667  -0.166666666667  0.526982333997  6.83496107715e-06  0.473010831042  0.6  -0.7  0.053978337916     1.36699221543e-05  1760.0  6.5934692902   -1.26325312282  -1.56229722329
0.433333333333  -0.266666666667  -0.166666666667  0.527397313777  4.88211505469e-06  0.472597804108  0.6  -0.7  0.0548043917833    9.76423010938e-06  1770.0  6.55621805127  -1.26241690751  -1.56195937429
0.433333333333  -0.266666666667  -0.166666666667  0.527769470433  4.74262605371e-06  0.472225786941  0.6  -0.7  0.0555484261177    9.48525210742e-06  1780.0  6.51938536559  -1.26164799951  -1.56163708217
0.433333333333  -0.266666666667  -0.166666666667  0.528075509302  5.71904906445e-06  0.471918771649  0.6  -0.7  0.0561624567026    1.14380981289e-05  1790.0  6.4829642183   -1.26102073866  -1.56137687267
0.433333333333  -0.266666666667  -0.166666666667  0.52825600807   5.71904906445e-06  0.471738272881  0.6  -0.7  0.0565234542387    1.14380981289e-05  1800.0  6.44694775042  -1.26064168915  -1.56121442169
0.433333333333  -0.266666666667  -0.166666666667  0.528732223522  8.09036209082e-06  0.471259686116  0.6  -0.7  0.0574806277675    1.61807241816e-05  1810.0  6.41132925456  -1.25967951628  -1.5608232331
0.433333333333  -0.266666666667  -0.166666666667  0.529004366564  7.25342808203e-06  0.470988380008  0.6  -0.7  0.0580232399836    1.45068561641e-05  1820.0  6.37610217074  -1.259111687    -1.56058214285
0.433333333333  -0.266666666667  -0.166666666667  0.529201743501  1.1159120126e-05   0.470787097379  0.6  -0.7  0.0584258052421    2.2318240252e-05   1830.0  6.34126008238  -1.25869200087  -1.56039852791
0.433333333333  -0.266666666667  -0.166666666667  0.529598310732  9.20627410352e-06  0.470392482994  0.6  -0.7  0.059215034013     1.8412548207e-05   1840.0  6.30679671236  -1.25789505915  -1.56007785744
0.433333333333  -0.266666666667  -0.166666666667  0.529940477253  1.26934991426e-05  0.470046829248  0.6  -0.7  0.0599063415048    2.53869982852e-05  1850.0  6.27270591932  -1.25718074992  -1.55977345059
0.433333333333  -0.266666666667  -0.166666666667  0.53045644707   9.20627410352e-06  0.469534346656  0.6  -0.7  0.0609313066883    1.8412548207e-05   1860.0  6.23898169395  -1.25613131106  -1.55934387296
0.433333333333  -0.266666666667  -0.166666666667  0.530693717862  1.1298609127e-05   0.469294983529  0.6  -0.7  0.0614100329417    2.25972182539e-05  1870.0  6.20561815548  -1.25564241615  -1.55913928453
0.433333333333  -0.266666666667  -0.166666666667  0.531099212389  1.15775871309e-05  0.468889210024  0.6  -0.7  0.0622215799529    2.31551742617e-05  1880.0  6.17260954827  -1.25479940993  -1.55878281594
0.433333333333  -0.266666666667  -0.166666666667  0.531285988162  1.1159120126e-05   0.468702852717  0.6  -0.7  0.0625942945651    2.2318240252e-05   1890.0  6.13995023849  -1.25442929154  -1.55863691218
0.433333333333  -0.266666666667  -0.166666666667  0.53161043958   1.00432081133e-05  0.468379517212  0.6  -0.7  0.0632409655763    2.00864162266e-05  1900.0  6.10763471092  -1.25377323904  -1.55837042456
0.433333333333  -0.266666666667  -0.166666666667  0.531893602253  1.42278781602e-05  0.468092169869  0.6  -0.7  0.0638156602628    2.84557563203e-05  1910.0  6.07565756584  -1.25315724903  -1.55809339282
0.433333333333  -0.266666666667  -0.166666666667  0.532270083068  8.92729610059e-06  0.467720989635  0.6  -0.7  0.0645580207292    1.78545922012e-05  1920.0  6.04401351602  -1.25240387364  -1.55779285453
0.433333333333  -0.266666666667  -0.166666666667  0.532735976334  1.17170761318e-05  0.46725230659   0.6  -0.7  0.0654953868197    2.34341522637e-05  1930.0  6.01269738381  -1.25143064148  -1.55737813633
0.433333333333  -0.266666666667  -0.166666666667  0.532952742242  1.67386801885e-05  0.467030519078  0.6  -0.7  0.0659389618447    3.3477360377e-05   1940.0  5.98170409833  -1.25096610534  -1.55717271496
0.433333333333  -0.266666666667  -0.166666666667  0.533223211416  1.64597021855e-05  0.466760328882  0.6  -0.7  0.0664793422368    3.29194043711e-05  1950.0  5.95102869269  -1.25041424595  -1.55694547437
0.433333333333  -0.266666666667  -0.166666666667  0.533667762864  1.99469272246e-05  0.466312290209  0.6  -0.7  0.0673754195829    3.98938544492e-05  1960.0  5.9206663014   -1.24948806638  -1.55655205909
0.433333333333  -0.266666666667  -0.166666666667  0.533799858949  1.98074382227e-05  0.466180333613  0.6  -0.7  0.0676393327739    3.96148764453e-05  1970.0  5.89061215774  -1.24921087227  -1.55643340819
0.433333333333  -0.266666666667  -0.166666666667  0.534071304546  1.70176581914e-05  0.465911677796  0.6  -0.7  0.0681766444079    3.40353163828e-05  1980.0  5.86086159129  -1.24867068408  -1.55621951267
0.433333333333  -0.266666666667  -0.166666666667  0.534516553439  1.95284602197e-05  0.465463918101  0.6  -0.7  0.069072163798     3.90569204395e-05  1990.0  5.8314100255   -1.24772040766  -1.55580303276
0.433333333333  -0.266666666667  -0.166666666667  0.534819942017  2.35736412656e-05  0.465156484342  0.6  -0.7  0.069687031317     4.71472825312e-05  2000.0  5.80225297537  -1.24709919507  -1.55554507743
0.433333333333  -0.266666666667  -0.166666666667  0.535040195151  2.87347343232e-05  0.464931070115  0.6  -0.7  0.07013785977      5.74694686465e-05  2010.0  5.77338604515  -1.24661009068  -1.55531924458
0.433333333333  -0.266666666667  -0.166666666667  0.535307456078  2.69213773037e-05  0.464665622545  0.6  -0.7  0.07066875491      5.38427546074e-05  2020.0  5.74480492611  -1.24607893414  -1.55510916382
0.433333333333  -0.266666666667  -0.166666666667  0.535785345397  2.5944954292e-05   0.464188709649  0.6  -0.7  0.0716225807028    5.1889908584e-05   2030.0  5.71650539446  -1.24507944383  -1.55468333598
0.433333333333  -0.266666666667  -0.166666666667  0.536090547333  2.83162673193e-05  0.4638811364    0.6  -0.7  0.0722377271997    5.66325346387e-05  2040.0  5.68848330919  -1.24444083841  -1.55441049862
0.433333333333  -0.266666666667  -0.166666666667  0.536422391667  2.45500642764e-05  0.463553058268  0.6  -0.7  0.0728938834631    4.91001285527e-05  2050.0  5.66073461012  -1.24378471246  -1.55415333911
0.433333333333  -0.266666666667  -0.166666666667  0.536682678144  2.92926903301e-05  0.463288029165  0.6  -0.7  0.073423941669     5.85853806602e-05  2060.0  5.6332553159   -1.24321396292  -1.55389398482
0.433333333333  -0.266666666667  -0.166666666667  0.536996388909  2.41315972715e-05  0.462979479494  0.6  -0.7  0.074041041012     4.8263194543e-05   2070.0  5.6060415221   -1.2425836194   -1.55364112644
0.433333333333  -0.266666666667  -0.166666666667  0.537184978039  3.29194043711e-05  0.462782102557  0.6  -0.7  0.0744357948864    6.58388087422e-05  2080.0  5.5790893994   -1.24214979506  -1.5534318515
0.433333333333  -0.266666666667  -0.166666666667  0.537483623991  3.36168493789e-05  0.462482759159  0.6  -0.7  0.0750344816812    6.72336987578e-05  2090.0  5.55239519175  -1.24154308655  -1.55318337864
0.433333333333  -0.266666666667  -0.166666666667  0.53783443883   3.23614483643e-05  0.462133199721  0.6  -0.7  0.0757336005571    6.47228967285e-05  2100.0  5.52595521464  -1.24080982885  -1.55287134982
0.433333333333  -0.266666666667  -0.166666666667  0.538395742572  3.50117393945e-05  0.461569245688  0.6  -0.7  0.0768615086238    7.00234787891e-05  2110.0  5.49976585344  -1.23962681797  -1.55236137337
0.433333333333  -0.266666666667  -0.166666666667  0.53845893109   4.04518104561e-05  0.461500617099  0.6  -0.7  0.0769987658013    8.09036209121e-05  2120.0  5.47382356168  -1.23947396769  -1.55228326131
0.433333333333  -0.266666666667  -0.166666666667  0.538752694928  4.10097664619e-05  0.461206295306  0.6  -0.7  0.0775874093879    8.20195329238e-05  2130.0  5.44812485951  -1.23887164344  -1.55203334206
0.433333333333  -0.266666666667  -0.166666666667  0.539009075712  4.10097664619e-05  0.460949914521  0.6  -0.7  0.0781001709577    8.20195329238e-05  2140.0  5.42266633213  -1.2383288931   -1.55179824867
0.433333333333  -0.266666666667  -0.166666666667  0.539360587996  4.65893265244e-05  0.460592822677  0.6  -0.7  0.0788143546458    9.31786530488e-05  2150.0  5.39744462826  -1.23757234494  -1.55146239934
0.433333333333  -0.266666666667  -0.166666666667  0.53961571338   4.00333434512e-05  0.460344253276  0.6  -0.7  0.0793114934474    8.00666869023e-05  2160.0  5.37245645868  -1.23707057976  -1.55126809582
0.433333333333  -0.266666666667  -0.166666666667  0.540107412111  4.25441454795e-05  0.459850043744  0.6  -0.7  0.0802999125125    8.5088290959e-05   2170.0  5.34769859482  -1.23603950091  -1.55082655328
0.433333333333  -0.266666666667  -0.166666666667  0.540395177921  5.03555295674e-05  0.459554466549  0.6  -0.7  0.0808910669012    0.000100711059135  2180.0  5.32316786732  -1.23541337253  -1.5505441816
0.433333333333  -0.266666666667  -0.166666666667  0.540661043958  4.57523925156e-05  0.459293203649  0.6  -0.7  0.081413592701     9.15047850313e-05  2190.0  5.29886116473  -1.23486595596  -1.5503167249
0.433333333333  -0.266666666667  -0.166666666667  0.540953831372  6.01197596768e-05  0.458986048868  0.6  -0.7  0.082027902264     0.000120239519354  2200.0  5.27477543216  -1.23418610906  -1.54998534943
0.433333333333  -0.266666666667  -0.166666666667  0.541237133534  5.24478645908e-05  0.458710418601  0.6  -0.7  0.0825791627982    0.000104895729182  2210.0  5.25090767002  -1.23363990606  -1.5497806434
0.433333333333  -0.266666666667  -0.166666666667  0.541515135115  5.23083755889e-05  0.45843255651   0.6  -0.7  0.0831348869804    0.000104616751178  2220.0  5.22725493277  -1.23306994301  -1.54954431014
0.433333333333  -0.266666666667  -0.166666666667  0.541878503964  6.58388087412e-05  0.458055657228  0.6  -0.7  0.0838886855449    0.000131677617482  2230.0  5.20381432769  -1.23222805138  -1.54913575504
0.433333333333  -0.266666666667  -0.166666666667  0.5420061364    6.15146496934e-05  0.45793234895   0.6  -0.7  0.0841353020997    0.000123029299387  2240.0  5.18058301373  -1.23198530572  -1.54904703313
0.433333333333  -0.266666666667  -0.166666666667  0.542397821517  6.75126767607e-05  0.457534665807  0.6  -0.7  0.0849306683867    0.000135025353521  2250.0  5.15755820033  -1.2311449738   -1.54867552375
0.433333333333  -0.266666666667  -0.166666666667  0.542701628562  6.40254517207e-05  0.457234345986  0.6  -0.7  0.0855313080274    0.000128050903441  2260.0  5.13473714635  -1.23051110039  -1.54840691624
0.433333333333  -0.266666666667  -0.166666666667  0.542842930921  6.62572757461e-05  0.457090811804  0.6  -0.7  0.0858183763927    0.000132514551492  2270.0  5.11211715892  -1.23021364017  -1.54827857248
0.433333333333  -0.266666666667  -0.166666666667  0.543238661218  7.44871268389e-05  0.456686851655  0.6  -0.7  0.0866262966898    0.000148974253678  2280.0  5.08969559243  -1.22934767232  -1.54788583503
0.433333333333  -0.266666666667  -0.166666666667  0.543553766873  7.50450828457e-05  0.456371188045  0.6  -0.7  0.0872576239109    0.000150090165691  2290.0  5.06746984749  -1.22867176723  -1.54758794513
0.433333333333  -0.266666666667  -0.166666666667  0.543770532781  8.09036209111e-05  0.456148563598  0.6  -0.7  0.0877028728039    0.000161807241822  2300.0  5.04543736989  -1.2281958961   -1.54737102138
0.433333333333  -0.266666666667  -0.166666666667  0.54431970098   8.84360269961e-05  0.455591862993  0.6  -0.7  0.0888162740144    0.000176872053992  2310.0  5.02359564968  -1.22703108109  -1.54686370172
0.433333333333  -0.266666666667  -0.166666666667  0.544548741921  8.27169779316e-05  0.455368541101  0.6  -0.7  0.0892629177975    0.000165433955863  2320.0  5.00194222015  -1.22656119978  -1.54666981336
0.433333333333  -0.266666666667  -0.166666666667  0.544705109092  9.12258070273e-05  0.455203665101  0.6  -0.7  0.0895926697972    0.000182451614055  2330.0  4.98047465697  -1.22618221107  -1.54647676348
0.433333333333  -0.266666666667  -0.166666666667  0.544989387677  9.16442740322e-05  0.454918968049  0.6  -0.7  0.0901620639016    0.000183288548064  2340.0  4.95919057724  -1.22558085177  -1.5462164548
0.433333333333  -0.266666666667  -0.166666666667  0.545319837121  9.10863180264e-05  0.45458907656   0.6  -0.7  0.090821846879     0.000182172636053  2350.0  4.93808763862  -1.2249239674   -1.54595622135
0.433333333333  -0.266666666667  -0.166666666667  0.545558363314  9.28996750469e-05  0.454348737011  0.6  -0.7  0.0913025259784    0.000185799350094  2360.0  4.91716353845  -1.22439589242  -1.54571401513
0.433333333333  -0.266666666667  -0.166666666667  0.54591517618   0.00010029259213   0.453984531228  0.6  -0.7  0.0920309375446    0.00020058518426   2370.0  4.89641601298  -1.22360091849  -1.54534573805
0.433333333333  -0.266666666667  -0.166666666667  0.546120503991  0.000111033245251  0.453768462764  0.6  -0.7  0.0924630744715    0.000222066490502  2380.0  4.87584283645  -1.22314172111  -1.54513078591
0.433333333333  -0.266666666667  -0.166666666667  0.546342570481  0.000118147184331  0.453539282335  0.6  -0.7  0.0929214353307    0.000236294368662  2390.0  4.8554418204   -1.222619958    -1.54487407981
0.433333333333  -0.266666666667  -0.166666666667  0.546727420636  0.000108522443223  0.45316405692   0.6  -0.7  0.0936718861591    0.000217044886445  2400.0  4.83521081281  -1.2218969621   -1.54461482904
