#mu0  mu1  mu2  x0              x1              x2              mua   mub  xa                  xb              T       b              u                phi
-0.9  0.5  0.4  0.331870279692  0.168129720308  0.5             -1.3  1.4  0.0                 0.336259440616  30.0    386.816865025  -0.971457246779  -0.942220463641
-0.9  0.5  0.4  0.331647934224  0.168352065776  0.5             -1.3  1.4  5.55111512313e-17   0.336704131553  40.0    290.112648769  -0.97099495791   -0.942380742084
-0.9  0.5  0.4  0.330627014221  0.169372985779  0.5             -1.3  1.4  5.55111512313e-17   0.338745971558  50.0    232.090119015  -0.968364153732  -0.942608513913
-0.9  0.5  0.4  0.33019125058   0.16980874942   0.5             -1.3  1.4  2.77555756156e-17   0.339617498839  60.0    193.408432513  -0.967242533989  -0.942707032364
-0.9  0.5  0.4  0.330185392042  0.169814607958  0.5             -1.3  1.4  -2.77555756156e-17  0.339629215916  70.0    165.778656439  -0.967224020982  -0.942704923264
-0.9  0.5  0.4  0.331539272291  0.168460727709  0.5             -1.3  1.4  5.55111512313e-17   0.336921455417  80.0    145.056324384  -0.972166699857  -0.94385673744
-0.9  0.5  0.4  0.331438979699  0.168561020301  0.5             -1.3  1.4  2.77555756156e-17   0.337122040601  90.0    128.938955008  -0.972739369175  -0.944710226017
-0.9  0.5  0.4  0.331308696972  0.168691303028  0.5             -1.3  1.4  -5.55111512313e-17  0.337382606056  100.0   116.045059507  -0.972375955779  -0.944711604258
-0.9  0.5  0.4  0.331579584613  0.168420415387  0.5             -1.3  1.4  2.77555756156e-17   0.336840830774  110.0   105.495508643  -0.974705969061  -0.946283132145
-0.9  0.5  0.4  0.331237557581  0.168762442419  0.5             -1.3  1.4  -2.77555756156e-17  0.337524884838  120.0   96.7042162563  -0.974780245997  -0.94731508477
-0.9  0.5  0.4  0.33131037084   0.16868962916   0.5             -1.3  1.4  2.77555756156e-17   0.33737925832   130.0   89.2654303904  -0.974958312541  -0.947289274189
-0.9  0.5  0.4  0.331338408129  0.168661591871  0.5             -1.3  1.4  5.55111512313e-17   0.337323183742  140.0   82.8893282196  -0.975037666741  -0.947290123979
-0.9  0.5  0.4  0.331399364823  0.168600635177  0.5             -1.3  1.4  -2.77555756156e-17  0.337201270354  150.0   77.363373005   -0.97519639836   -0.947278176856
-0.9  0.5  0.4  0.331471620126  0.168528379874  0.5             -1.3  1.4  2.77555756156e-17   0.337056759749  160.0   72.5281621922  -0.975568702586  -0.947448166234
-0.9  0.5  0.4  0.331236999625  0.168763000375  0.5             -1.3  1.4  0.0                 0.33752600075   170.0   68.2617997103  -0.975194348962  -0.947730750012
-0.9  0.5  0.4  0.3311916657    0.1688083343    0.5             -1.3  1.4  -2.77555756156e-17  0.337616668601  180.0   64.4694775042  -0.975072533938  -0.947735869979
-0.9  0.5  0.4  0.331175205997  0.168824794003  0.5             -1.3  1.4  -2.77555756156e-17  0.337649588005  190.0   61.0763471092  -0.975214272766  -0.947923695973
-0.9  0.5  0.4  0.33019264547   0.16980735453   0.5             -1.3  1.4  0.0                 0.339614709059  200.0   58.0225297537  -0.973381016727  -0.94884160941
-0.9  0.5  0.4  0.33081016328   0.16918983672   0.5             -1.3  1.4  -5.55111512313e-17  0.33837967344   210.0   55.2595521464  -0.978435938313  -0.952167481128
-0.9  0.5  0.4  0.330757436438  0.169242563562  0.5             -1.3  1.4  -5.55111512313e-17  0.338485127125  220.0   52.7477543216  -0.978419619075  -0.952298797049
-0.9  0.5  0.4  0.330698153612  0.169301846388  0.5             -1.3  1.4  2.77555756156e-17   0.338603692776  230.0   50.4543736989  -0.978244448751  -0.952289618637
-0.9  0.5  0.4  0.330600929778  0.169399070222  0.5             -1.3  1.4  0.0                 0.338798140444  240.0   48.3521081281  -0.977953036971  -0.952270433593
-0.9  0.5  0.4  0.330533138123  0.169466861877  0.5             -1.3  1.4  2.77555756156e-17   0.338933723754  250.0   46.418023803   -0.977753199584  -0.952260412839
-0.9  0.5  0.4  0.330487943687  0.169512056313  0.5             -1.3  1.4  -5.55111512313e-17  0.339024112627  260.0   44.6327151952  -0.97761555696   -0.952249314637
-0.9  0.5  0.4  0.33037007548   0.16962992452   0.5             -1.3  1.4  0.0                 0.339259849039  270.0   42.9796516694  -0.977253946607  -0.952217735262
-0.9  0.5  0.4  0.330340085345  0.169659914655  0.5             -1.3  1.4  0.0                 0.33931982931   280.0   41.4446641098  -0.977156314789  -0.952204075823
-0.9  0.5  0.4  0.33025416012   0.16974583988   0.5             -1.3  1.4  0.0                 0.33949167976   290.0   40.0155377612  -0.976890100784  -0.952178452448
-0.9  0.5  0.4  0.330163073802  0.169836926198  0.5             -1.3  1.4  -5.55111512313e-17  0.339673852396  300.0   38.6816865025  -0.976586120713  -0.952129514068
-0.9  0.5  0.4  0.330180230949  0.169819769051  0.5             -1.3  1.4  0.0                 0.339639538102  310.0   37.4338901637  -0.976620082189  -0.952115435531
-0.9  0.5  0.4  0.330106580756  0.169893419244  0.5             -1.3  1.4  5.55111512313e-17   0.339786838487  320.0   36.2640810961  -0.976393989501  -0.952095563384
-0.9  0.5  0.4  0.330020097575  0.169979902425  0.5             -1.3  1.4  0.0                 0.339959804849  330.0   35.1651695477  -0.97610133534   -0.952045062129
-0.9  0.5  0.4  0.330008798966  0.169991201034  0.5             -1.3  1.4  5.55111512313e-17   0.339982402068  340.0   34.1308998551  -0.976038996807  -0.952014359702
-0.9  0.5  0.4  0.329929569213  0.170070430787  0.5             -1.3  1.4  2.77555756156e-17   0.340140861573  350.0   33.1557312879  -0.975764959254  -0.951962165456
-0.9  0.5  0.4  0.329935846218  0.170064153782  0.5             -1.3  1.4  -2.77555756156e-17  0.340128307563  360.0   32.2347387521  -0.975733779016  -0.951913409605
-0.9  0.5  0.4  0.329828718665  0.170171281335  0.5             -1.3  1.4  5.55111512313e-17   0.34034256267   370.0   31.3635295966  -0.975385588574  -0.951865176311
-0.9  0.5  0.4  0.329840017274  0.170159982726  0.5             -1.3  1.4  -2.77555756156e-17  0.340319965451  380.0   30.5381735546  -0.975381945508  -0.95182989714
-0.9  0.5  0.4  0.32982244166   0.17017755834   0.5             -1.3  1.4  -2.77555756156e-17  0.34035511668   390.0   29.7551434635  -0.97527364372   -0.951770807071
-0.9  0.5  0.4  0.330644171368  0.169355828632  0.5             -1.3  1.4  0.0                 0.338711657263  400.0   29.0112648769  -0.976725539784  -0.950921859953
-0.9  0.5  0.4  0.330991359493  0.169008640507  0.5             -1.3  1.4  5.55111512313e-17   0.338017281013  410.0   28.3036730506  -0.977247579143  -0.950471772562
-0.9  0.5  0.4  0.330971273077  0.169028726923  0.5             -1.3  1.4  0.0                 0.338057453846  420.0   27.6297760732  -0.977118884114  -0.950399319499
-0.9  0.5  0.4  0.331188736431  0.168811263569  0.5             -1.3  1.4  -5.55111512313e-17  0.337622527139  430.0   26.9872231413  -0.977646122317  -0.950317660312
-0.9  0.5  0.4  0.33120979927   0.16879020073   0.5             -1.3  1.4  8.32667268469e-17   0.337580401461  440.0   26.3738771608  -0.977592191251  -0.950204753295
-0.9  0.5  0.4  0.330991498982  0.169008501018  0.5             -1.3  1.4  0.0                 0.338017002035  450.0   25.7877910017  -0.976991970512  -0.950215773361
-0.9  0.5  0.4  0.331381789209  0.168618210791  0.5             -1.3  1.4  -2.77555756156e-17  0.337236421583  460.0   25.2271868495  -0.977924777577  -0.950055767793
-0.9  0.5  0.4  0.33158558264   0.16841441736   0.5             -1.3  1.4  2.77555756156e-17   0.33682883472   470.0   24.6904381931  -0.978382538399  -0.949942907007
-0.9  0.5  0.4  0.33141791686   0.16858208314   0.5             -1.3  1.4  0.0                 0.33716416628   480.0   24.1760540641  -0.977855068047  -0.949884900839
-0.9  0.5  0.4  0.331645562911  0.168354437089  0.5             -1.3  1.4  0.0                 0.336708874179  490.0   23.6826652056  -0.97842482988   -0.94981725373
-0.9  0.5  0.4  0.331461018962  0.168538981038  0.5             -1.3  1.4  5.55111512313e-17   0.337077962077  500.0   23.2090119015  -0.977826270668  -0.949735417576
-0.9  0.5  0.4  0.331612782995  0.168387217005  0.5             -1.3  1.4  5.55111512313e-17   0.336774434009  510.0   22.7539332368  -0.978108392041  -0.949592599654
-0.9  0.5  0.4  0.331625894961  0.168374105039  0.5             -1.3  1.4  -2.77555756156e-17  0.336748210077  520.0   22.3163575976  -0.978032153083  -0.949479647191
-0.9  0.5  0.4  0.331679598227  0.168320401773  0.5             -1.3  1.4  0.0                 0.336640803546  530.0   21.8952942467  -0.978164851827  -0.949461976791
-0.9  0.5  0.4  0.331652397872  0.168347602128  0.5             -1.3  1.4  -2.77555756156e-17  0.336695204257  540.0   21.4898258347  -0.977985522689  -0.949358808648
-0.9  0.5  0.4  0.331576934322  0.168423065678  0.5             -1.3  1.4  2.77555756156e-17   0.336846131356  550.0   21.0991017286  -0.977697647084  -0.949282230983
-0.9  0.5  0.4  0.331562287977  0.168437712023  0.5             -1.3  1.4  -5.55111512313e-17  0.336875424047  560.0   20.7223320549  -0.977584122494  -0.949209716159
-0.9  0.5  0.4  0.331542899005  0.168457100995  0.5             -1.3  1.4  2.77555756156e-17   0.336914201989  570.0   20.3587823697  -0.977453032427  -0.949132915212
-0.9  0.5  0.4  0.331584606217  0.168415393783  0.5             -1.3  1.4  -2.77555756156e-17  0.336830787566  580.0   20.0077688806  -0.977435103542  -0.948998206134
-0.9  0.5  0.4  0.331598276139  0.168401723861  0.5             -1.3  1.4  2.77555756156e-17   0.336803447722  590.0   19.6686541538  -0.97736277577   -0.948887602581
-0.9  0.5  0.4  0.3315493155    0.1684506845    0.5             -1.3  1.4  -5.55111512313e-17  0.336901369001  600.0   19.3408432512  -0.977150238413  -0.948812155015
-0.9  0.5  0.4  0.331562148488  0.168437851512  0.5             -1.3  1.4  0.0                 0.336875703025  610.0   19.0237802471  -0.977104218034  -0.948730202269
-0.9  0.5  0.4  0.331606784968  0.168393215032  0.5             -1.3  1.4  -2.77555756156e-17  0.336786430064  620.0   18.7169450819  -0.977124837182  -0.948625839271
-0.9  0.5  0.4  0.331547502143  0.168452497857  0.5             -1.3  1.4  2.77555756156e-17   0.336904995715  630.0   18.4198507155  -0.976865226931  -0.948532220931
-0.9  0.5  0.4  0.331530623973  0.168469376027  0.5             -1.3  1.4  -2.77555756156e-17  0.336938752053  640.0   18.132040548   -0.976709575245  -0.94842382812
-0.9  0.5  0.4  0.331457810715  0.168542189285  0.5             -1.3  1.4  -8.32667268469e-17  0.337084378571  650.0   17.8530860781  -0.976484647806  -0.948402777806
-0.9  0.5  0.4  0.331564101334  0.168435898666  0.5             -1.3  1.4  -2.77555756156e-17  0.336871797333  660.0   17.5825847739  -0.976618021088  -0.948238537353
-0.9  0.5  0.4  0.331531739885  0.168468260115  0.5             -1.3  1.4  1.05471187339e-15   0.336936520229  670.0   17.3201581354  -0.976431548046  -0.948142676367
-0.9  0.5  0.4  0.331461437429  0.168538562571  0.5             -1.3  1.4  0.0                 0.337077125143  680.0   17.0654499276  -0.976134106443  -0.948042081643
-0.9  0.5  0.4  0.331388484681  0.168611515319  0.5             -1.3  1.4  0.0                 0.337223030638  690.0   16.8181245663  -0.975873265889  -0.947985508783
-0.9  0.5  0.4  0.331358634034  0.168641365966  0.5             -1.3  1.4  5.55111512313e-17   0.337282731931  700.0   16.5778656439  -0.975608843978  -0.947804668681
-0.9  0.5  0.4  0.331347195936  0.168652804064  0.5             -1.3  1.4  0.0                 0.337305608127  710.0   16.3443745785  -0.975542918166  -0.947770769545
-0.9  0.5  0.4  0.331323761784  0.168676238216  0.5             -1.3  1.4  -2.77555756156e-17  0.337352476432  720.0   16.117369376   -0.975348141465  -0.947641608469
-0.9  0.5  0.4  0.331303814857  0.168696185143  0.5             -1.3  1.4  -2.77555756156e-17  0.337392370286  730.0   15.8965834942  -0.975171855757  -0.947521174158
-0.9  0.5  0.4  0.331273127276  0.168726872724  0.5             -1.3  1.4  -8.32667268469e-17  0.337453745447  740.0   15.6817647983  -0.974952684634  -0.94738792826
-0.9  0.5  0.4  0.331259736332  0.168740263668  0.5             -1.3  1.4  -2.77555756156e-17  0.337480527335  750.0   15.472674601   -0.974839168483  -0.947311906752
-0.9  0.5  0.4  0.331224585104  0.168775414896  0.5             -1.3  1.4  0.0                 0.337550829792  760.0   15.2690867773  -0.974559264916  -0.947130426625
-0.9  0.5  0.4  0.331186644095  0.168813355905  0.5             -1.3  1.4  -5.55111512313e-17  0.337626711809  770.0   15.070786949   -0.974344517377  -0.94702191391
-0.9  0.5  0.4  0.331216913209  0.168783086791  0.5             -1.3  1.4  2.77555756156e-17   0.337566173582  780.0   14.8775717317  -0.974288124241  -0.946880767257
-0.9  0.5  0.4  0.331171718772  0.168828281228  0.5             -1.3  1.4  8.32667268469e-17   0.337656562455  790.0   14.6892480389  -0.974090743753  -0.94680993119
-0.9  0.5  0.4  0.331112156969  0.168887843031  0.5             -1.3  1.4  2.77555756156e-17   0.337775686063  800.0   14.5056324384  -0.973841779065  -0.946727739553
-0.9  0.5  0.4  0.331092489019  0.168907510981  0.5             -1.3  1.4  0.0                 0.337815021961  810.0   14.3265505565  -0.97362836213   -0.946569392875
-0.9  0.5  0.4  0.331014514668  0.168985485332  0.5             -1.3  1.4  -2.77555756156e-17  0.337970970665  820.0   14.1518365253  -0.973259627711  -0.946418986641
-0.9  0.5  0.4  0.331024697365  0.168975302635  0.5             -1.3  1.4  0.0                 0.337950605271  830.0   13.9813324708  -0.973172814803  -0.946303662182
-0.9  0.5  0.4  0.330927334042  0.169072665958  0.5             -1.3  1.4  5.55111512313e-17   0.338145331917  840.0   13.8148880366  -0.972721385524  -0.946124850207
-0.9  0.5  0.4  0.330903341933  0.169096658067  0.5             -1.3  1.4  2.77555756156e-17   0.338193316133  850.0   13.6523599421  -0.972536682583  -0.94600732517
-0.9  0.5  0.4  0.330803886275  0.169196113725  0.5             -1.3  1.4  -2.77555756156e-17  0.33839222745   860.0   13.4936115706  -0.972057312592  -0.945806431021
-0.9  0.5  0.4  0.330828715317  0.169171284683  0.5             -1.3  1.4  -2.77555756156e-17  0.338342569365  870.0   13.3385125871  -0.972094231458  -0.94577382857
-0.9  0.5  0.4  0.3307515779    0.1692484221    0.5             -1.3  1.4  5.55111512313e-17   0.338496844201  880.0   13.1869385804  -0.971597639038  -0.945493220919
-0.9  0.5  0.4  0.330761900086  0.169238099914  0.5             -1.3  1.4  2.77555756156e-17   0.338476199829  890.0   13.0387707312  -0.971522301026  -0.945388980786
-0.9  0.5  0.4  0.330768735047  0.169231264953  0.5             -1.3  1.4  0.0                 0.338462529906  900.0   12.8938955008  -0.971438165733  -0.945285707602
-0.9  0.5  0.4  0.330663699829  0.169336300171  0.5             -1.3  1.4  -2.77555756156e-17  0.338672600343  910.0   12.7522043415  -0.970963859595  -0.945105500075
-0.9  0.5  0.4  0.330529092942  0.169470907058  0.5             -1.3  1.4  2.77555756156e-17   0.338941814116  920.0   12.6135934247  -0.970430583367  -0.944949123129
-0.9  0.5  0.4  0.330668442455  0.169331557545  0.5             -1.3  1.4  2.77555756156e-17   0.338663115091  930.0   12.4779633879  -0.970673208726  -0.944801569853
-0.9  0.5  0.4  0.330604974959  0.169395025041  0.5             -1.3  1.4  2.77555756156e-17   0.338790050082  940.0   12.3452190965  -0.970249153375  -0.94455522349
-0.9  0.5  0.4  0.330633012248  0.169366987752  0.5             -1.3  1.4  -8.32667268469e-17  0.338733975503  950.0   12.2152694218  -0.970169411324  -0.944396977029
-0.9  0.5  0.4  0.330462975155  0.169537024845  0.5             -1.3  1.4  0.0                 0.339074049689  960.0   12.088027032   -0.969491136804  -0.944194806369
-0.9  0.5  0.4  0.330329205203  0.169670794797  0.5             -1.3  1.4  2.77555756156e-17   0.339341589594  970.0   11.9634081967  -0.968881349478  -0.94395957491
-0.9  0.5  0.4  0.330407458533  0.169592541467  0.5             -1.3  1.4  -5.55111512313e-17  0.339185082935  980.0   11.8413326028  -0.968945954581  -0.94380507069
-0.9  0.5  0.4  0.330332273961  0.169667726039  0.5             -1.3  1.4  -2.77555756156e-17  0.339335452078  990.0   11.7217231826  -0.968585300689  -0.943654933599
-0.9  0.5  0.4  0.330236723995  0.169763276005  0.5             -1.3  1.4  -2.77555756156e-17  0.33952655201   1000.0  11.6045059507  -0.968067420635  -0.94340459345
-0.9  0.5  0.4  0.330237700418  0.169762299582  0.5             -1.3  1.4  2.77555756156e-17   0.339524599164  1010.0  11.4896098522  -0.967840156763  -0.943174595593
-0.9  0.5  0.4  0.330165445115  0.169834554885  0.5             -1.3  1.4  -2.77555756156e-17  0.33966910977   1020.0  11.3769666184  -0.967516957423  -0.943053711101
-0.9  0.5  0.4  0.330095700614  0.169904299386  0.5             -1.3  1.4  0.0                 0.339808598772  1030.0  11.2665106318  -0.967004002355  -0.942736040636
-0.9  0.5  0.4  0.330147730012  0.169852269988  0.5             -1.3  1.4  -8.32667268469e-17  0.339704539976  1040.0  11.1581787988  -0.967068890682  -0.942655246649
-0.9  0.5  0.4  0.330079240912  0.169920759088  0.5             -1.3  1.4  0.0                 0.339841518176  1050.0  11.0519104293  -0.966529064308  -0.942307189755
-0.9  0.5  0.4  0.33005441187   0.16994558813   0.5             -1.3  1.4  -2.77555756156e-17  0.339891176261  1060.0  10.9476471233  -0.96631416482   -0.942161811585
-0.9  0.5  0.4  0.329971136936  0.170028863064  0.5             -1.3  1.4  2.77555756156e-17   0.340057726128  1070.0  10.8453326643  -0.965935848167  -0.942016664747
-0.9  0.5  0.4  0.329871960256  0.170128039744  0.5             -1.3  1.4  -5.55111512313e-17  0.340256079489  1080.0  10.7449129174  -0.965233491441  -0.941592002725
-0.9  0.5  0.4  0.329790777657  0.170209222343  0.5             -1.3  1.4  0.0                 0.340418444686  1090.0  10.6463357346  -0.964840525919  -0.94142634848
-0.9  0.5  0.4  0.329710292503  0.170289707497  0.5             -1.3  1.4  0.0                 0.340579414994  1100.0  10.5495508643  -0.96430764573   -0.941118826722
-0.9  0.5  0.4  0.329630365305  0.170369634695  0.5             -1.3  1.4  0.0                 0.34073926939   1110.0  10.4545098655  -0.963913711066  -0.940948688212
-0.9  0.5  0.4  0.329642082381  0.170357917619  0.5             -1.3  1.4  -2.77555756156e-17  0.340715835238  1120.0  10.3611660275  -0.963525989818  -0.940528159151
-0.9  0.5  0.4  0.329574988171  0.170425011829  0.5             -1.3  1.4  0.0                 0.340850023657  1130.0  10.2694742927  -0.963117229261  -0.940307262381
-0.9  0.5  0.4  0.329483343897  0.170516656103  0.5             -1.3  1.4  5.55111512313e-17   0.341033312205  1140.0  10.1793911849  -0.96262464932   -0.940071286408
-0.9  0.5  0.4  0.329423782094  0.170576217906  0.5             -1.3  1.4  0.0                 0.341152435813  1150.0  10.0908747398  -0.962163701193  -0.939777111331
-0.9  0.5  0.4  0.329334090666  0.170665909334  0.5             -1.3  1.4  0.0                 0.341331818669  1160.0  10.0038844403  -0.96157450072   -0.939439046856
-0.9  0.5  0.4  0.329321955122  0.170678044878  0.5             -1.3  1.4  0.0                 0.341356089755  1170.0  9.91838115449  -0.961268997449  -0.939167523106
-0.9  0.5  0.4  0.329180234297  0.170819765703  0.5             -1.3  1.4  -5.55111512313e-17  0.341639531406  1180.0  9.83432707691  -0.96036450771   -0.938659851679
-0.9  0.5  0.4  0.329140200953  0.170859799047  0.5             -1.3  1.4  0.0                 0.341719598093  1190.0  9.7516856729   -0.960178264457  -0.938585701787
-0.9  0.5  0.4  0.329055252151  0.170944747849  0.5             -1.3  1.4  -5.55111512313e-17  0.341889495697  1200.0  9.67042162562  -0.959540580666  -0.938185874642
-0.9  0.5  0.4  0.328966676635  0.171033323365  0.5             -1.3  1.4  -5.55111512313e-17  0.342066646729  1210.0  9.59050078574  -0.958951831046  -0.937845136466
-0.9  0.5  0.4  0.328854109011  0.171145890989  0.5             -1.3  1.4  2.77555756156e-17   0.342291781978  1220.0  9.51189012357  -0.958253751107  -0.937462245876
-0.9  0.5  0.4  0.328871126669  0.171128873331  0.5             -1.3  1.4  2.77555756156e-17   0.342257746661  1230.0  9.43455768354  -0.958006123113  -0.937166968439
-0.9  0.5  0.4  0.328774739769  0.171225260231  0.5             -1.3  1.4  0.0                 0.342450520461  1240.0  9.35847254093  -0.957279548614  -0.93671027726
-0.9  0.5  0.4  0.328721873438  0.171278126562  0.5             -1.3  1.4  0.0                 0.342556253125  1250.0  9.2836047606   -0.956768165234  -0.936346919608
-0.9  0.5  0.4  0.328673052287  0.171326947713  0.5             -1.3  1.4  -5.55111512313e-17  0.342653895426  1260.0  9.20992535774  -0.956019279215  -0.935734732811
-0.9  0.5  0.4  0.328603168297  0.171396831703  0.5             -1.3  1.4  2.77555756156e-17   0.342793663405  1270.0  9.13740626043  -0.955723727631  -0.935634856399
-0.9  0.5  0.4  0.328435642006  0.171564357994  0.5             -1.3  1.4  8.32667268469e-17   0.343128715987  1280.0  9.06602027402  -0.954663382358  -0.93504358474
-0.9  0.5  0.4  0.328394213773  0.171605786227  0.5             -1.3  1.4  0.0                 0.343211572454  1290.0  8.99574104709  -0.954135441362  -0.934631642797
-0.9  0.5  0.4  0.328222642301  0.171777357699  0.5             -1.3  1.4  5.55111512313e-17   0.343554715398  1300.0  8.92654303904  -0.95285717752   -0.933833779077
-0.9  0.5  0.4  0.328150247509  0.171849752491  0.5             -1.3  1.4  -5.55111512313e-17  0.343699504981  1310.0  8.85840148912  -0.952337550041  -0.933516857015
-0.9  0.5  0.4  0.328142017658  0.171857982342  0.5             -1.3  1.4  0.0                 0.343715964684  1320.0  8.79129238693  -0.951757117022  -0.932959467578
-0.9  0.5  0.4  0.327943106342  0.172056893658  0.5             -1.3  1.4  -5.55111512313e-17  0.344113787316  1330.0  8.72519244417  -0.950842187707  -0.932601489949
-0.9  0.5  0.4  0.327942966853  0.172057033147  0.5             -1.3  1.4  0.0                 0.344114066294  1340.0  8.66007906772  -0.9498717045    -0.931631397311
-0.9  0.5  0.4  0.327778090853  0.172221909147  0.5             -1.3  1.4  -5.55111512313e-17  0.344443818294  1350.0  8.59593033389  -0.949075997505  -0.931297343116
-0.9  0.5  0.4  0.327610425073  0.172389574927  0.5             -1.3  1.4  5.55111512313e-17   0.344779149854  1360.0  8.53272496379  -0.948077890544  -0.930768700339
-0.9  0.5  0.4  0.327605961425  0.172394038575  0.5             -1.3  1.4  -2.77555756156e-17  0.34478807715   1370.0  8.47044229982  -0.947789514402  -0.930492822412
-0.9  0.5  0.4  0.327491161977  0.172508838023  0.5             -1.3  1.4  0.0                 0.345017676046  1380.0  8.40906228315  -0.947099699953  -0.930124446418
-0.9  0.5  0.4  0.327459916441  0.172540083559  0.5             -1.3  1.4  -2.77555756156e-17  0.345080167119  1390.0  8.34856543219  -0.946314734929  -0.929426968895
-0.9  0.5  0.4  0.32726435286   0.17273564714   0.5             -1.3  1.4  -2.77555756156e-17  0.345471294279  1400.0  8.28893282196  -0.945051783235  -0.928711595226
-0.9  0.5  0.4  0.327081901246  0.172918238243  0.499999860511  -1.3  1.4  2.78978003809e-07   0.345836476486  1410.0  8.23014606436  -0.943149392422  -0.92732009683
-0.9  0.5  0.4  0.326913816999  0.173086183001  0.5             -1.3  1.4  -2.77555756156e-17  0.346172366001  1420.0  8.17218728926  -0.94237455086   -0.927015863262
-0.9  0.5  0.4  0.326980213764  0.173019786236  0.5             -1.3  1.4  0.0                 0.346039572472  1430.0  8.1150391264   -0.941985354997  -0.926440756457
-0.9  0.5  0.4  0.326779349602  0.173220650398  0.5             -1.3  1.4  -2.77555756156e-17  0.346441300796  1440.0  8.05868468802  -0.940561193058  -0.925579014172
-0.9  0.5  0.4  0.326703886052  0.173296113948  0.5             -1.3  1.4  0.0                 0.346592227896  1450.0  8.00310755224  -0.940282236275  -0.925511355329
-0.9  0.5  0.4  0.326575137704  0.173424862296  0.5             -1.3  1.4  -2.77555756156e-17  0.346849724593  1460.0  7.94829174709  -0.938917346951  -0.924506961381
-0.9  0.5  0.4  0.326533430492  0.173466708997  0.499999860511  -1.3  1.4  2.78978002893e-07   0.346933417994  1470.0  7.8942217352   -0.938104256467  -0.923810678987
-0.9  0.5  0.4  0.326355303037  0.173644975941  0.499999721022  -1.3  1.4  5.57956005842e-07   0.347289951882  1480.0  7.84088239916  -0.937061283891  -0.923266491183
-0.9  0.5  0.4  0.326174385802  0.173825614198  0.5             -1.3  1.4  -2.77555756156e-17  0.347651228396  1490.0  7.78825902735  -0.936344805026  -0.92305652478
-0.9  0.5  0.4  0.326154299386  0.173845700614  0.5             -1.3  1.4  0.0                 0.347691401228  1500.0  7.7363373005   -0.935829836682  -0.922597798402
-0.9  0.5  0.4  0.325927629758  0.174073346665  0.499999023577  -1.3  1.4  1.95284602134e-06   0.34814669333   1510.0  7.68510327864  -0.934183557041  -0.921586389002
-0.9  0.5  0.4  0.32594269457   0.17405730543   0.5             -1.3  1.4  -2.77555756156e-17  0.348114610859  1520.0  7.63454338865  -0.933951973982  -0.921312429185
-0.9  0.5  0.4  0.325730252821  0.174269747179  0.5             -1.3  1.4  2.77555756156e-17   0.348539494358  1530.0  7.58464441225  -0.93267321422   -0.920628506321
-0.9  0.5  0.4  0.325626751982  0.174373248018  0.5             -1.3  1.4  5.55111512313e-17   0.348746496036  1540.0  7.53539347451  -0.931938106766  -0.920183201216
-0.9  0.5  0.4  0.325583231413  0.174416768587  0.5             -1.3  1.4  -5.55111512313e-17  0.348833537173  1550.0  7.48677803274  -0.931305192326  -0.919672144369
-0.9  0.5  0.4  0.325386133454  0.174613866546  0.5             -1.3  1.4  5.55111512313e-17   0.349227733092  1560.0  7.43878586587  -0.930038873887  -0.918957700215
-0.9  0.5  0.4  0.325251387079  0.17474875241   0.499999860511  -1.3  1.4  2.78978003782e-07   0.349497504821  1570.0  7.39140506417  -0.929054342771  -0.918350486849
-0.9  0.5  0.4  0.325126404933  0.174873595067  0.5             -1.3  1.4  0.0                 0.349747190134  1580.0  7.34462401946  -0.928468588275  -0.918114654462
-0.9  0.5  0.4  0.325046059268  0.174954080221  0.499999860511  -1.3  1.4  2.78978002949e-07   0.349908160441  1590.0  7.29843141557  -0.927765225379  -0.917636287325
-0.9  0.5  0.4  0.32500811826   0.174992160718  0.499999721022  -1.3  1.4  5.5795600587e-07    0.349984321436  1600.0  7.25281621922  -0.927339449617  -0.917316774285
-0.9  0.5  0.4  0.324827480003  0.175172938464  0.499999581533  -1.3  1.4  8.36934009707e-07   0.350345876928  1610.0  7.20776767127  -0.926049953448  -0.916533093133
-0.9  0.5  0.4  0.324804603807  0.17519581466   0.499999581533  -1.3  1.4  8.3693400868e-07    0.350391629321  1620.0  7.16327527824  -0.92562729803   -0.916174491064
-0.9  0.5  0.4  0.324592441035  0.175407698454  0.499999860511  -1.3  1.4  2.78978002921e-07   0.350815396908  1630.0  7.11932880414  -0.924605619616  -0.915746812615
-0.9  0.5  0.4  0.324479454944  0.175520684545  0.499999860511  -1.3  1.4  2.78978003809e-07   0.35104136909   1640.0  7.07591826265  -0.92382813751   -0.915285691565
-0.9  0.5  0.4  0.324334246893  0.175666171574  0.499999581533  -1.3  1.4  8.36934009735e-07   0.351332343147  1650.0  7.03303390954  -0.922878401751  -0.914742594143
-0.9  0.5  0.4  0.324319740037  0.175680817919  0.499999442044  -1.3  1.4  1.11591201268e-06   0.351361635838  1660.0  6.99066623539  -0.922791564595  -0.914696404082
-0.9  0.5  0.4  0.324262828524  0.175737171476  0.5             -1.3  1.4  8.32667268469e-17   0.351474342951  1670.0  6.94880595853  -0.922063638687  -0.914127718819
-0.9  0.5  0.4  0.324254598673  0.175745540816  0.499999860511  -1.3  1.4  2.78978002893e-07   0.351491081631  1680.0  6.9074440183   -0.921740544738  -0.91382769635
-0.9  0.5  0.4  0.323951349584  0.176048789905  0.499999860511  -1.3  1.4  2.78978003865e-07   0.35209757981   1690.0  6.86657156849  -0.920394336575  -0.913330585638
-0.9  0.5  0.4  0.323907271059  0.176092728941  0.5             -1.3  1.4  2.77555756156e-17   0.352185457881  1700.0  6.82617997103  -0.919859309647  -0.91291895068
-0.9  0.5  0.4  0.323832086488  0.176168053001  0.499999860511  -1.3  1.4  2.78978003837e-07   0.352336106003  1710.0  6.78626078991  -0.919418156876  -0.912688342608
-0.9  0.5  0.4  0.323660375527  0.176340182429  0.499999442044  -1.3  1.4  1.11591201263e-06   0.352680364859  1720.0  6.74680578532  -0.918662780773  -0.912413840889
-0.9  0.5  0.4  0.323548784325  0.176451494653  0.499999721022  -1.3  1.4  5.57956005925e-07   0.352902989305  1730.0  6.70780690795  -0.918130964395  -0.912194424079
-0.9  0.5  0.4  0.323466764793  0.176533793163  0.499999442044  -1.3  1.4  1.11591201174e-06   0.353067586327  1740.0  6.66925629353  -0.917438480377  -0.911731650549
-0.9  0.5  0.4  0.323292264052  0.176708293904  0.499999442044  -1.3  1.4  1.11591201274e-06   0.353416587809  1750.0  6.63114625757  -0.916471265769  -0.911253038016
-0.9  0.5  0.4  0.323286405513  0.176713873465  0.499999721022  -1.3  1.4  5.5795600587e-07    0.353427746929  1760.0  6.5934692902   -0.916201500471  -0.910999620828
-0.9  0.5  0.4  0.323190576569  0.176810260365  0.499999163066  -1.3  1.4  1.67386801955e-06   0.353620520729  1770.0  6.55621805127  -0.915436940389  -0.910503493381
-0.9  0.5  0.4  0.323037836113  0.176962861332  0.499999302555  -1.3  1.4  1.39489001552e-06   0.353925722665  1780.0  6.51938536559  -0.914719366424  -0.910213564797
-0.9  0.5  0.4  0.322981761534  0.177019493867  0.499998744599  -1.3  1.4  2.51080202729e-06   0.354038987734  1790.0  6.4829642183   -0.914351464048  -0.910002782832
-0.9  0.5  0.4  0.322965859788  0.177034837657  0.499999302555  -1.3  1.4  1.39489001558e-06   0.354069675314  1800.0  6.44694775042  -0.914093206703  -0.909788938786
-0.9  0.5  0.4  0.322803913057  0.177196923877  0.499999163066  -1.3  1.4  1.67386801952e-06   0.354393847754  1810.0  6.41132925456  -0.913158233716  -0.909307444542
-0.9  0.5  0.4  0.322671259017  0.177328880472  0.499999860511  -1.3  1.4  2.78978003865e-07   0.354657760945  1820.0  6.37610217074  -0.912509603873  -0.909030106524
-0.9  0.5  0.4  0.322700970174  0.177300006249  0.499999023577  -1.3  1.4  1.95284602139e-06   0.354600012498  1830.0  6.34126008238  -0.912528664965  -0.908966143762
-0.9  0.5  0.4  0.322597887802  0.177403088621  0.499999023577  -1.3  1.4  1.95284602136e-06   0.354806177243  1840.0  6.30679671236  -0.912074888418  -0.908800997857
-0.9  0.5  0.4  0.322372334086  0.177628363359  0.499999302555  -1.3  1.4  1.39489001555e-06   0.355256726718  1850.0  6.27270591932  -0.910933984615  -0.908291588662
-0.9  0.5  0.4  0.322131855047  0.177869260865  0.499998884088  -1.3  1.4  2.23182402542e-06   0.355738521729  1860.0  6.23898169395  -0.90977876462   -0.907809793669
-0.9  0.5  0.4  0.322115534834  0.177887254946  0.49999721022   -1.3  1.4  5.57956006245e-06   0.355774509891  1870.0  6.20561815548  -0.909540256521  -0.90761731694
-0.9  0.5  0.4  0.322017334577  0.177983641846  0.499999023577  -1.3  1.4  1.95284602134e-06   0.355967283692  1880.0  6.17260954827  -0.908907575858  -0.907259234326
-0.9  0.5  0.4  0.322014265819  0.177986292137  0.499999442044  -1.3  1.4  1.11591201266e-06   0.355972584274  1890.0  6.13995023849  -0.908854559134  -0.907214726431
-0.9  0.5  0.4  0.321891515498  0.178110576837  0.499997907665  -1.3  1.4  4.18467004693e-06   0.356221153674  1900.0  6.10763471092  -0.908119974356  -0.906824149428
-0.9  0.5  0.4  0.321729010811  0.178272384079  0.49999860511   -1.3  1.4  2.78978003121e-06   0.356544768158  1910.0  6.07565756584  -0.907553366525  -0.906712415232
-0.9  0.5  0.4  0.321701531478  0.178299584434  0.499998884088  -1.3  1.4  2.23182402537e-06   0.356599168869  1920.0  6.04401351602  -0.907081310883  -0.906317245927
-0.9  0.5  0.4  0.321577665244  0.178423869135  0.499998465621  -1.3  1.4  3.06875803524e-06   0.35684773827   1930.0  6.01269738381  -0.906493937688  -0.90607678188
-0.9  0.5  0.4  0.321584779183  0.178416336729  0.499998884088  -1.3  1.4  2.23182402539e-06   0.356832673457  1940.0  5.98170409833  -0.906264830911  -0.90582767238
-0.9  0.5  0.4  0.321372058456  0.178630173368  0.499997768176  -1.3  1.4  4.46364804974e-06   0.357260346736  1950.0  5.95102869269  -0.905407133385  -0.905565816073
-0.9  0.5  0.4  0.321259072365  0.178743856904  0.499997070731  -1.3  1.4  5.85853806642e-06   0.357487713809  1960.0  5.9206663014   -0.904766508948  -0.90524169218
-0.9  0.5  0.4  0.321189467353  0.178814159361  0.499996373286  -1.3  1.4  7.25342808208e-06   0.357628318722  1970.0  5.89061215774  -0.904374084619  -0.905044301374
-0.9  0.5  0.4  0.321116654094  0.178885438241  0.499997907665  -1.3  1.4  4.18467004681e-06   0.357770876482  1980.0  5.86086159129  -0.903969041635  -0.904842828638
-0.9  0.5  0.4  0.321052349664  0.178950858583  0.499996791753  -1.3  1.4  6.41649407235e-06   0.357901717165  1990.0  5.8314100255   -0.903533984439  -0.904588047027
-0.9  0.5  0.4  0.320814241939  0.179188408352  0.499997349709  -1.3  1.4  5.3005820595e-06    0.358376816705  2000.0  5.80225297537  -0.902522121395  -0.904242774025
-0.9  0.5  0.4  0.320837536602  0.179166927046  0.499995536352  -1.3  1.4  8.92729610061e-06   0.358333854092  2010.0  5.77338604515  -0.902479762376  -0.90413555262
-0.9  0.5  0.4  0.32073305934   0.17927112533   0.49999581533   -1.3  1.4  8.36934009377e-06   0.358542250661  2020.0  5.74480492611  -0.901856682132  -0.903804952914
-0.9  0.5  0.4  0.320642670467  0.179361374714  0.499995954819  -1.3  1.4  8.09036209076e-06   0.358722749429  2030.0  5.71650539446  -0.901283094533  -0.903484426262
-0.9  0.5  0.4  0.320595104717  0.179407824552  0.499997070731  -1.3  1.4  5.85853806639e-06   0.358815649104  2040.0  5.68848330919  -0.900981892094  -0.903316184739
-0.9  0.5  0.4  0.320483234538  0.179520810643  0.499995954819  -1.3  1.4  8.0903620909e-06    0.359041621286  2050.0  5.66073461012  -0.900509836685  -0.903157589015
-0.9  0.5  0.4  0.320303991171  0.179702146345  0.499993862484  -1.3  1.4  1.22750321387e-05   0.35940429269   2060.0  5.6332553159   -0.899657314733  -0.902807366957
-0.9  0.5  0.4  0.320220855726  0.179783747411  0.499995396863  -1.3  1.4  9.20627410356e-06   0.359567494822  2070.0  5.6060415221   -0.899214361976  -0.902596886571
-0.9  0.5  0.4  0.320133396122  0.179871346504  0.499995257374  -1.3  1.4  9.48525210739e-06   0.359742693008  2080.0  5.5790893994   -0.898885411524  -0.902512850907
-0.9  0.5  0.4  0.320053887391  0.179950436768  0.499995675841  -1.3  1.4  8.64831809771e-06   0.359900873536  2090.0  5.55239519175  -0.898276534133  -0.90212651427
-0.9  0.5  0.4  0.319880363073  0.180124240064  0.499995396863  -1.3  1.4  9.2062741045e-06    0.360248480128  2100.0  5.52595521464  -0.897574917625  -0.901910821648
-0.9  0.5  0.4  0.319959592826  0.180045847245  0.499994559929  -1.3  1.4  1.0880142122e-05    0.36009169449   2110.0  5.49976585344  -0.897774176232  -0.901888404333
-0.9  0.5  0.4  0.319739200204  0.180266239868  0.499994559929  -1.3  1.4  1.0880142122e-05    0.360532479735  2120.0  5.47382356168  -0.896726839289  -0.901458166733
-0.9  0.5  0.4  0.319683404603  0.18032454627   0.499992049127  -1.3  1.4  1.59017461797e-05   0.36064909254   2130.0  5.44812485951  -0.896391788705  -0.901279845991
-0.9  0.5  0.4  0.319575719094  0.180431115867  0.499993165039  -1.3  1.4  1.36699221543e-05   0.360862231735  2140.0  5.42266633213  -0.896024481714  -0.901213835244
-0.9  0.5  0.4  0.319645463594  0.180362068812  0.499992467594  -1.3  1.4  1.50648121699e-05   0.360724137623  2150.0  5.39744462826  -0.896027588238  -0.901021796654
-0.9  0.5  0.4  0.319327428671  0.18068219607   0.499990375259  -1.3  1.4  1.92494822167e-05   0.36136439214   2160.0  5.37245645868  -0.894672604292  -0.900557728961
-0.9  0.5  0.4  0.319297020069  0.180709256937  0.499993722995  -1.3  1.4  1.25540101407e-05   0.361418513873  2170.0  5.34769859482  -0.894569329583  -0.900538928792
-0.9  0.5  0.4  0.319170643033  0.180836191928  0.499993165039  -1.3  1.4  1.36699221533e-05   0.361672383856  2180.0  5.32316786732  -0.893877884822  -0.900201451321
-0.9  0.5  0.4  0.319171619456  0.180835633972  0.499992746572  -1.3  1.4  1.4506856164e-05    0.361671267944  2190.0  5.29886116473  -0.893821008809  -0.900141925017
-0.9  0.5  0.4  0.319012462505  0.180999673038  0.499987864457  -1.3  1.4  2.42710862734e-05   0.361999346076  2200.0  5.27477543216  -0.893032667321  -0.899800199414
-0.9  0.5  0.4  0.318904776996  0.181105405701  0.499989817303  -1.3  1.4  2.03653942294e-05   0.362210811402  2210.0  5.25090767002  -0.892497025507  -0.899565686457
-0.9  0.5  0.4  0.318889851673  0.181117680733  0.499992467594  -1.3  1.4  1.50648121699e-05   0.362235361466  2220.0  5.22725493277  -0.892410781502  -0.899520703299
-0.9  0.5  0.4  0.318723301805  0.181286462425  0.49999023577   -1.3  1.4  1.95284602207e-05   0.36257292485   2230.0  5.20381432769  -0.891639275271  -0.899215983063
-0.9  0.5  0.4  0.318643095629  0.181368342469  0.499988561902  -1.3  1.4  2.28761962578e-05   0.362736684938  2240.0  5.18058301373  -0.89127733905   -0.899078958907
-0.9  0.5  0.4  0.318611850093  0.181401261873  0.499986888034  -1.3  1.4  2.6223932295e-05    0.362802523747  2250.0  5.15755820033  -0.890966953847  -0.89885639598
-0.9  0.5  0.4  0.31843762833   0.181576181081  0.499986190589  -1.3  1.4  2.76188223114e-05   0.363152362163  2260.0  5.13473714635  -0.890348677321  -0.89872607988
-0.9  0.5  0.4  0.318363978137  0.181646623027  0.499989398836  -1.3  1.4  2.12023282384e-05   0.363293246054  2270.0  5.11211715892  -0.889881756337  -0.898464737786
-0.9  0.5  0.4  0.318371092076  0.181640485511  0.499988422413  -1.3  1.4  2.31551742607e-05   0.363280971022  2280.0  5.08969559243  -0.889728342881  -0.898291600585
-0.9  0.5  0.4  0.318153070767  0.181860459666  0.499986469567  -1.3  1.4  2.70608663047e-05   0.363720919333  2290.0  5.06746984749  -0.888864202206  -0.898038310146
-0.9  0.5  0.4  0.318143167048  0.181871339809  0.499985493144  -1.3  1.4  2.90137123262e-05   0.363742679617  2300.0  5.04543736989  -0.888707278722  -0.89790931236
-0.9  0.5  0.4  0.318010931474  0.182006225673  0.499982842853  -1.3  1.4  3.43142943868e-05   0.364012451346  2310.0  5.02359564968  -0.888136436662  -0.897709259964
-0.9  0.5  0.4  0.317958065142  0.182059092005  0.499982842853  -1.3  1.4  3.43142943868e-05   0.364118184009  2320.0  5.00194222015  -0.887849585866  -0.897570434896
-0.9  0.5  0.4  0.317833640953  0.182183934661  0.499982424386  -1.3  1.4  3.51512283966e-05   0.364367869322  2330.0  4.98047465697  -0.887225723991  -0.897295044445
-0.9  0.5  0.4  0.317704334649  0.182317146658  0.499978518694  -1.3  1.4  4.29626124845e-05   0.364634293315  2340.0  4.95919057724  -0.886683637088  -0.897115796333
-0.9  0.5  0.4  0.317551733681  0.182464726021  0.499983540298  -1.3  1.4  3.29194043702e-05   0.364929452043  2350.0  4.93808763862  -0.8860389846    -0.896897422234
-0.9  0.5  0.4  0.317733348361  0.182285482654  0.499981168985  -1.3  1.4  3.76620304239e-05   0.364570965309  2360.0  4.91716353845  -0.886578800922  -0.896929191714
-0.9  0.5  0.4  0.317438329123  0.182581757294  0.499979913584  -1.3  1.4  4.01728324522e-05   0.365163514587  2370.0  4.89641601298  -0.885387071431  -0.89656376717
-0.9  0.5  0.4  0.317428564893  0.182594729771  0.499976705337  -1.3  1.4  4.65893265254e-05   0.365189459541  2380.0  4.87584283645  -0.885050361889  -0.896255039123
-0.9  0.5  0.4  0.317289075891  0.182737427019  0.49997349709   -1.3  1.4  5.30058205977e-05   0.365474854039  2390.0  4.8554418204   -0.884644605419  -0.896240493506
-0.9  0.5  0.4  0.317336223173  0.182688326891  0.499975449936  -1.3  1.4  4.91001285537e-05   0.365376653782  2400.0  4.83521081281  -0.884611272988  -0.896074758115
