#mu0             mu1             mu2              x0              x1              x2              mua   mub  xa                  xb              T       b              u                phi
-0.666666666667  0.833333333333  -0.166666666667  0.319041615707  0.180958384293  0.5             -0.5  1.5  -2.77555756156e-17  0.361916768587  30.0    386.816865025  -0.936196672041  -0.645738491588
-0.666666666667  0.833333333333  -0.166666666667  0.318358677555  0.181641322445  0.5             -0.5  1.5  5.55111512313e-17   0.36328264489   40.0    290.112648769  -0.934323353258  -0.64591398726
-0.666666666667  0.833333333333  -0.166666666667  0.318361048868  0.181638951132  0.5             -0.5  1.5  8.32667268469e-17   0.363277902264  50.0    232.090119015  -0.934327722133  -0.645911242196
-0.666666666667  0.833333333333  -0.166666666667  0.319191008427  0.180808991573  0.5             -0.5  1.5  5.55111512313e-17   0.361617983145  60.0    193.408432513  -0.937007251039  -0.646100892423
-0.666666666667  0.833333333333  -0.166666666667  0.319035199213  0.180964800787  0.5             -0.5  1.5  5.55111512313e-17   0.361929601575  70.0    165.778656439  -0.93729419089   -0.646855259919
-0.666666666667  0.833333333333  -0.166666666667  0.318484357145  0.181515642855  0.5             -0.5  1.5  -8.32667268469e-17  0.363031285709  80.0    145.056324384  -0.936104898731  -0.647318493962
-0.666666666667  0.833333333333  -0.166666666667  0.318568747991  0.181431252009  0.5             -0.5  1.5  -2.77555756156e-17  0.362862504017  90.0    128.938955008  -0.936402968097  -0.64736339079
-0.666666666667  0.833333333333  -0.166666666667  0.318389086157  0.181610913843  0.5             -0.5  1.5  0.0                 0.363221827685  100.0   116.045059507  -0.935858926194  -0.647358334388
-0.666666666667  0.833333333333  -0.166666666667  0.317620641248  0.182379358752  0.5             -0.5  1.5  2.77555756156e-17   0.364758717505  110.0   105.495508643  -0.934456592152  -0.648261335075
-0.666666666667  0.833333333333  -0.166666666667  0.317438050145  0.182561949855  0.5             -0.5  1.5  5.55111512313e-17   0.365123899711  120.0   96.7042162563  -0.936004827633  -0.650357343866
-0.666666666667  0.833333333333  -0.166666666667  0.317472782906  0.182527217094  0.5             -0.5  1.5  0.0                 0.365054434188  130.0   89.2654303904  -0.937726761919  -0.651975079867
-0.666666666667  0.833333333333  -0.166666666667  0.318182642435  0.181817357565  0.5             -0.5  1.5  -1.05471187339e-15  0.36363471513   140.0   82.8893282196  -0.939940594006  -0.652059333367
-0.666666666667  0.833333333333  -0.166666666667  0.318105226039  0.181894773961  0.5             -0.5  1.5  2.77555756156e-17   0.363789547922  150.0   77.363373005   -0.939743576639  -0.652094565189
-0.666666666667  0.833333333333  -0.166666666667  0.318050406862  0.181949593138  0.5             -0.5  1.5  0.0                 0.363899186277  160.0   72.5281621922  -0.939622547351  -0.652137993434
-0.666666666667  0.833333333333  -0.166666666667  0.318047059125  0.181952940875  0.5             -0.5  1.5  5.55111512313e-17   0.363905881749  170.0   68.2617997103  -0.939887310587  -0.652412799877
-0.666666666667  0.833333333333  -0.166666666667  0.318104389105  0.181895610895  0.5             -0.5  1.5  2.77555756156e-17   0.36379122179   180.0   64.4694775042  -0.940052987835  -0.652406487187
-0.666666666667  0.833333333333  -0.166666666667  0.318100204435  0.181899795565  0.5             -0.5  1.5  8.32667268469e-17   0.36379959113   190.0   61.0763471092  -0.940027827831  -0.652393881193
-0.666666666667  0.833333333333  -0.166666666667  0.318149444053  0.181850555947  0.5             -0.5  1.5  5.55111512313e-17   0.363701111895  200.0   58.0225297537  -0.940140208777  -0.652358543286
-0.666666666667  0.833333333333  -0.166666666667  0.317179158558  0.182820841442  0.5             -0.5  1.5  0.0                 0.365641682885  210.0   55.2595521464  -0.937436685172  -0.652565876166
-0.666666666667  0.833333333333  -0.166666666667  0.316580192785  0.183419807215  0.5             -0.5  1.5  -2.77555756156e-17  0.36683961443   220.0   52.7477543216  -0.935981687097  -0.652907775409
-0.666666666667  0.833333333333  -0.166666666667  0.316634593496  0.183365406504  0.5             -0.5  1.5  5.55111512313e-17   0.366730813009  230.0   50.4543736989  -0.936148410495  -0.652911296675
-0.666666666667  0.833333333333  -0.166666666667  0.316612554233  0.183387445767  0.5             -0.5  1.5  2.77555756156e-17   0.366774891533  240.0   48.3521081281  -0.936065823765  -0.652894827732
-0.666666666667  0.833333333333  -0.166666666667  0.316630548315  0.183369451685  0.5             -0.5  1.5  5.55111512313e-17   0.366738903371  250.0   46.418023803   -0.936107106591  -0.652882128314
-0.666666666667  0.833333333333  -0.166666666667  0.316718286897  0.183281713103  0.5             -0.5  1.5  -5.55111512313e-17  0.366563426207  260.0   44.6327151952  -0.936344321655  -0.652856127632
-0.666666666667  0.833333333333  -0.166666666667  0.31687144582   0.18312855418   0.5             -0.5  1.5  -5.55111512313e-17  0.36625710836   270.0   42.9796516694  -0.936689743999  -0.652742073205
-0.666666666667  0.833333333333  -0.166666666667  0.316755111993  0.183244888007  0.5             -0.5  1.5  2.77555756156e-17   0.366489776014  280.0   41.4446641098  -0.936443284243  -0.652844614931
-0.666666666667  0.833333333333  -0.166666666667  0.316836155103  0.183163844897  0.5             -0.5  1.5  2.77555756156e-17   0.366327689794  290.0   40.0155377612  -0.936647776525  -0.652805977883
-0.666666666667  0.833333333333  -0.166666666667  0.317039390578  0.182960609422  0.5             -0.5  1.5  8.32667268469e-17   0.365921218844  300.0   38.6816865025  -0.937148933214  -0.652697428146
-0.666666666667  0.833333333333  -0.166666666667  0.31708667735   0.18291332265   0.5             -0.5  1.5  5.55111512313e-17   0.365826645301  310.0   37.4338901637  -0.937276357717  -0.652682992335
-0.666666666667  0.833333333333  -0.166666666667  0.317189480744  0.182810519256  0.5             -0.5  1.5  -2.77555756156e-17  0.365621038512  320.0   36.2640810961  -0.937541768356  -0.652639992791
-0.666666666667  0.833333333333  -0.166666666667  0.315732239144  0.184267760856  0.5             -0.5  1.5  -2.77555756156e-17  0.368535521711  330.0   35.1651695477  -0.933815272768  -0.653285222001
-0.666666666667  0.833333333333  -0.166666666667  0.314287412066  0.185712587934  0.5             -0.5  1.5  8.32667268469e-17   0.371425175868  340.0   34.1308998551  -0.929951866189  -0.653756296657
-0.666666666667  0.833333333333  -0.166666666667  0.314230221575  0.185769778425  0.5             -0.5  1.5  2.77555756156e-17   0.371539556849  350.0   33.1557312879  -0.929751134223  -0.653727136163
-0.666666666667  0.833333333333  -0.166666666667  0.314279600682  0.185720399318  0.5             -0.5  1.5  -5.55111512313e-17  0.371440798636  360.0   32.2347387521  -0.929868719882  -0.653696584502
-0.666666666667  0.833333333333  -0.166666666667  0.314214040851  0.185785959149  0.5             -0.5  1.5  2.77555756156e-17   0.371571918297  370.0   31.3635295966  -0.929633999754  -0.653658543867
-0.666666666667  0.833333333333  -0.166666666667  0.314167451525  0.185832548475  0.5             -0.5  1.5  -2.77555756156e-17  0.37166509695   380.0   30.5381735546  -0.929492946561  -0.653657258653
-0.666666666667  0.833333333333  -0.166666666667  0.314210972093  0.185789027907  0.5             -0.5  1.5  -2.77555756156e-17  0.371578055813  390.0   29.7551434635  -0.929566046164  -0.653599796551
-0.666666666667  0.833333333333  -0.166666666667  0.314340138909  0.185659861091  0.5             -0.5  1.5  -5.55111512313e-17  0.371319722183  400.0   29.0112648769  -0.929913404914  -0.653559654855
-0.666666666667  0.833333333333  -0.166666666667  0.314184190205  0.185815809795  0.5             -0.5  1.5  -2.77555756156e-17  0.37163161959   410.0   28.3036730506  -0.929421221283  -0.653535317335
-0.666666666667  0.833333333333  -0.166666666667  0.314249052591  0.185750947409  0.5             -0.5  1.5  -5.55111512313e-17  0.371501894819  420.0   27.6297760732  -0.929573524287  -0.653493033182
-0.666666666667  0.833333333333  -0.166666666667  0.314167869992  0.185832130008  0.5             -0.5  1.5  2.77555756156e-17   0.371664260016  430.0   26.9872231413  -0.929306608468  -0.65346966516
-0.666666666667  0.833333333333  -0.166666666667  0.314318797091  0.185681202909  0.5             -0.5  1.5  5.55111512313e-17   0.371362405817  440.0   26.3738771608  -0.929678668055  -0.653388943447
-0.666666666667  0.833333333333  -0.166666666667  0.314285877687  0.185714122313  0.5             -0.5  1.5  2.77555756156e-17   0.371428244626  450.0   25.7877910017  -0.929512018981  -0.653321052587
-0.666666666667  0.833333333333  -0.166666666667  0.314273463166  0.185726536834  0.5             -0.5  1.5  -8.32667268469e-17  0.371453073668  460.0   25.2271868495  -0.929449966045  -0.653296243214
-0.666666666667  0.833333333333  -0.166666666667  0.314550209345  0.185449790655  0.5             -0.5  1.5  5.55111512313e-17   0.37089958131   470.0   24.6904381931  -0.93014327774   -0.653159316372
-0.666666666667  0.833333333333  -0.166666666667  0.314750097084  0.185249902916  0.5             -0.5  1.5  -8.32667268469e-17  0.370499805831  480.0   24.1760540641  -0.93067150154   -0.653087876954
-0.666666666667  0.833333333333  -0.166666666667  0.314913996661  0.185086003339  0.5             -0.5  1.5  -5.55111512313e-17  0.370172006678  490.0   23.6826652056  -0.931051242452  -0.652975919135
-0.666666666667  0.833333333333  -0.166666666667  0.314910788414  0.185089211586  0.5             -0.5  1.5  5.55111512313e-17   0.370178423172  500.0   23.2090119015  -0.930969760007  -0.652904061431
-0.666666666667  0.833333333333  -0.166666666667  0.314963933724  0.185036066276  0.5             -0.5  1.5  5.55111512313e-17   0.370072132552  510.0   22.7539332368  -0.931085424762  -0.652860290258
-0.666666666667  0.833333333333  -0.166666666667  0.315029354065  0.184970645935  0.5             -0.5  1.5  2.77555756156e-17   0.369941291869  520.0   22.3163575976  -0.931242178285  -0.652820782756
-0.666666666667  0.833333333333  -0.166666666667  0.31512378812   0.18487621188   0.5             -0.5  1.5  8.32667268469e-17   0.369752423761  530.0   21.8952942467  -0.931360319129  -0.652655621437
-0.666666666667  0.833333333333  -0.166666666667  0.315415041155  0.184584958845  0.5             -0.5  1.5  2.77555756156e-17   0.36916991769   540.0   21.4898258347  -0.932065159798  -0.652486703
-0.666666666667  0.833333333333  -0.166666666667  0.315793335327  0.184206664673  0.5             -0.5  1.5  -5.55111512313e-17  0.368413329346  550.0   21.0991017286  -0.933032518917  -0.652319179602
-0.666666666667  0.833333333333  -0.166666666667  0.315782873652  0.184217126348  0.5             -0.5  1.5  2.77555756156e-17   0.368434252696  560.0   20.7223320549  -0.932937859044  -0.652255904755
-0.666666666667  0.833333333333  -0.166666666667  0.315752325561  0.184247674439  0.5             -0.5  1.5  2.77555756156e-17   0.368495348879  570.0   20.3587823697  -0.932756865693  -0.652166555678
-0.666666666667  0.833333333333  -0.166666666667  0.31613522287   0.18386477713   0.5             -0.5  1.5  -5.55111512313e-17  0.36772955426   580.0   20.0077688806  -0.933670593912  -0.651931591969
-0.666666666667  0.833333333333  -0.166666666667  0.316324927912  0.183675072088  0.5             -0.5  1.5  0.0                 0.367350144176  590.0   19.6686541538  -0.934129398516  -0.651821281447
-0.666666666667  0.833333333333  -0.166666666667  0.316366774613  0.183633225387  0.5             -0.5  1.5  2.77555756156e-17   0.367266450775  600.0   19.3408432512  -0.934124191776  -0.651690534605
-0.666666666667  0.833333333333  -0.166666666667  0.316937284629  0.183062715371  0.5             -0.5  1.5  8.32667268469e-17   0.366125430742  610.0   19.0237802471  -0.935490525411  -0.651345338191
-0.666666666667  0.833333333333  -0.166666666667  0.316926125509  0.183073874491  0.5             -0.5  1.5  0.0                 0.366147748982  620.0   18.7169450819  -0.935368920852  -0.651257210992
-0.666666666667  0.833333333333  -0.166666666667  0.31687005093   0.18312994907   0.5             -0.5  1.5  8.32667268469e-17   0.36625989814   630.0   18.4198507155  -0.935113471486  -0.651169985362
-0.666666666667  0.833333333333  -0.166666666667  0.317423403799  0.182576596201  0.5             -0.5  1.5  -2.77555756156e-17  0.365153192401  640.0   18.132040548   -0.936395634546  -0.650792089814
-0.666666666667  0.833333333333  -0.166666666667  0.317757061491  0.182242938509  0.5             -0.5  1.5  -8.32667268469e-17  0.364485877018  650.0   17.8530860781  -0.937178540799  -0.650574022992
-0.666666666667  0.833333333333  -0.166666666667  0.317631242412  0.182368757588  0.5             -0.5  1.5  0.0                 0.364737515176  660.0   17.5825847739  -0.936670587857  -0.650443527288
-0.666666666667  0.833333333333  -0.166666666667  0.317772265792  0.182227734208  0.5             -0.5  1.5  0.0                 0.364455468415  670.0   17.3201581354  -0.936956663803  -0.650306533092
-0.666666666667  0.833333333333  -0.166666666667  0.317960994412  0.182039005588  0.5             -0.5  1.5  2.77555756156e-17   0.364078011177  680.0   17.0654499276  -0.937350339742  -0.650134023174
-0.666666666667  0.833333333333  -0.166666666667  0.317936862814  0.182063137186  0.5             -0.5  1.5  -5.55111512313e-17  0.364126274372  690.0   16.8181245663  -0.937176156129  -0.650032234353
-0.666666666667  0.833333333333  -0.166666666667  0.318276518533  0.181723481467  0.5             -0.5  1.5  8.32667268469e-17   0.363446962934  700.0   16.5778656439  -0.937911432448  -0.649748543516
-0.666666666667  0.833333333333  -0.166666666667  0.318083186777  0.181916813223  0.5             -0.5  1.5  5.55111512313e-17   0.363833626446  710.0   16.3443745785  -0.937216980491  -0.649634086827
-0.666666666667  0.833333333333  -0.166666666667  0.318384343531  0.181615656469  0.5             -0.5  1.5  -5.55111512313e-17  0.363231312937  720.0   16.117369376   -0.937920732297  -0.64943436837
-0.666666666667  0.833333333333  -0.166666666667  0.318474732404  0.181525267596  0.5             -0.5  1.5  0.0                 0.363050535191  730.0   15.8965834942  -0.937917482941  -0.649159952395
-0.666666666667  0.833333333333  -0.166666666667  0.318374858279  0.181625141721  0.5             -0.5  1.5  -2.77555756156e-17  0.363250283442  740.0   15.6817647983  -0.937592044734  -0.649134136564
-0.666666666667  0.833333333333  -0.166666666667  0.31842088965   0.18157911035   0.5             -0.5  1.5  2.77555756156e-17   0.363158220701  750.0   15.472674601   -0.937568293267  -0.648972290984
-0.666666666667  0.833333333333  -0.166666666667  0.318624543592  0.181375456408  0.5             -0.5  1.5  2.77555756156e-17   0.362750912816  760.0   15.2690867773  -0.937912287506  -0.648705323397
-0.666666666667  0.833333333333  -0.166666666667  0.318515184215  0.181484815785  0.5             -0.5  1.5  0.0                 0.36296963157   770.0   15.070786949   -0.937494045318  -0.64861515934
-0.666666666667  0.833333333333  -0.166666666667  0.318560657629  0.181439342371  0.5             -0.5  1.5  -2.77555756156e-17  0.362878684741  780.0   14.8775717317  -0.937460453012  -0.648445146791
-0.666666666667  0.833333333333  -0.166666666667  0.318658439419  0.181341560581  0.5             -0.5  1.5  8.32667268469e-17   0.362683121161  790.0   14.6892480389  -0.937541888959  -0.648233237367
-0.666666666667  0.833333333333  -0.166666666667  0.318539455301  0.181460544699  0.5             -0.5  1.5  2.77555756156e-17   0.362921089398  800.0   14.5056324384  -0.937039374323  -0.648087675087
-0.666666666667  0.833333333333  -0.166666666667  0.318431490814  0.181568509186  0.5             -0.5  1.5  0.0                 0.363137018372  810.0   14.3265505565  -0.936569658791  -0.647941853016
-0.666666666667  0.833333333333  -0.166666666667  0.318566237189  0.181433762811  0.5             -0.5  1.5  0.0                 0.362867525621  820.0   14.1518365253  -0.936771964128  -0.647739919227
-0.666666666667  0.833333333333  -0.166666666667  0.318499840425  0.181500159575  0.5             -0.5  1.5  -2.77555756156e-17  0.363000319151  830.0   13.9813324708  -0.936464574414  -0.647631719807
-0.666666666667  0.833333333333  -0.166666666667  0.318579767622  0.181420232378  0.5             -0.5  1.5  0.0                 0.362840464755  840.0   13.8148880366  -0.936441161808  -0.647368525608
-0.666666666667  0.833333333333  -0.166666666667  0.318556193981  0.181443806019  0.5             -0.5  1.5  2.77555756156e-17   0.362887612038  850.0   13.6523599421  -0.936281362966  -0.647279447689
-0.666666666667  0.833333333333  -0.166666666667  0.318540850191  0.181459149809  0.5             -0.5  1.5  0.0                 0.362918299618  860.0   13.4936115706  -0.935921758394  -0.646965874487
-0.666666666667  0.833333333333  -0.166666666667  0.318505419985  0.181494719504  0.499999860511  -0.5  1.5  2.78978003893e-07   0.362989439009  870.0   13.3385125871  -0.935704696219  -0.64685538191
-0.666666666667  0.833333333333  -0.166666666667  0.318480311964  0.181519688036  0.5             -0.5  1.5  2.77555756156e-17   0.363039376071  880.0   13.1869385804  -0.935368885576  -0.64659461635
-0.666666666667  0.833333333333  -0.166666666667  0.318343612743  0.181656387257  0.5             -0.5  1.5  2.77555756156e-17   0.363312774514  890.0   13.0387707312  -0.934771138184  -0.646406966622
-0.666666666667  0.833333333333  -0.166666666667  0.318390481047  0.181609518953  0.5             -0.5  1.5  -2.77555756156e-17  0.363219037905  900.0   12.8938955008  -0.934689360706  -0.64618458423
-0.666666666667  0.833333333333  -0.166666666667  0.318284608895  0.181715391105  0.5             -0.5  1.5  0.0                 0.36343078221   910.0   12.7522043415  -0.934203163188  -0.64601600317
-0.666666666667  0.833333333333  -0.166666666667  0.318280703203  0.181719296797  0.5             -0.5  1.5  5.55111512313e-17   0.363438593594  920.0   12.6135934247  -0.934009045426  -0.645833602483
-0.666666666667  0.833333333333  -0.166666666667  0.318210679724  0.181789459765  0.499999860511  -0.5  1.5  2.78978003809e-07   0.363578919529  930.0   12.4779633879  -0.933606903684  -0.645641810156
-0.666666666667  0.833333333333  -0.166666666667  0.318158092371  0.181841907629  0.5             -0.5  1.5  2.77555756156e-17   0.363683815259  940.0   12.3452190965  -0.93319549105   -0.645387880605
-0.666666666667  0.833333333333  -0.166666666667  0.318158789816  0.181841210184  0.5             -0.5  1.5  8.32667268469e-17   0.363682420369  950.0   12.2152694218  -0.932928701574  -0.645118998794
-0.666666666667  0.833333333333  -0.166666666667  0.318032970736  0.181967029264  0.5             -0.5  1.5  -5.55111512313e-17  0.363934058527  960.0   12.088027032   -0.932462016641  -0.645029771098
-0.666666666667  0.833333333333  -0.166666666667  0.317910359904  0.182089640096  0.5             -0.5  1.5  -5.55111512313e-17  0.364179280192  970.0   11.9634081967  -0.931903667192  -0.644839254146
-0.666666666667  0.833333333333  -0.166666666667  0.317912731217  0.182087408272  0.499999860511  -0.5  1.5  2.78978002866e-07   0.364174816544  980.0   11.8413326028  -0.931690414273  -0.644619166267
-0.666666666667  0.833333333333  -0.166666666667  0.317813415048  0.182187003419  0.499999581533  -0.5  1.5  8.3693400979e-07    0.364374006838  990.0   11.7217231826  -0.931081984819  -0.644309243276
-0.666666666667  0.833333333333  -0.166666666667  0.317655095031  0.182345044458  0.499999860511  -0.5  1.5  2.78978003837e-07   0.364690088916  1000.0  11.6045059507  -0.930311376115  -0.644013036667
-0.666666666667  0.833333333333  -0.166666666667  0.317647144158  0.182352995331  0.499999860511  -0.5  1.5  2.78978003893e-07   0.364705990662  1010.0  11.4896098522  -0.929981839135  -0.643707352306
-0.666666666667  0.833333333333  -0.166666666667  0.317659558679  0.182340720299  0.499999721022  -0.5  1.5  5.57956005759e-07   0.364681440598  1020.0  11.3769666184  -0.929938864369  -0.643627412955
-0.666666666667  0.833333333333  -0.166666666667  0.317308883329  0.182692372072  0.499998744599  -0.5  1.5  2.51080202734e-06   0.365384744144  1030.0  11.2665106318  -0.928408600627  -0.643151128108
-0.666666666667  0.833333333333  -0.166666666667  0.317419358618  0.182580780871  0.499999860511  -0.5  1.5  2.78978003837e-07   0.365161561741  1040.0  11.1581787988  -0.928499294192  -0.642908163982
-0.666666666667  0.833333333333  -0.166666666667  0.317243881454  0.182756118546  0.5             -0.5  1.5  5.55111512313e-17   0.365512237091  1050.0  11.0519104293  -0.927841083193  -0.642776105496
-0.666666666667  0.833333333333  -0.166666666667  0.3172039876    0.182796430867  0.499999581533  -0.5  1.5  8.36934008736e-07   0.365592861734  1060.0  10.9476471233  -0.927365706463  -0.642421247264
-0.666666666667  0.833333333333  -0.166666666667  0.317090443553  0.182909556447  0.5             -0.5  1.5  8.32667268469e-17   0.365819112895  1070.0  10.8453326643  -0.92659904006   -0.641994376068
-0.666666666667  0.833333333333  -0.166666666667  0.317001170592  0.182999387364  0.499999442044  -0.5  1.5  1.11591201171e-06   0.365998774729  1080.0  10.7449129174  -0.926254799179  -0.641919069983
-0.666666666667  0.833333333333  -0.166666666667  0.316846198311  0.183154499134  0.499999302555  -0.5  1.5  1.39489001555e-06   0.366308998268  1090.0  10.6463357346  -0.925462616741  -0.641592083365
-0.666666666667  0.833333333333  -0.166666666667  0.316730980396  0.18326957756   0.499999442044  -0.5  1.5  1.11591201266e-06   0.366539155121  1100.0  10.5495508643  -0.924743226026  -0.641218067418
-0.666666666667  0.833333333333  -0.166666666667  0.316536672216  0.18346388574   0.499999442044  -0.5  1.5  1.11591201171e-06   0.366927771479  1110.0  10.4545098655  -0.923793995759  -0.640851761688
-0.666666666667  0.833333333333  -0.166666666667  0.316474460122  0.183525679367  0.499999860511  -0.5  1.5  2.7897800392e-07    0.367051358734  1120.0  10.3611660275  -0.923402735982  -0.640646301262
-0.666666666667  0.833333333333  -0.166666666667  0.31638532665   0.183615510284  0.499999163066  -0.5  1.5  1.67386801958e-06   0.367231020568  1130.0  10.2694742927  -0.922811627851  -0.640323988436
-0.666666666667  0.833333333333  -0.166666666667  0.316127829953  0.183873983404  0.499998186643  -0.5  1.5  3.62671404106e-06   0.367747966808  1140.0  10.1793911849  -0.921548186939  -0.639834990461
-0.666666666667  0.833333333333  -0.166666666667  0.315928360681  0.184074429099  0.49999721022   -0.5  1.5  5.57956006242e-06   0.368148858199  1150.0  10.0908747398  -0.920638707342  -0.639525871527
-0.666666666667  0.833333333333  -0.166666666667  0.315865869608  0.184134827837  0.499999302555  -0.5  1.5  1.39489001555e-06   0.368269655674  1160.0  10.0038844403  -0.919950993145  -0.639021445878
-0.666666666667  0.833333333333  -0.166666666667  0.315691508356  0.184309886534  0.49999860511   -0.5  1.5  2.78978003129e-06   0.368619773068  1170.0  9.91838115449  -0.91915233603   -0.638747267408
-0.666666666667  0.833333333333  -0.166666666667  0.315565131321  0.184436961014  0.499997907665  -0.5  1.5  4.18467004695e-06   0.368873922029  1180.0  9.83432707691  -0.918341985428  -0.638317442803
-0.666666666667  0.833333333333  -0.166666666667  0.315397326052  0.184604347816  0.499998326132  -0.5  1.5  3.34773603816e-06   0.369208695633  1190.0  9.7516856729   -0.917527580166  -0.638005616414
-0.666666666667  0.833333333333  -0.166666666667  0.315101888346  0.184901738368  0.499996373286  -0.5  1.5  7.25342808208e-06   0.369803476735  1200.0  9.67042162562  -0.916040672138  -0.637408927194
-0.666666666667  0.833333333333  -0.166666666667  0.315168145622  0.184833388757  0.499998465621  -0.5  1.5  3.06875803416e-06   0.369666777514  1210.0  9.59050078574  -0.916103114808  -0.637268413366
-0.666666666667  0.833333333333  -0.166666666667  0.314929758918  0.185072054439  0.499998186643  -0.5  1.5  3.62671404108e-06   0.370144108877  1220.0  9.51189012357  -0.914881980688  -0.636762997313
-0.666666666667  0.833333333333  -0.166666666667  0.314740053876  0.185262177948  0.499997768176  -0.5  1.5  4.46364805071e-06   0.370524355896  1230.0  9.43455768354  -0.913923109474  -0.63637407816
-0.666666666667  0.833333333333  -0.166666666667  0.314531936286  0.185469598093  0.499998465621  -0.5  1.5  3.06875803521e-06   0.370939196186  1240.0  9.35847254093  -0.912814202064  -0.635888128631
-0.666666666667  0.833333333333  -0.166666666667  0.314319215558  0.185686085024  0.499994699418  -0.5  1.5  1.06011641192e-05   0.371372170047  1250.0  9.2836047606   -0.911425560767  -0.635145181923
-0.666666666667  0.833333333333  -0.166666666667  0.314064508642  0.185939955006  0.499995536352  -0.5  1.5  8.92729610064e-06   0.371879910013  1260.0  9.20992535774  -0.910363727493  -0.634845795531
-0.666666666667  0.833333333333  -0.166666666667  0.313866713237  0.186138168878  0.499995117885  -0.5  1.5  9.76423010929e-06   0.372276337755  1270.0  9.13740626043  -0.908965232074  -0.634041523259
-0.666666666667  0.833333333333  -0.166666666667  0.313564998527  0.186440720522  0.499994280951  -0.5  1.5  1.1438098129e-05    0.372881441044  1280.0  9.06602027402  -0.907315107399  -0.633298216583
-0.666666666667  0.833333333333  -0.166666666667  0.313386592094  0.186617453087  0.499995954819  -0.5  1.5  8.09036209085e-06   0.373234906174  1290.0  8.99574104709  -0.906439137387  -0.632954118134
-0.666666666667  0.833333333333  -0.166666666667  0.312936182108  0.187071350298  0.499992467594  -0.5  1.5  1.50648121699e-05   0.374142700596  1300.0  8.92654303904  -0.904226540674  -0.632099725829
-0.666666666667  0.833333333333  -0.166666666667  0.312897962121  0.187109291307  0.499992746572  -0.5  1.5  1.45068561632e-05   0.374218582613  1310.0  8.85840148912  -0.903835968094  -0.631823255252
-0.666666666667  0.833333333333  -0.166666666667  0.312726948606  0.187282257669  0.499990793726  -0.5  1.5  1.8412548208e-05    0.374564515337  1320.0  8.79129238693  -0.903026708477  -0.631530941875
-0.666666666667  0.833333333333  -0.166666666667  0.312487027523  0.187522457729  0.499990514748  -0.5  1.5  1.89705042129e-05   0.375044915459  1330.0  8.72519244417  -0.901556611798  -0.6307811664
-0.666666666667  0.833333333333  -0.166666666667  0.312203027916  0.187808549671  0.499988422413  -0.5  1.5  2.31551742618e-05   0.375617099343  1340.0  8.66007906772  -0.899893577815  -0.629974315909
-0.666666666667  0.833333333333  -0.166666666667  0.311877879053  0.188131885177  0.49999023577   -0.5  1.5  1.95284602197e-05   0.376263770354  1350.0  8.59593033389  -0.898055111094  -0.629107669062
-0.666666666667  0.833333333333  -0.166666666667  0.311689429412  0.188322985109  0.499987585479  -0.5  1.5  2.48290422803e-05   0.376645970219  1360.0  8.53272496379  -0.897006061525  -0.628629268998
-0.666666666667  0.833333333333  -0.166666666667  0.311282261016  0.188727782192  0.499989956792  -0.5  1.5  2.00864162266e-05   0.377455564384  1370.0  8.47044229982  -0.895181996223  -0.628021966257
-0.666666666667  0.833333333333  -0.166666666667  0.311316993778  0.188695420743  0.499987585479  -0.5  1.5  2.48290422792e-05   0.377390841487  1380.0  8.40906228315  -0.894958794976  -0.627699309351
-0.666666666667  0.833333333333  -0.166666666667  0.311017371402  0.188998251366  0.499984377232  -0.5  1.5  3.12455363516e-05   0.377996502732  1390.0  8.34856543219  -0.893217149107  -0.626862947103
-0.666666666667  0.833333333333  -0.166666666667  0.310621780594  0.18939579502   0.499982424386  -0.5  1.5  3.51512283966e-05   0.378791590041  1400.0  8.28893282196  -0.891222436282  -0.626058912395
-0.666666666667  0.833333333333  -0.166666666667  0.310314067856  0.189705042137  0.499980890007  -0.5  1.5  3.82199864307e-05   0.379410084274  1410.0  8.23014606436  -0.889632259431  -0.625394942515
-0.666666666667  0.833333333333  -0.166666666667  0.310312672966  0.189706576516  0.499980750518  -0.5  1.5  3.84989644337e-05   0.379413153032  1420.0  8.17218728926  -0.888989099402  -0.624756246134
-0.666666666667  0.833333333333  -0.166666666667  0.310148912879  0.189875218719  0.499975868403  -0.5  1.5  4.8263194544e-05    0.379750437438  1430.0  8.1150391264   -0.888290289019  -0.624558480244
-0.666666666667  0.833333333333  -0.166666666667  0.309781359359  0.190243190705  0.499975449936  -0.5  1.5  4.91001285528e-05   0.38048638141   1440.0  8.05868468802  -0.886639596569  -0.624011285286
-0.666666666667  0.833333333333  -0.166666666667  0.309480621072  0.190546858261  0.499972520667  -0.5  1.5  5.49586666181e-05   0.381093716523  1450.0  8.00310755224  -0.884624463999  -0.622904226116
-0.666666666667  0.833333333333  -0.166666666667  0.309346572141  0.190679651791  0.499973776068  -0.5  1.5  5.24478645897e-05   0.381359303582  1460.0  7.94829174709  -0.883682728502  -0.622362126609
-0.666666666667  0.833333333333  -0.166666666667  0.30891234288   0.191117228789  0.499970428332  -0.5  1.5  5.91433366659e-05   0.382234457577  1470.0  7.8942217352   -0.881711454101  -0.621700235466
-0.666666666667  0.833333333333  -0.166666666667  0.308916248572  0.191116810322  0.499966941107  -0.5  1.5  6.61177867442e-05   0.382233620643  1480.0  7.84088239916  -0.881335599241  -0.621319637979
-0.666666666667  0.833333333333  -0.166666666667  0.30867200333   0.191363147899  0.499964848772  -0.5  1.5  7.03024567919e-05   0.382726295797  1490.0  7.78825902735  -0.880278272206  -0.62099923134
-0.666666666667  0.833333333333  -0.166666666667  0.308427897577  0.191604324382  0.499967778041  -0.5  1.5  6.44439187265e-05   0.383208648764  1500.0  7.7363373005   -0.878852440524  -0.620299858378
-0.666666666667  0.833333333333  -0.166666666667  0.308399999777  0.191644218237  0.499955781987  -0.5  1.5  8.84360269962e-05   0.383288436473  1510.0  7.68510327864  -0.878249385867  -0.61980448923
-0.666666666667  0.833333333333  -0.166666666667  0.308123672065  0.191916500768  0.499959827168  -0.5  1.5  8.03456649044e-05   0.383833001535  1520.0  7.63454338865  -0.877032394044  -0.619408390181
-0.666666666667  0.833333333333  -0.166666666667  0.307920018122  0.192127408138  0.499952573739  -0.5  1.5  9.48525210683e-05   0.384254816276  1530.0  7.58464441225  -0.875873484055  -0.618874948876
-0.666666666667  0.833333333333  -0.166666666667  0.307804102762  0.192247926635  0.499947970602  -0.5  1.5  0.000104058795172   0.384495853271  1540.0  7.53539347451  -0.875399562421  -0.618757979597
-0.666666666667  0.833333333333  -0.166666666667  0.307669914343  0.192373745715  0.499956339943  -0.5  1.5  8.73201149835e-05   0.38474749143   1550.0  7.48677803274  -0.874467881851  -0.618212125604
-0.666666666667  0.833333333333  -0.166666666667  0.307443244715  0.192607529282  0.499949226003  -0.5  1.5  0.000101547993145   0.385215058563  1560.0  7.43878586587  -0.872972911341  -0.617411391856
-0.666666666667  0.833333333333  -0.166666666667  0.30737824284   0.192679784584  0.499941972575  -0.5  1.5  0.000116054849307   0.385359569169  1570.0  7.39140506417  -0.872625747751  -0.617273740746
-0.666666666667  0.833333333333  -0.166666666667  0.307215598664  0.192844521095  0.49993988024   -0.5  1.5  0.000120239519355   0.38568904219   1580.0  7.34462401946  -0.871773531847  -0.61691364204
-0.666666666667  0.833333333333  -0.166666666667  0.307025893622  0.193029204533  0.499944901844  -0.5  1.5  0.000110196311241   0.386058409067  1590.0  7.29843141557  -0.87077847392   -0.616477656031
-0.666666666667  0.833333333333  -0.166666666667  0.306895052939  0.193177341853  0.499927605208  -0.5  1.5  0.000144789583631   0.386354683706  1600.0  7.25281621922  -0.870193421875  -0.616319719308
-0.666666666667  0.833333333333  -0.166666666667  0.306636998286  0.193435257017  0.499927744697  -0.5  1.5  0.000144510605627   0.386870514034  1610.0  7.20776767127  -0.868667868873  -0.615568051288
-0.666666666667  0.833333333333  -0.166666666667  0.306483141917  0.193593158567  0.499923699516  -0.5  1.5  0.00015260096772    0.387186317133  1620.0  7.16327527824  -0.867844734786  -0.615214576668
-0.666666666667  0.833333333333  -0.166666666667  0.306413815883  0.193666390292  0.499919793824  -0.5  1.5  0.000160412351807   0.387332780585  1630.0  7.11932880414  -0.867141374945  -0.614727006313
-0.666666666667  0.833333333333  -0.166666666667  0.306217554858  0.193866278032  0.49991616711   -0.5  1.5  0.000167665779889   0.387732556063  1640.0  7.07591826265  -0.866253103189  -0.614434771061
-0.666666666667  0.833333333333  -0.166666666667  0.30626065696   0.19383015038   0.49990919266   -0.5  1.5  0.000181614680045   0.387660300761  1650.0  7.03303390954  -0.866162899062  -0.614229209529
-0.666666666667  0.833333333333  -0.166666666667  0.306053236814  0.194040918262  0.499905844924  -0.5  1.5  0.000188310152121   0.388081836523  1660.0  6.99066623539  -0.864991319758  -0.613686586133
-0.666666666667  0.833333333333  -0.166666666667  0.305768400273  0.194333984654  0.499897615073  -0.5  1.5  0.000204769854306   0.388667969308  1670.0  6.94880595853  -0.863597587357  -0.613163823059
-0.666666666667  0.833333333333  -0.166666666667  0.305715254964  0.19439187259   0.499892872447  -0.5  1.5  0.000214255106413   0.388783745179  1680.0  6.9074440183   -0.86338246808   -0.613117624963
-0.666666666667  0.833333333333  -0.166666666667  0.305721950436  0.194388245876  0.499889803689  -0.5  1.5  0.000220392622482   0.388776491751  1690.0  6.86657156849  -0.863041739426  -0.612762947408
-0.666666666667  0.833333333333  -0.166666666667  0.30547268359   0.194646718996  0.499880597415  -0.5  1.5  0.00023880517069    0.389293437991  1700.0  6.82617997103  -0.861995340709  -0.612482761777
-0.666666666667  0.833333333333  -0.166666666667  0.305164691874  0.194953734288  0.499881573838  -0.5  1.5  0.000236852324668   0.389907468576  1710.0  6.78626078991  -0.860695821893  -0.612105265262
-0.666666666667  0.833333333333  -0.166666666667  0.305292742778  0.19483475017   0.499872507053  -0.5  1.5  0.000254985894872   0.389669500339  1720.0  6.74680578532  -0.860627206081  -0.611670630309
-0.666666666667  0.833333333333  -0.166666666667  0.305162739028  0.194983026978  0.499854233993  -0.5  1.5  0.000291532013284   0.389966053957  1730.0  6.70780690795  -0.859803801899  -0.611273783494
-0.666666666667  0.833333333333  -0.166666666667  0.304860187384  0.195288368403  0.499851444213  -0.5  1.5  0.000297111573347   0.390576736805  1740.0  6.66925629353  -0.858485169596  -0.610868385685
-0.666666666667  0.833333333333  -0.166666666667  0.304760452748  0.195388242528  0.499851304724  -0.5  1.5  0.00029739055135    0.390776485056  1750.0  6.63114625757  -0.857959203148  -0.610641902123
-0.666666666667  0.833333333333  -0.166666666667  0.304789047993  0.195372759249  0.499838192758  -0.5  1.5  0.000323614483645   0.390745518497  1760.0  6.5934692902   -0.857906660783  -0.610529797954
-0.666666666667  0.833333333333  -0.166666666667  0.304518997286  0.195648668494  0.49983233422   -0.5  1.5  0.000335331559776   0.391297336988  1770.0  6.55621805127  -0.856598913885  -0.610043920253
-0.666666666667  0.833333333333  -0.166666666667  0.304575908799  0.195607379749  0.499816711452  -0.5  1.5  0.000366577096129   0.391214759499  1780.0  6.51938536559  -0.856375175225  -0.609680692591
-0.666666666667  0.833333333333  -0.166666666667  0.304499887293  0.19569107315   0.499809039557  -0.5  1.5  0.000381920886303   0.391382146301  1790.0  6.4829642183   -0.856031510684  -0.609580436359
-0.666666666667  0.833333333333  -0.166666666667  0.304206541923  0.19598455801   0.499808900068  -0.5  1.5  0.000382199864305   0.391969116019  1800.0  6.44694775042  -0.854712913055  -0.609142153818
-0.666666666667  0.833333333333  -0.166666666667  0.304092439919  0.196102007749  0.499805552332  -0.5  1.5  0.00038889533638    0.392204015498  1810.0  6.41132925456  -0.854090294749  -0.608868536994
-0.666666666667  0.833333333333  -0.166666666667  0.303885996197  0.196319052635  0.499794951168  -0.5  1.5  0.000410097664619   0.392638105271  1820.0  6.37610217074  -0.853222563325  -0.608641339065
-0.666666666667  0.833333333333  -0.166666666667  0.303826434393  0.196400235234  0.499773330372  -0.5  1.5  0.000453339255106   0.392800470469  1830.0  6.34126008238  -0.852599075661  -0.608239778403
-0.666666666667  0.833333333333  -0.166666666667  0.303816670163  0.196436083908  0.499747245929  -0.5  1.5  0.000505508141694   0.392872167815  1840.0  6.30679671236  -0.852217269643  -0.607939433961
-0.666666666667  0.833333333333  -0.166666666667  0.303671322624  0.196581431447  0.499747245929  -0.5  1.5  0.000505508141693   0.393162862895  1850.0  6.27270591932  -0.851508704738  -0.607666911675
-0.666666666667  0.833333333333  -0.166666666667  0.303625570231  0.19662578895   0.499748640819  -0.5  1.5  0.000502718361662   0.3932515779    1860.0  6.23898169395  -0.851114908061  -0.607407582396
-0.666666666667  0.833333333333  -0.166666666667  0.303454696204  0.196813401657  0.499731902139  -0.5  1.5  0.000536195722039   0.393626803314  1870.0  6.20561815548  -0.850283416933  -0.60712219071
-0.666666666667  0.833333333333  -0.166666666667  0.303489010499  0.19677239189   0.499738597611  -0.5  1.5  0.000522804777889   0.393544783781  1880.0  6.17260954827  -0.850212549807  -0.606934989756
-0.666666666667  0.833333333333  -0.166666666667  0.30312131749   0.197169796056  0.499708886454  -0.5  1.5  0.000582227092559   0.394339592112  1890.0  6.13995023849  -0.848641985381  -0.606526926669
-0.666666666667  0.833333333333  -0.166666666667  0.303206963737  0.197100330533  0.49969270573   -0.5  1.5  0.000614588540922   0.394200661066  1900.0  6.10763471092  -0.848626744188  -0.606287108183
-0.666666666667  0.833333333333  -0.166666666667  0.3029677401    0.197363546279  0.499668713621  -0.5  1.5  0.000662572757463   0.394727092558  1910.0  6.07565756584  -0.847608154211  -0.606034173336
-0.666666666667  0.833333333333  -0.166666666667  0.302922545663  0.197409019694  0.499668434643  -0.5  1.5  0.000663130713469   0.394818039387  1920.0  6.04401351602  -0.847008145058  -0.605570305448
-0.666666666667  0.833333333333  -0.166666666667  0.3028028641    0.197529956658  0.499667179242  -0.5  1.5  0.000665641515498   0.395059913316  1930.0  6.01269738381  -0.846443085527  -0.605366801409
-0.666666666667  0.833333333333  -0.166666666667  0.302762830756  0.197584357369  0.499652811875  -0.5  1.5  0.000694376249821   0.395168714737  1940.0  5.98170409833  -0.846068915837  -0.605141466484
-0.666666666667  0.833333333333  -0.166666666667  0.302598373223  0.197770156719  0.499631470058  -0.5  1.5  0.000737059884302   0.395540313437  1950.0  5.95102869269  -0.845263764282  -0.604872371163
-0.666666666667  0.833333333333  -0.166666666667  0.302508542306  0.197860964059  0.499630493635  -0.5  1.5  0.000739012730324   0.395721928117  1960.0  5.9206663014   -0.844708703352  -0.60458875583
-0.666666666667  0.833333333333  -0.166666666667  0.302451491305  0.197952329355  0.49959617934   -0.5  1.5  0.000807641319098   0.395904658709  1970.0  5.89061215774  -0.844211696586  -0.604331530658
-0.666666666667  0.833333333333  -0.166666666667  0.302216452337  0.198196853574  0.499586694088  -0.5  1.5  0.000826611823311   0.396393707149  1980.0  5.86086159129  -0.843072006094  -0.603915927573
-0.666666666667  0.833333333333  -0.166666666667  0.302241839335  0.198188484234  0.49956967643   -0.5  1.5  0.000860647139695   0.396376968469  1990.0  5.8314100255   -0.843140931117  -0.603942726917
-0.666666666667  0.833333333333  -0.166666666667  0.302222171386  0.198217358458  0.499560470156  -0.5  1.5  0.000879059687902   0.396434716915  2000.0  5.80225297537  -0.842680459856  -0.603559672052
-0.666666666667  0.833333333333  -0.166666666667  0.302029816053  0.1984210124    0.499549171547  -0.5  1.5  0.000901656906156   0.3968420248    2010.0  5.77338604515  -0.841730728984  -0.603209604398
-0.666666666667  0.833333333333  -0.166666666667  0.301948354476  0.198522002437  0.499529643087  -0.5  1.5  0.000940713826596   0.397044004874  2020.0  5.74480492611  -0.841278859643  -0.603041176708
-0.666666666667  0.833333333333  -0.166666666667  0.301837600209  0.198662049395  0.499500350396  -0.5  1.5  0.000999299207256   0.397324098789  2030.0  5.71650539446  -0.840479657501  -0.602632822748
-0.666666666667  0.833333333333  -0.166666666667  0.301747769292  0.198763876366  0.499488354342  -0.5  1.5  0.00102329131553    0.397527752732  2040.0  5.68848330919  -0.839974464229  -0.602421114336
-0.666666666667  0.833333333333  -0.166666666667  0.301730333167  0.198789542342  0.499480124491  -0.5  1.5  0.00103975101771    0.397579084684  2050.0  5.66073461012  -0.839792170396  -0.602307588581
-0.666666666667  0.833333333333  -0.166666666667  0.301512311857  0.199057779692  0.499429908451  -0.5  1.5  0.00114018309884    0.398115559384  2060.0  5.6332553159   -0.838535806443  -0.601805720637
-0.666666666667  0.833333333333  -0.166666666667  0.301464327641  0.19912794266   0.499407729699  -0.5  1.5  0.00118454060134    0.39825588532   2070.0  5.6060415221   -0.838167846837  -0.601626071183
-0.666666666667  0.833333333333  -0.166666666667  0.301355107752  0.199234372768  0.499410519479  -0.5  1.5  0.00117896104128    0.398468745536  2080.0  5.5790893994   -0.837698525906  -0.601478830356
-0.666666666667  0.833333333333  -0.166666666667  0.301315213898  0.199285146765  0.499399639337  -0.5  1.5  0.00120072132553    0.398570293529  2090.0  5.55239519175  -0.837346756502  -0.6012685028
-0.666666666667  0.833333333333  -0.166666666667  0.3013177247    0.199308859895  0.499373415405  -0.5  1.5  0.00125316919012    0.39861771979   2100.0  5.52595521464  -0.83687582355   -0.600842485307
-0.666666666667  0.833333333333  -0.166666666667  0.301256349539  0.199389484538  0.499354165923  -0.5  1.5  0.00129166815455    0.398778969076  2110.0  5.49976585344  -0.836491332258  -0.600680618461
-0.666666666667  0.833333333333  -0.166666666667  0.301040839032  0.199627592264  0.499331568704  -0.5  1.5  0.00133686259106    0.399255184527  2120.0  5.47382356168  -0.835510584874  -0.600391597036
-0.666666666667  0.833333333333  -0.166666666667  0.300927573963  0.199758711925  0.499313714112  -0.5  1.5  0.00137257177546    0.39951742385   2130.0  5.44812485951  -0.834880210093  -0.600136726647
-0.666666666667  0.833333333333  -0.166666666667  0.300972768399  0.199745042003  0.499282189598  -0.5  1.5  0.00143562080417    0.399490084006  2140.0  5.42266633213  -0.834656981165  -0.599840963438
-0.666666666667  0.833333333333  -0.166666666667  0.30096565446   0.199782843522  0.499251502018  -0.5  1.5  0.00149699596486    0.399565687045  2150.0  5.39744462826  -0.834281666321  -0.599548365573
-0.666666666667  0.833333333333  -0.166666666667  0.300877218433  0.199879090933  0.499243690633  -0.5  1.5  0.00151261873304    0.399758181867  2160.0  5.37245645868  -0.833976211989  -0.599523842089
-0.666666666667  0.833333333333  -0.166666666667  0.300562810224  0.200244412629  0.499192777148  -0.5  1.5  0.00161444570418    0.400488825257  2170.0  5.34769859482  -0.832520022595  -0.599112704295
-0.666666666667  0.833333333333  -0.166666666667  0.300565878982  0.200249992189  0.49918412883   -0.5  1.5  0.00163174234038    0.400499984377  2180.0  5.32316786732  -0.832299902115  -0.598900674177
-0.666666666667  0.833333333333  -0.166666666667  0.300328329212  0.200509860199  0.49916181059   -0.5  1.5  0.00167637882088    0.401019720397  2190.0  5.29886116473  -0.831196884926  -0.598554942778
-0.666666666667  0.833333333333  -0.166666666667  0.300403513784  0.200473174591  0.499123311625  -0.5  1.5  0.00175337674975    0.400946349182  2200.0  5.27477543216  -0.831019104022  -0.598228606087
-0.666666666667  0.833333333333  -0.166666666667  0.30026709354   0.200647256865  0.499085649595  -0.5  1.5  0.0018287008106     0.40129451373   2210.0  5.25090767002  -0.830343971163  -0.598038058019
-0.666666666667  0.833333333333  -0.166666666667  0.300193582836  0.200750478726  0.499055938437  -0.5  1.5  0.00188812312527    0.401500957453  2220.0  5.22725493277  -0.829819423661  -0.597793464944
-0.666666666667  0.833333333333  -0.166666666667  0.300055488725  0.200899034513  0.499045476762  -0.5  1.5  0.0019090464755     0.401798069026  2230.0  5.20381432769  -0.829156209575  -0.597565456543
-0.666666666667  0.833333333333  -0.166666666667  0.300116863886  0.200859001169  0.499024134945  -0.5  1.5  0.00195173010998    0.401718002339  2240.0  5.18058301373  -0.829129961097  -0.597397766217
-0.666666666667  0.833333333333  -0.166666666667  0.299911257097  0.201121798448  0.498966944454  -0.5  1.5  0.00206611109127    0.402243596897  2250.0  5.15755820033  -0.828094165067  -0.597093171534
-0.666666666667  0.833333333333  -0.166666666667  0.299924229574  0.201126122607  0.498949647818  -0.5  1.5  0.00210070436366    0.402252245215  2260.0  5.13473714635  -0.827899785656  -0.596894467963
-0.666666666667  0.833333333333  -0.166666666667  0.299826726762  0.201234087095  0.498939186143  -0.5  1.5  0.0021216277139     0.402468174189  2270.0  5.11211715892  -0.827272404408  -0.596580518502
-0.666666666667  0.833333333333  -0.166666666667  0.299861738502  0.201262821829  0.498875439669  -0.5  1.5  0.00224912066133    0.402525643658  2280.0  5.08969559243  -0.826979792974  -0.596310364797
-0.666666666667  0.833333333333  -0.166666666667  0.299556676055  0.201561188803  0.498882135141  -0.5  1.5  0.00223572971718    0.403122377607  2290.0  5.06746984749  -0.825857358065  -0.596089726283
-0.666666666667  0.833333333333  -0.166666666667  0.29976144591   0.201410959149  0.498827594942  -0.5  1.5  0.00234481011641    0.402821918297  2300.0  5.04543736989  -0.826117774077  -0.595844913132
-0.666666666667  0.833333333333  -0.166666666667  0.299768838827  0.20139687076   0.498834290414  -0.5  1.5  0.00233141917226    0.402793741519  2310.0  5.02359564968  -0.82600782193   -0.595699391289
-0.666666666667  0.833333333333  -0.166666666667  0.299315499571  0.201942691223  0.498741809206  -0.5  1.5  0.00251638158834    0.403885382445  2320.0  5.00194222015  -0.823955638119  -0.59519218766
-0.666666666667  0.833333333333  -0.166666666667  0.299404633043  0.201836958559  0.498758408397  -0.5  1.5  0.00248318320597    0.403673917119  2330.0  4.98047465697  -0.824061734514  -0.594997685257
-0.666666666667  0.833333333333  -0.166666666667  0.299359159629  0.201960266837  0.498680573534  -0.5  1.5  0.00263885293172    0.403920533674  2340.0  4.95919057724  -0.823493769989  -0.5947218107
-0.666666666667  0.833333333333  -0.166666666667  0.299311175412  0.202062651764  0.498626172824  -0.5  1.5  0.00274765435295    0.404125303528  2350.0  4.93808763862  -0.822916938811  -0.594397733594
-0.666666666667  0.833333333333  -0.166666666667  0.299161224736  0.202186517997  0.498652257267  -0.5  1.5  0.00269548546636    0.404373035995  2360.0  4.91716353845  -0.822445571399  -0.594324049325
-0.666666666667  0.833333333333  -0.166666666667  0.299093991037  0.202307175984  0.498598832979  -0.5  1.5  0.00280233404157    0.404614351968  2370.0  4.89641601298  -0.821930290054  -0.594117317651
-0.666666666667  0.833333333333  -0.166666666667  0.299091480235  0.202305223138  0.498603296627  -0.5  1.5  0.00279340674546    0.404610446276  2380.0  4.87584283645  -0.821840018713  -0.59402565142
-0.666666666667  0.833333333333  -0.166666666667  0.298959942106  0.202526592183  0.49851346571   -0.5  1.5  0.00297306857949    0.405053184367  2390.0  4.8554418204   -0.820691711111  -0.593451620037
-0.666666666667  0.833333333333  -0.166666666667  0.298954641524  0.202529660941  0.498515697534  -0.5  1.5  0.00296860493144    0.405059321883  2400.0  4.83521081281  -0.820641204343  -0.593412551368
