#mu0  mu1   mu2  x0              x1                 x2              mua  mub   xa                 xb                 T       b              u               phi
0.1   -0.2  0.1  0.5             0.0                0.5             0.0  -0.3  0.0                0.0                30.0    386.816865025  -1.31774118     -1.51774118
0.1   -0.2  0.1  0.5             0.0                0.5             0.0  -0.3  0.0                0.0                40.0    290.112648769  -1.31774118     -1.51774118
0.1   -0.2  0.1  0.5             0.0                0.5             0.0  -0.3  0.0                0.0                50.0    232.090119015  -1.31774118     -1.51774118
0.1   -0.2  0.1  0.5             0.0                0.5             0.0  -0.3  0.0                0.0                60.0    193.408432513  -1.31774118     -1.51774118
0.1   -0.2  0.1  0.5             0.0                0.5             0.0  -0.3  0.0                0.0                70.0    165.778656439  -1.31774118     -1.51774118
0.1   -0.2  0.1  0.5             0.0                0.5             0.0  -0.3  0.0                0.0                80.0    145.056324384  -1.31774118     -1.51774118
0.1   -0.2  0.1  0.5             0.0                0.5             0.0  -0.3  0.0                0.0                90.0    128.938955008  -1.31774118     -1.51774118
0.1   -0.2  0.1  0.5             0.0                0.5             0.0  -0.3  0.0                0.0                100.0   116.045059507  -1.31774118     -1.51774118
0.1   -0.2  0.1  0.5             0.0                0.5             0.0  -0.3  0.0                0.0                110.0   105.495508643  -1.31774118     -1.51774118
0.1   -0.2  0.1  0.5             0.0                0.5             0.0  -0.3  0.0                0.0                120.0   96.7042162563  -1.31774118     -1.51774118
0.1   -0.2  0.1  0.5             0.0                0.5             0.0  -0.3  0.0                0.0                130.0   89.2654303904  -1.31774118     -1.51774118
0.1   -0.2  0.1  0.5             0.0                0.5             0.0  -0.3  0.0                0.0                140.0   82.8893282196  -1.31774118     -1.51774118
0.1   -0.2  0.1  0.5             0.0                0.5             0.0  -0.3  0.0                0.0                150.0   77.363373005   -1.31774118     -1.51774118
0.1   -0.2  0.1  0.5             0.0                0.5             0.0  -0.3  0.0                0.0                160.0   72.5281621922  -1.31774118     -1.51774118
0.1   -0.2  0.1  0.5             0.0                0.5             0.0  -0.3  0.0                0.0                170.0   68.2617997103  -1.31774118     -1.51774118
0.1   -0.2  0.1  0.5             0.0                0.5             0.0  -0.3  0.0                0.0                180.0   64.4694775042  -1.31774118     -1.51774118
0.1   -0.2  0.1  0.5             0.0                0.5             0.0  -0.3  0.0                0.0                190.0   61.0763471092  -1.31774118     -1.51774118
0.1   -0.2  0.1  0.5             0.0                0.5             0.0  -0.3  0.0                0.0                200.0   58.0225297537  -1.31774118     -1.51774118
0.1   -0.2  0.1  0.5             0.0                0.5             0.0  -0.3  0.0                0.0                210.0   55.2595521464  -1.31774118     -1.51774118
0.1   -0.2  0.1  0.5             0.0                0.5             0.0  -0.3  0.0                0.0                220.0   52.7477543216  -1.31774118     -1.51774118
0.1   -0.2  0.1  0.5             0.0                0.5             0.0  -0.3  0.0                0.0                230.0   50.4543736989  -1.31774118     -1.51774118
0.1   -0.2  0.1  0.5             0.0                0.5             0.0  -0.3  0.0                0.0                240.0   48.3521081281  -1.31774118     -1.51774118
0.1   -0.2  0.1  0.5             0.0                0.5             0.0  -0.3  0.0                0.0                250.0   46.418023803   -1.31774118     -1.51774118
0.1   -0.2  0.1  0.5             0.0                0.5             0.0  -0.3  0.0                0.0                260.0   44.6327151952  -1.31774118     -1.51774118
0.1   -0.2  0.1  0.5             0.0                0.5             0.0  -0.3  0.0                0.0                270.0   42.9796516694  -1.31774118     -1.51774118
0.1   -0.2  0.1  0.5             0.0                0.5             0.0  -0.3  0.0                0.0                280.0   41.4446641098  -1.31774118     -1.51774118
0.1   -0.2  0.1  0.5             0.0                0.5             0.0  -0.3  0.0                0.0                290.0   40.0155377612  -1.31774118     -1.51774118
0.1   -0.2  0.1  0.5             0.0                0.5             0.0  -0.3  0.0                0.0                300.0   38.6816865025  -1.31774118     -1.51774118
0.1   -0.2  0.1  0.5             0.0                0.5             0.0  -0.3  0.0                0.0                310.0   37.4338901637  -1.31774118     -1.51774118
0.1   -0.2  0.1  0.5             0.0                0.5             0.0  -0.3  0.0                0.0                320.0   36.2640810961  -1.31774118     -1.51774118
0.1   -0.2  0.1  0.5             0.0                0.5             0.0  -0.3  0.0                0.0                330.0   35.1651695477  -1.31774118     -1.51774118
0.1   -0.2  0.1  0.5             0.0                0.5             0.0  -0.3  0.0                0.0                340.0   34.1308998551  -1.31774118     -1.51774118
0.1   -0.2  0.1  0.5             0.0                0.5             0.0  -0.3  0.0                0.0                350.0   33.1557312879  -1.31774118     -1.51774118
0.1   -0.2  0.1  0.5             0.0                0.5             0.0  -0.3  0.0                0.0                360.0   32.2347387521  -1.31774118     -1.51774118
0.1   -0.2  0.1  0.5             0.0                0.5             0.0  -0.3  0.0                0.0                370.0   31.3635295966  -1.31774118     -1.51774118
0.1   -0.2  0.1  0.5             0.0                0.5             0.0  -0.3  0.0                0.0                380.0   30.5381735546  -1.31774118     -1.51774118
0.1   -0.2  0.1  0.5             0.0                0.5             0.0  -0.3  0.0                0.0                390.0   29.7551434635  -1.31774118     -1.51774118
0.1   -0.2  0.1  0.5             0.0                0.5             0.0  -0.3  0.0                0.0                400.0   29.0112648769  -1.31774118     -1.51774118
0.1   -0.2  0.1  0.5             0.0                0.5             0.0  -0.3  0.0                0.0                410.0   28.3036730506  -1.31774118     -1.51774118
0.1   -0.2  0.1  0.5             0.0                0.5             0.0  -0.3  0.0                0.0                420.0   27.6297760732  -1.31774118     -1.51774118
0.1   -0.2  0.1  0.5             0.0                0.5             0.0  -0.3  0.0                0.0                430.0   26.9872231413  -1.31774118     -1.51774118
0.1   -0.2  0.1  0.5             0.0                0.5             0.0  -0.3  0.0                0.0                440.0   26.3738771608  -1.31774118     -1.51774118
0.1   -0.2  0.1  0.5             0.0                0.5             0.0  -0.3  0.0                0.0                450.0   25.7877910017  -1.31774118     -1.51774118
0.1   -0.2  0.1  0.5             0.0                0.5             0.0  -0.3  0.0                0.0                460.0   25.2271868495  -1.31774118     -1.51774118
0.1   -0.2  0.1  0.5             0.0                0.5             0.0  -0.3  0.0                0.0                470.0   24.6904381931  -1.31774118     -1.51774118
0.1   -0.2  0.1  0.5             0.0                0.5             0.0  -0.3  0.0                0.0                480.0   24.1760540641  -1.31774118     -1.51774118
0.1   -0.2  0.1  0.5             0.0                0.5             0.0  -0.3  0.0                0.0                490.0   23.6826652056  -1.31774118     -1.51774118
0.1   -0.2  0.1  0.5             0.0                0.5             0.0  -0.3  0.0                0.0                500.0   23.2090119015  -1.31774118     -1.51774118
0.1   -0.2  0.1  0.5             0.0                0.5             0.0  -0.3  0.0                0.0                510.0   22.7539332368  -1.31774118     -1.51774118
0.1   -0.2  0.1  0.5             0.0                0.5             0.0  -0.3  0.0                0.0                520.0   22.3163575976  -1.31774118     -1.51774118
0.1   -0.2  0.1  0.5             0.0                0.5             0.0  -0.3  0.0                0.0                530.0   21.8952942467  -1.31774118     -1.51774118
0.1   -0.2  0.1  0.5             0.0                0.5             0.0  -0.3  0.0                0.0                540.0   21.4898258347  -1.31774118     -1.51774118
0.1   -0.2  0.1  0.5             0.0                0.5             0.0  -0.3  0.0                0.0                550.0   21.0991017286  -1.31774118     -1.51774118
0.1   -0.2  0.1  0.5             0.0                0.5             0.0  -0.3  0.0                0.0                560.0   20.7223320549  -1.31774118     -1.51774118
0.1   -0.2  0.1  0.5             0.0                0.5             0.0  -0.3  0.0                0.0                570.0   20.3587823697  -1.31774118     -1.51774118
0.1   -0.2  0.1  0.5             0.0                0.5             0.0  -0.3  0.0                0.0                580.0   20.0077688806  -1.31774118     -1.51774118
0.1   -0.2  0.1  0.5             0.0                0.5             0.0  -0.3  0.0                0.0                590.0   19.6686541538  -1.31774118     -1.51774118
0.1   -0.2  0.1  0.5             0.0                0.5             0.0  -0.3  0.0                0.0                600.0   19.3408432512  -1.31774118     -1.51774118
0.1   -0.2  0.1  0.5             0.0                0.5             0.0  -0.3  0.0                0.0                610.0   19.0237802471  -1.31774118     -1.51774118
0.1   -0.2  0.1  0.5             0.0                0.5             0.0  -0.3  0.0                0.0                620.0   18.7169450819  -1.31774118     -1.51774118
0.1   -0.2  0.1  0.5             0.0                0.5             0.0  -0.3  0.0                0.0                630.0   18.4198507155  -1.31774118     -1.51774118
0.1   -0.2  0.1  0.5             0.0                0.5             0.0  -0.3  0.0                0.0                640.0   18.132040548   -1.31774118     -1.51774118
0.1   -0.2  0.1  0.5             0.0                0.5             0.0  -0.3  0.0                0.0                650.0   17.8530860781  -1.31774118     -1.51774118
0.1   -0.2  0.1  0.5             0.0                0.5             0.0  -0.3  0.0                0.0                660.0   17.5825847739  -1.31774118     -1.51774118
0.1   -0.2  0.1  0.5             0.0                0.5             0.0  -0.3  0.0                0.0                670.0   17.3201581354  -1.31774118     -1.51774118
0.1   -0.2  0.1  0.5             0.0                0.5             0.0  -0.3  0.0                0.0                680.0   17.0654499276  -1.31774118     -1.51774118
0.1   -0.2  0.1  0.5             0.0                0.5             0.0  -0.3  0.0                0.0                690.0   16.8181245663  -1.31774118     -1.51774118
0.1   -0.2  0.1  0.5             0.0                0.5             0.0  -0.3  0.0                0.0                700.0   16.5778656439  -1.31774118     -1.51774118
0.1   -0.2  0.1  0.5             0.0                0.5             0.0  -0.3  0.0                0.0                710.0   16.3443745785  -1.31774118     -1.51774118
0.1   -0.2  0.1  0.5             0.0                0.5             0.0  -0.3  0.0                0.0                720.0   16.117369376   -1.31774118     -1.51774118
0.1   -0.2  0.1  0.500000418467  0.0                0.499999581533  0.0  -0.3  8.36934009874e-07  0.0                730.0   15.8965834942  -1.31774033875  -1.51774033875
0.1   -0.2  0.1  0.5             0.0                0.5             0.0  -0.3  0.0                0.0                740.0   15.6817647983  -1.31774118     -1.51774118
0.1   -0.2  0.1  0.5             0.0                0.5             0.0  -0.3  0.0                0.0                750.0   15.472674601   -1.31774118     -1.51774118
0.1   -0.2  0.1  0.500000139489  0.0                0.499999860511  0.0  -0.3  2.78978003809e-07  0.0                760.0   15.2690867773  -1.31774089958  -1.51774089958
0.1   -0.2  0.1  0.5             0.0                0.5             0.0  -0.3  0.0                0.0                770.0   15.070786949   -1.31774118     -1.51774118
0.1   -0.2  0.1  0.5             0.0                0.5             0.0  -0.3  0.0                0.0                780.0   14.8775717317  -1.31774118     -1.51774118
0.1   -0.2  0.1  0.500000697445  0.0                0.499999302555  0.0  -0.3  1.39489001572e-06  0.0                790.0   14.6892480389  -1.31773977792  -1.51773977792
0.1   -0.2  0.1  0.500000557956  0.0                0.499999442044  0.0  -0.3  1.11591201168e-06  0.0                800.0   14.5056324384  -1.31774005833  -1.51774005833
0.1   -0.2  0.1  0.5             0.0                0.5             0.0  -0.3  0.0                0.0                810.0   14.3265505565  -1.31774118     -1.51774118
0.1   -0.2  0.1  0.500000557956  0.0                0.499999442044  0.0  -0.3  1.11591201168e-06  0.0                820.0   14.1518365253  -1.31774005833  -1.51774005833
0.1   -0.2  0.1  0.500000697445  0.0                0.499999302555  0.0  -0.3  1.39489001572e-06  0.0                830.0   13.9813324708  -1.31773977792  -1.51773977792
0.1   -0.2  0.1  0.500000697445  0.0                0.499999302555  0.0  -0.3  1.39489001572e-06  0.0                840.0   13.8148880366  -1.31773977792  -1.51773977792
0.1   -0.2  0.1  0.500000418467  0.0                0.499999581533  0.0  -0.3  8.36934009874e-07  0.0                850.0   13.6523599421  -1.31774033875  -1.51774033875
0.1   -0.2  0.1  0.500000697445  0.0                0.499999302555  0.0  -0.3  1.39489001572e-06  0.0                860.0   13.4936115706  -1.31773977792  -1.51773977792
0.1   -0.2  0.1  0.500000836934  0.0                0.499999163066  0.0  -0.3  1.67386801941e-06  0.0                870.0   13.3385125871  -1.3177394975   -1.5177394975
0.1   -0.2  0.1  0.500000139489  0.0                0.499999860511  0.0  -0.3  2.78978003809e-07  0.0                880.0   13.1869385804  -1.31774089958  -1.51774089958
0.1   -0.2  0.1  0.500003208247  0.0                0.499996791753  0.0  -0.3  6.41649407218e-06  0.0                890.0   13.0387707312  -1.31773473042  -1.51773473042
0.1   -0.2  0.1  0.500000976423  0.0                0.499999023577  0.0  -0.3  1.95284602156e-06  0.0                900.0   12.8938955008  -1.31773921708  -1.51773921708
0.1   -0.2  0.1  0.500000976423  0.0                0.499999023577  0.0  -0.3  1.95284602156e-06  0.0                910.0   12.7522043415  -1.31773921708  -1.51773921708
0.1   -0.2  0.1  0.500002092335  0.0                0.499997907665  0.0  -0.3  4.18467004693e-06  0.0                920.0   12.6135934247  -1.31773697375  -1.51773697375
0.1   -0.2  0.1  0.500002650291  0.0                0.499997349709  0.0  -0.3  5.30058206039e-06  0.0                930.0   12.4779633879  -1.31773585208  -1.51773585208
0.1   -0.2  0.1  0.500001813357  2.7897800293e-07   0.499997907665  0.0  -0.3  4.18467004693e-06  5.57956005859e-07  940.0   12.3452190965  -1.31773638275  -1.51773621536
0.1   -0.2  0.1  0.500001952846  0.0                0.499998047154  0.0  -0.3  3.90569204489e-06  0.0                950.0   12.2152694218  -1.31773725417  -1.51773725417
0.1   -0.2  0.1  0.500002510802  2.7897800293e-07   0.49999721022   0.0  -0.3  5.57956006243e-06  5.57956005859e-07  960.0   12.088027032   -1.31773498067  -1.51773481328
0.1   -0.2  0.1  0.50000278978   0.0                0.49999721022   0.0  -0.3  5.57956006242e-06  0.0                970.0   11.9634081967  -1.31773557167  -1.51773557167
0.1   -0.2  0.1  0.500001534379  0.0                0.499998465621  0.0  -0.3  3.06875803524e-06  0.0                980.0   11.8413326028  -1.31773809542  -1.51773809542
0.1   -0.2  0.1  0.500002231824  0.0                0.499997768176  0.0  -0.3  4.46364805073e-06  0.0                990.0   11.7217231826  -1.31773669333  -1.51773669333
0.1   -0.2  0.1  0.500004324159  4.18467004883e-07  0.499995257374  0.0  -0.3  9.48525210737e-06  8.36934009766e-07  1000.0  11.6045059507  -1.31773075933  -1.51773050825
0.1   -0.2  0.1  0.500005440071  0.0                0.499994559929  0.0  -0.3  1.08801421231e-05  0.0                1010.0  11.4896098522  -1.31773024375  -1.51773024375
0.1   -0.2  0.1  0.500005300582  0.0                0.499994699418  0.0  -0.3  1.0601164119e-05   0.0                1020.0  11.3769666184  -1.31773052417  -1.51773052417
0.1   -0.2  0.1  0.500004603137  1.39489001953e-07  0.499995257374  0.0  -0.3  9.48525210736e-06  2.78978003906e-07  1030.0  11.2665106318  -1.31773135033  -1.51773126664
0.1   -0.2  0.1  0.500007253428  1.39489001953e-07  0.499992607083  0.0  -0.3  1.47858341671e-05  2.78978003906e-07  1040.0  11.1581787988  -1.31772602242  -1.51772593872
0.1   -0.2  0.1  0.500008508829  1.39489001953e-07  0.499991351682  0.0  -0.3  1.72966361954e-05  2.78978003906e-07  1050.0  11.0519104293  -1.31772349867  -1.51772341497
0.1   -0.2  0.1  0.500007113939  2.7897800293e-07   0.499992607083  0.0  -0.3  1.47858341659e-05  5.57956005859e-07  1060.0  10.9476471233  -1.31772572692  -1.51772555953
0.1   -0.2  0.1  0.500009624741  1.39489001953e-07  0.49999023577   0.0  -0.3  1.95284602208e-05  2.78978003906e-07  1070.0  10.8453326643  -1.31772125896  -1.51772117527
0.1   -0.2  0.1  0.50000976423   0.0                0.49999023577   0.0  -0.3  1.95284602206e-05  0.0                1080.0  10.7449129174  -1.31772155083  -1.51772155083
0.1   -0.2  0.1  0.500008508829  1.39489001953e-07  0.499991351682  0.0  -0.3  1.72966361954e-05  2.78978003906e-07  1090.0  10.6463357346  -1.31772349867  -1.51772341497
0.1   -0.2  0.1  0.500010740653  0.0                0.499989259347  0.0  -0.3  2.14813062422e-05  0.0                1100.0  10.5495508643  -1.31771958792  -1.51771958792
0.1   -0.2  0.1  0.500011856565  1.39489001953e-07  0.499988003946  0.0  -0.3  2.39921082704e-05  2.78978003906e-07  1110.0  10.4545098655  -1.31771676867  -1.51771668497
0.1   -0.2  0.1  0.500014506856  1.39489001953e-07  0.499985353655  0.0  -0.3  2.929269033e-05    2.78978003906e-07  1120.0  10.3611660275  -1.31771144075  -1.51771135706
0.1   -0.2  0.1  0.500018831015  5.57956005859e-07  0.499980611029  0.0  -0.3  3.87779424367e-05  1.11591201172e-06  1130.0  10.2694742927  -1.31770102008  -1.51770068531
0.1   -0.2  0.1  0.500016878169  1.25540101367e-06  0.49998186643   0.0  -0.3  3.6267140408e-05   2.51080202734e-06  1140.0  10.1793911849  -1.31770206633  -1.51770131309
0.1   -0.2  0.1  0.500014088389  0.0                0.499985911611  0.0  -0.3  2.81767783175e-05  0.0                1150.0  10.0908747398  -1.31771285792  -1.51771285792
0.1   -0.2  0.1  0.500021760284  1.39489001953e-07  0.499978100227  0.0  -0.3  4.37995464942e-05  2.78978003906e-07  1160.0  10.0038844403  -1.31769685908  -1.51769677539
0.1   -0.2  0.1  0.500026084443  4.18467004883e-07  0.49997349709   0.0  -0.3  5.30058205977e-05  8.36934009766e-07  1170.0  9.91838115449  -1.31768701433  -1.51768676325
0.1   -0.2  0.1  0.500021620795  0.0                0.499978379205  0.0  -0.3  4.32415904862e-05  0.0                1180.0  9.83432707691  -1.31769771542  -1.51769771542
0.1   -0.2  0.1  0.500029153201  0.0                0.499970846799  0.0  -0.3  5.83064026562e-05  0.0                1190.0  9.7516856729   -1.31768257292  -1.51768257292
0.1   -0.2  0.1  0.500030548091  2.7897800293e-07   0.499969172931  0.0  -0.3  6.16541386942e-05  5.57956005859e-07  1200.0  9.67042162562  -1.31767861691  -1.51767844953
0.1   -0.2  0.1  0.500035290717  8.36934009766e-07  0.499963872349  0.0  -0.3  7.22553028144e-05  1.67386801953e-06  1210.0  9.59050078574  -1.31766677908  -1.51766627692
0.1   -0.2  0.1  0.500039335898  2.23182402539e-06  0.499958432278  0.0  -0.3  8.31354449366e-05  4.46364805078e-06  1220.0  9.51189012357  -1.31765288783  -1.51765154873
0.1   -0.2  0.1  0.500035290717  1.25540101367e-06  0.499963453882  0.0  -0.3  7.30922368233e-05  2.51080202734e-06  1230.0  9.43455768354  -1.31766505314  -1.5176642999
0.1   -0.2  0.1  0.500035011739  2.37131302637e-06  0.499962616948  0.0  -0.3  7.47661048419e-05  4.74262605273e-06  1240.0  9.35847254093  -1.31766100539  -1.51765958261
0.1   -0.2  0.1  0.500045054948  9.76423010742e-07  0.499953968629  0.0  -0.3  9.20627410373e-05  1.95284602148e-06  1250.0  9.2836047606   -1.317646574    -1.51764598814
0.1   -0.2  0.1  0.500043102101  6.97445007813e-07  0.499956200454  0.0  -0.3  8.75990929862e-05  1.39489001563e-06  1260.0  9.20992535774  -1.31765165129  -1.51765123282
0.1   -0.2  0.1  0.500050495019  1.1159120127e-06   0.499948389069  0.0  -0.3  0.000103221861162  2.23182402539e-06  1270.0  9.13740626043  -1.31763506681  -1.51763439726
0.1   -0.2  0.1  0.500053005821  3.06875803418e-06  0.499943925421  0.0  -0.3  0.000112149157263  6.13751606836e-06  1280.0  9.06602027402  -1.31762195097  -1.51762010971
0.1   -0.2  0.1  0.500061793628  2.65029103027e-06  0.499935556081  0.0  -0.3  0.000128887837452  5.30058206055e-06  1290.0  8.99574104709  -1.31760601797  -1.5176044278
0.1   -0.2  0.1  0.50006709421   2.65029103027e-06  0.499930255499  0.0  -0.3  0.000139489001571  5.30058206055e-06  1300.0  8.92654303904  -1.31759535997  -1.51759376979
0.1   -0.2  0.1  0.500070581435  3.90569204395e-06  0.499925512873  0.0  -0.3  0.000148974253678  7.81138408789e-06  1310.0  8.85840148912  -1.31758317738  -1.51758083396
0.1   -0.2  0.1  0.500062770051  3.06875803418e-06  0.499934161191  0.0  -0.3  0.000131677617482  6.13751606836e-06  1320.0  8.79129238693  -1.31760232912  -1.51760048786
0.1   -0.2  0.1  0.500074487127  3.06875803418e-06  0.499922444115  0.0  -0.3  0.000155111769747  6.13751606836e-06  1330.0  8.72519244417  -1.31757875959  -1.51757691833
0.1   -0.2  0.1  0.500080206176  2.09233502344e-06  0.499917701489  0.0  -0.3  0.000164597021854  4.18467004688e-06  1340.0  8.66007906772  -1.31757130735  -1.51757005195
0.1   -0.2  0.1  0.500084111868  2.65029103027e-06  0.499913237841  0.0  -0.3  0.000173524317955  5.30058206055e-06  1350.0  8.59593033389  -1.31756115367  -1.51755956349
0.1   -0.2  0.1  0.500080624643  6.27700507031e-06  0.499913098352  0.0  -0.3  0.000173803295957  1.25540101406e-05  1360.0  8.53272496379  -1.3175531829   -1.5175494167
0.1   -0.2  0.1  0.50010336135   5.44007106152e-06  0.499891198579  0.0  -0.3  0.000217602842451  1.0880142123e-05   1370.0  8.47044229982  -1.31751094118  -1.51750767713
0.1   -0.2  0.1  0.500105732663  4.18467004688e-06  0.499890082667  0.0  -0.3  0.000219834666477  8.36934009375e-06  1380.0  8.40906228315  -1.3175113577   -1.51750884689
0.1   -0.2  0.1  0.500118286673  4.88211505469e-06  0.499876831212  0.0  -0.3  0.000246337576774  9.76423010938e-06  1390.0  8.34856543219  -1.31748319174  -1.51748026247
0.1   -0.2  0.1  0.500116054849  4.0451810459e-06   0.49987989997   0.0  -0.3  0.000240200060706  8.0903620918e-06   1400.0  8.28893282196  -1.31749118785  -1.51748876074
0.1   -0.2  0.1  0.500118844629  5.16109305859e-06  0.499875994278  0.0  -0.3  0.000248011444794  1.03221861172e-05  1410.0  8.23014606436  -1.31748097395  -1.51747787729
0.1   -0.2  0.1  0.500128887837  8.92729610059e-06  0.499862184866  0.0  -0.3  0.000275630267105  1.78545922012e-05  1420.0  8.17218728926  -1.31744523529  -1.51743987891
0.1   -0.2  0.1  0.500144929073  6.13751606934e-06  0.499848933411  0.0  -0.3  0.000302133177403  1.22750321387e-05  1430.0  8.1150391264   -1.31742449431  -1.5174208118
0.1   -0.2  0.1  0.500140186447  7.81138408789e-06  0.499852002169  0.0  -0.3  0.000295995661334  1.56227681758e-05  1440.0  8.05868468802  -1.31742713918  -1.51742245235
0.1   -0.2  0.1  0.500160272863  8.64831809766e-06  0.499831078819  0.0  -0.3  0.000337842361806  1.72966361953e-05  1450.0  8.00310755224  -1.31738332176  -1.51737813277
0.1   -0.2  0.1  0.500156785638  7.95087308984e-06  0.499835263489  0.0  -0.3  0.000329473021711  1.59017461797e-05  1460.0  7.94829174709  -1.31739318651  -1.51738841599
0.1   -0.2  0.1  0.500158598995  1.07406531211e-05  0.499830660352  0.0  -0.3  0.000338679295814  2.14813062422e-05  1470.0  7.8942217352   -1.31737802975  -1.51737158536
0.1   -0.2  0.1  0.500173803296  1.01826971143e-05  0.499816014007  0.0  -0.3  0.000367971986145  2.03653942285e-05  1480.0  7.84088239916  -1.31734968968  -1.51734358006
0.1   -0.2  0.1  0.500202398541  1.17170761318e-05  0.499785884383  0.0  -0.3  0.000428231234824  2.34341522637e-05  1490.0  7.78825902735  -1.31728594682  -1.51727891657
0.1   -0.2  0.1  0.500197376937  1.43673671621e-05  0.499788255696  0.0  -0.3  0.000423488608771  2.87347343242e-05  1500.0  7.7363373005   -1.31728511647  -1.51727649605
0.1   -0.2  0.1  0.500197376937  1.54832791748e-05  0.499787139784  0.0  -0.3  0.000425720432796  3.09665583496e-05  1510.0  7.68510327864  -1.31728047767  -1.5172711877
0.1   -0.2  0.1  0.500214394595  1.25540101416e-05  0.499773051394  0.0  -0.3  0.000453897211113  2.51080202832e-05  1520.0  7.63454338865  -1.3172582577   -1.51725072529
0.1   -0.2  0.1  0.500223182403  1.36699221543e-05  0.499763147675  0.0  -0.3  0.000473704649336  2.73398443086e-05  1530.0  7.58464441225  -1.31723610882  -1.51722790687
0.1   -0.2  0.1  0.500237968237  1.68781691904e-05  0.499745153594  0.0  -0.3  0.000509692811741  3.37563383809e-05  1540.0  7.53539347451  -1.31719321607  -1.51718308916
0.1   -0.2  0.1  0.500247035022  1.96679492217e-05  0.499733297029  0.0  -0.3  0.000533405942008  3.93358984434e-05  1550.0  7.48677803274  -1.31716333257  -1.5171515318
0.1   -0.2  0.1  0.500262936768  1.74361251963e-05  0.499719627107  0.0  -0.3  0.000560745786317  3.48722503926e-05  1560.0  7.43878586587  -1.31714050453  -1.51713004286
0.1   -0.2  0.1  0.500269213773  2.00864162266e-05  0.499710699811  0.0  -0.3  0.000578600378518  4.01728324531e-05  1570.0  7.39140506417  -1.31711685654  -1.5171048047
0.1   -0.2  0.1  0.500280651871  2.34341522637e-05  0.499695913977  0.0  -0.3  0.00060817204685   4.68683045273e-05  1580.0  7.34462401946  -1.31708022125  -1.51706616076
0.1   -0.2  0.1  0.500293903326  2.217875125e-05    0.499683917922  0.0  -0.3  0.000632164155121  4.43575025e-05     1590.0  7.29843141557  -1.31705872552  -1.51704541827
0.1   -0.2  0.1  0.500323196017  2.53869982861e-05  0.499651416985  0.0  -0.3  0.000697166029853  5.07739965723e-05  1600.0  7.25281621922  -1.3169866576   -1.5169714254
0.1   -0.2  0.1  0.500340074186  2.37131302676e-05  0.499636212684  0.0  -0.3  0.000727574632196  4.74262605352e-05  1610.0  7.20776767127  -1.31695952329  -1.51694529541
0.1   -0.2  0.1  0.500347606592  2.73398443076e-05  0.499625053564  0.0  -0.3  0.000749892872446  5.46796886152e-05  1620.0  7.16327527824  -1.3169294782   -1.5169130743
0.1   -0.2  0.1  0.500359323668  3.04086023428e-05  0.49961026773   0.0  -0.3  0.00077946454078   6.08172046855e-05  1630.0  7.11932880414  -1.31689328005  -1.51687503489
0.1   -0.2  0.1  0.500377596727  3.3337871376e-05   0.499589065401  0.0  -0.3  0.000821869197258  6.6675742752e-05   1640.0  7.07591826265  -1.31684441023  -1.5168244075
0.1   -0.2  0.1  0.50039670672   3.18034923584e-05  0.499571489787  0.0  -0.3  0.000857020425654  6.36069847168e-05  1650.0  7.03303390954  -1.31681230756  -1.51679322547
0.1   -0.2  0.1  0.500401170369  4.11492554639e-05  0.499557680376  0.0  -0.3  0.000884639247965  8.22985109277e-05  1660.0  6.99066623539  -1.31676478027  -1.51674009072
0.1   -0.2  0.1  0.500420419851  3.51512283955e-05  0.499544428921  0.0  -0.3  0.000911142158263  7.0302456791e-05   1670.0  6.94880595853  -1.31675086087  -1.51672977013
0.1   -0.2  0.1  0.500452362832  4.58918815166e-05  0.499501745286  0.0  -0.3  0.000996509427225  9.17837630332e-05  1680.0  6.9074440183   -1.31664231925  -1.51661478412
0.1   -0.2  0.1  0.500436182108  4.65893265244e-05  0.499517228566  0.0  -0.3  0.000965542868875  9.31786530488e-05  1690.0  6.86657156849  -1.31667210442  -1.51664415083
0.1   -0.2  0.1  0.500467846111  4.28231234824e-05  0.499489330765  0.0  -0.3  0.0010213384695    8.56462469648e-05  1700.0  6.82617997103  -1.31662387885  -1.51659818497
0.1   -0.2  0.1  0.500508437411  4.18467004717e-05  0.499449715889  0.0  -0.3  0.0011005682224    8.36934009434e-05  1710.0  6.78626078991  -1.31654613735  -1.51652102933
0.1   -0.2  0.1  0.500513040548  5.09134855732e-05  0.499436045967  0.0  -0.3  0.00112790806671   0.000101826971146  1720.0  6.74680578532  -1.31649960538  -1.51646905729
0.1   -0.2  0.1  0.500551121045  5.20293975859e-05  0.499396849557  0.0  -0.3  0.00120630088559   0.000104058795172  1730.0  6.70780690795  -1.31641842408  -1.51638720644
0.1   -0.2  0.1  0.500553631847  5.46796886162e-05  0.499391688464  0.0  -0.3  0.0012166230717    0.000109359377232  1740.0  6.66925629353  -1.31640182903  -1.51636902121
0.1   -0.2  0.1  0.500576229065  6.72336987568e-05  0.499356537236  0.0  -0.3  0.0012869255285    0.000134467397514  1750.0  6.63114625757  -1.31630467156  -1.51626433134
0.1   -0.2  0.1  0.500604126866  6.16541386943e-05  0.499334218996  0.0  -0.3  0.001331562009     0.000123308277389  1760.0  6.5934692902   -1.31627213177  -1.51623513929
0.1   -0.2  0.1  0.500617378321  6.56993197402e-05  0.499316922359  0.0  -0.3  0.00136615528139   0.00013139863948   1770.0  6.55621805127  -1.31622870674  -1.51618928715
0.1   -0.2  0.1  0.500624771238  6.87680777744e-05  0.499306460684  0.0  -0.3  0.00138707863162   0.000137536155549  1780.0  6.51938536559  -1.31620122345  -1.51615996261
0.1   -0.2  0.1  0.500656714219  6.44439187256e-05  0.499278841862  0.0  -0.3  0.00144231627625   0.000128887837451  1790.0  6.4829642183   -1.31615511957  -1.51611645322
0.1   -0.2  0.1  0.500677358592  8.10431099131e-05  0.499241598298  0.0  -0.3  0.00151680340309   0.000162086219826  1800.0  6.44694775042  -1.31604483941  -1.51599621354
0.1   -0.2  0.1  0.500712230842  7.7834862877e-05   0.499209934295  0.0  -0.3  0.0015801314098    0.000155669725754  1810.0  6.41132925456  -1.31598807196  -1.51594137104
0.1   -0.2  0.1  0.500755053966  8.522777996e-05    0.499159718255  0.0  -0.3  0.00168056349093   0.00017045555992   1820.0  6.37610217074  -1.31587127994  -1.51582014327
0.1   -0.2  0.1  0.500737059884  9.6247411084e-05   0.499166692705  0.0  -0.3  0.00166661459077   0.000192494822168  1830.0  6.34126008238  -1.31586195172  -1.51580420327
0.1   -0.2  0.1  0.500781835854  9.54104770742e-05  0.499122753669  0.0  -0.3  0.00175449266176   0.000190820954148  1840.0  6.30679671236  -1.31577536215  -1.51571811587
0.1   -0.2  0.1  0.500809733654  9.77817901016e-05  0.499092484556  0.0  -0.3  0.00181503088845   0.000195563580203  1850.0  6.27270591932  -1.31570935568  -1.5156506866
0.1   -0.2  0.1  0.500846837729  9.49920100703e-05  0.499058170261  0.0  -0.3  0.00188365947722   0.000189984020141  1860.0  6.23898169395  -1.31564707537  -1.51559008017
0.1   -0.2  0.1  0.500864273854  0.000108940910228  0.499026785236  0.0  -0.3  0.00194642952792   0.000217881820455  1870.0  6.20561815548  -1.31555395266  -1.51548858811
0.1   -0.2  0.1  0.50087041137   0.000119960541352  0.499009628089  0.0  -0.3  0.00198074382231   0.000239921082703  1880.0  6.17260954827  -1.31549595872  -1.5154239824
0.1   -0.2  0.1  0.500926904415  0.000114241492287  0.498958854092  0.0  -0.3  0.00208229181546   0.000228482984574  1890.0  6.13995023849  -1.31540572865  -1.51533718375
0.1   -0.2  0.1  0.500952012436  0.000117449739323  0.498930537825  0.0  -0.3  0.00213892435009   0.000234899478646  1900.0  6.10763471092  -1.31534204829  -1.51527157844
0.1   -0.2  0.1  0.500992045779  0.000135722798528  0.498872231422  0.0  -0.3  0.00225553715541   0.000271445597057  1910.0  6.07565756584  -1.31518613431  -1.51510470063
0.1   -0.2  0.1  0.501010318838  0.000133211996501  0.498856469165  0.0  -0.3  0.00228706166976   0.000266423993002  1920.0  6.04401351602  -1.31516043154  -1.51508050434
0.1   -0.2  0.1  0.50101143475   0.000138791556563  0.498849773693  0.0  -0.3  0.00230045261391   0.000277583113127  1930.0  6.01269738381  -1.31513468644  -1.5150514115
0.1   -0.2  0.1  0.501080342317  0.000150787610698  0.498768870072  0.0  -0.3  0.00246225985573   0.000301575221396  1940.0  5.98170409833  -1.31494642886  -1.51485595629
0.1   -0.2  0.1  0.501100568222  0.000147160896657  0.498752270881  0.0  -0.3  0.00249545823811   0.000294321793314  1950.0  5.95102869269  -1.31492057207  -1.51483227553
0.1   -0.2  0.1  0.501088851146  0.00016250468683   0.498748644167  0.0  -0.3  0.00250271166619   0.00032500937366   1960.0  5.9206663014   -1.31488128804  -1.51478378522
0.1   -0.2  0.1  0.501158874625  0.000166131400871  0.498674993974  0.0  -0.3  0.00265001205185   0.000332262801742  1970.0  5.89061215774  -1.31472500181  -1.51462532297
0.1   -0.2  0.1  0.501193886364  0.000175895630981  0.498630218005  0.0  -0.3  0.00273956399086   0.000351791261963  1980.0  5.86086159129  -1.31461520989  -1.51450967251
0.1   -0.2  0.1  0.501195281254  0.000188310152121  0.498616408593  0.0  -0.3  0.00276718281317   0.000376620304242  1990.0  5.8314100255   -1.31456008234  -1.51444709625
0.1   -0.2  0.1  0.501282740858  0.00018468343808   0.498532575703  0.0  -0.3  0.00293484859306   0.00036936687616   2000.0  5.80225297537  -1.31439957688  -1.51428876682
0.1   -0.2  0.1  0.501288320419  0.000205327810313  0.498506351771  0.0  -0.3  0.00298729645765   0.000410655620625  2010.0  5.77338604515  -1.31430350524  -1.51418030856
0.1   -0.2  0.1  0.501321937268  0.000198771827239  0.498479290905  0.0  -0.3  0.00304141819026   0.000397543654479  2020.0  5.74480492611  -1.31426313497  -1.51414387188
0.1   -0.2  0.1  0.501376059     0.000207838612341  0.498416102387  0.0  -0.3  0.00316779522568   0.000415677224682  2030.0  5.71650539446  -1.31411677146  -1.5139920683
0.1   -0.2  0.1  0.50140967585   0.000227506561562  0.498362817589  0.0  -0.3  0.00327436482288   0.000455013123125  2040.0  5.68848330919  -1.31396691633  -1.5138304124
0.1   -0.2  0.1  0.501462960648  0.000223182402514  0.498313856949  0.0  -0.3  0.00337228610199   0.000446364805027  2050.0  5.66073461012  -1.31387872949  -1.51374482005
0.1   -0.2  0.1  0.501466308385  0.000224716781531  0.498308974834  0.0  -0.3  0.0033820503321    0.000449433563063  2060.0  5.6332553159   -1.31386576306  -1.51373093299
0.1   -0.2  0.1  0.501520151139  0.000248987867805  0.498230860993  0.0  -0.3  0.00353827801386   0.000497975735609  2070.0  5.6060415221   -1.31365647125  -1.51350707853
0.1   -0.2  0.1  0.501568693312  0.000267539905014  0.498163766783  0.0  -0.3  0.00367246643337   0.000535079810027  2080.0  5.5790893994   -1.31348231581  -1.51332179187
0.1   -0.2  0.1  0.501559626527  0.000271445597058  0.498168927876  0.0  -0.3  0.00366214424725   0.000542891194115  2090.0  5.55239519175  -1.31348494876  -1.51332208141
0.1   -0.2  0.1  0.501579154987  0.000288742233252  0.49813210278   0.0  -0.3  0.00373579444008   0.000577484466504  2100.0  5.52595521464  -1.31337437946  -1.51320113412
0.1   -0.2  0.1  0.501701347352  0.000287207854235  0.498011444794  0.0  -0.3  0.0039771104128    0.000574415708471  2110.0  5.49976585344  -1.31313488538  -1.51296256067
0.1   -0.2  0.1  0.501757282442  0.000293624348308  0.49794909321   0.0  -0.3  0.0041018135802    0.000587248696615  2120.0  5.47382356168  -1.3129956789   -1.5128195043
0.1   -0.2  0.1  0.501746681278  0.000302412155406  0.497950906567  0.0  -0.3  0.00409818686616   0.000604824310812  2130.0  5.44812485951  -1.31298150242  -1.51280005512
0.1   -0.2  0.1  0.501758398354  0.000320127258605  0.497921474388  0.0  -0.3  0.00415705122482   0.000640254517211  2140.0  5.42266633213  -1.31288359936  -1.51269152301
0.1   -0.2  0.1  0.501918671217  0.000308131204471  0.497773197579  0.0  -0.3  0.00445360484217   0.000616262408941  2150.0  5.39744462826  -1.31261053329  -1.51242565457
0.1   -0.2  0.1  0.501854924743  0.00033296024675   0.49781211501   0.0  -0.3  0.00437576997929   0.0006659204935    2160.0  5.37245645868  -1.31263742301  -1.51243764686
0.1   -0.2  0.1  0.501920205596  0.00035862622304   0.497721168181  0.0  -0.3  0.00455766363734   0.00071725244608   2170.0  5.34769859482  -1.31239862958  -1.51218345385
0.1   -0.2  0.1  0.501953125     0.000364484761105  0.497682390239  0.0  -0.3  0.00463521952221   0.000728969522211  2180.0  5.32316786732  -1.31230878646  -1.5120900956
0.1   -0.2  0.1  0.502016592496  0.000371598700186  0.497611808804  0.0  -0.3  0.0047763823918    0.000743197400371  2190.0  5.29886116473  -1.31215240382  -1.5119294446
0.1   -0.2  0.1  0.502072806563  0.000387360957363  0.497539832479  0.0  -0.3  0.00492033504142   0.000774721914727  2200.0  5.27477543216  -1.31197334454  -1.51174092796
0.1   -0.2  0.1  0.502088289843  0.00040033343451   0.497511376723  0.0  -0.3  0.00497724655406   0.00080066686902   2210.0  5.25090767002  -1.31189007336  -1.5116498733
0.1   -0.2  0.1  0.50215287325   0.000429905102843  0.497417221647  0.0  -0.3  0.00516555670619   0.000859810205686  2220.0  5.22725493277  -1.31163757316  -1.5113796301
0.1   -0.2  0.1  0.502188861413  0.000437298019926  0.497373840567  0.0  -0.3  0.00525231886516   0.000874596039852  2230.0  5.20381432769  -1.31153532635  -1.51127294754
0.1   -0.2  0.1  0.502269067589  0.000425022987787  0.497305909424  0.0  -0.3  0.00538818115269   0.000850045975574  2240.0  5.18058301373  -1.31142403859  -1.5111690248
0.1   -0.2  0.1  0.502262232627  0.00047761034138   0.497260157031  0.0  -0.3  0.00547968593772   0.00095522068276   2250.0  5.15755820033  -1.31122167684  -1.51093511064
0.1   -0.2  0.1  0.502344531138  0.000478726253393  0.497176742608  0.0  -0.3  0.0056465147836    0.000957452506785  2260.0  5.13473714635  -1.31104946636  -1.51076223061
0.1   -0.2  0.1  0.502378845433  0.000484166324454  0.497136988243  0.0  -0.3  0.0057260235145    0.000968332648908  2270.0  5.11211715892  -1.31095861956  -1.51066811977
0.1   -0.2  0.1  0.502455424895  0.000495185955578  0.49704938915   0.0  -0.3  0.00590122170047   0.000990371911156  2280.0  5.08969559243  -1.31075891112  -1.51046179955
0.1   -0.2  0.1  0.502478998536  0.000507879454721  0.497013122009  0.0  -0.3  0.00597375598129   0.00101575890944   2290.0  5.06746984749  -1.31065759495  -1.51035286727
0.1   -0.2  0.1  0.502534096692  0.000524199667904  0.496941703641  0.0  -0.3  0.0061165927189    0.00104839933581   2300.0  5.04543736989  -1.31048176407  -1.51016724427
0.1   -0.2  0.1  0.502568829453  0.00054777330917   0.496883397238  0.0  -0.3  0.00623320552421   0.00109554661834   2310.0  5.02359564968  -1.31031178486  -1.50998312087
0.1   -0.2  0.1  0.502687116126  0.000559629874304  0.496753253999  0.0  -0.3  0.00649349200114   0.00111925974861   2320.0  5.00194222015  -1.31002750278  -1.50969172486
0.1   -0.2  0.1  0.502675957006  0.000597012926725  0.496727030067  0.0  -0.3  0.00654593986573   0.00119402585345   2330.0  4.98047465697  -1.30989597795  -1.50953777019
0.1   -0.2  0.1  0.502800520685  0.000594641613698  0.496604837702  0.0  -0.3  0.00679032459649   0.0011892832274    2340.0  4.95919057724  -1.30965446423  -1.50929767926
0.1   -0.2  0.1  0.502867335916  0.000582785048564  0.496549879035  0.0  -0.3  0.00690024192972   0.00116557009713   2350.0  4.93808763862  -1.30956974306  -1.50922007203
0.1   -0.2  0.1  0.502823675859  0.000630350798101  0.496545973343  0.0  -0.3  0.00690805331381   0.0012607015962    2360.0  4.91716353845  -1.30945993327  -1.50908172279
0.1   -0.2  0.1  0.502851155192  0.000658806554421  0.496490038253  0.0  -0.3  0.00701992349307   0.00131761310884   2370.0  4.89641601298  -1.30928887658  -1.50889359265
0.1   -0.2  0.1  0.5029575853    0.000671360564563  0.496371054135  0.0  -0.3  0.00725789172975   0.00134272112913   2380.0  4.87584283645  -1.30902235571  -1.50861953937
0.1   -0.2  0.1  0.502992318062  0.000685588442723  0.496322093496  0.0  -0.3  0.00735581300886   0.00137117688545   2390.0  4.8554418204   -1.30889234682  -1.50848099375
0.1   -0.2  0.1  0.50307782482   0.000702187633909  0.496219987546  0.0  -0.3  0.00756002490716   0.00140437526782   2400.0  4.83521081281  -1.30865342711  -1.50823211453
