#mu0            mu1              mu2              x0              x1                 x2              mua  mub   xa                 xb                 T       b              u               phi
0.733333333333  -0.666666666667  -0.066666666667  0.5             0.0                0.5             0.8  -1.4  0.0                0.0                30.0    386.816865025  -1.31774118     -1.98440784667
0.733333333333  -0.666666666667  -0.066666666667  0.5             0.0                0.5             0.8  -1.4  0.0                0.0                40.0    290.112648769  -1.31774118     -1.98440784667
0.733333333333  -0.666666666667  -0.066666666667  0.5             0.0                0.5             0.8  -1.4  0.0                0.0                50.0    232.090119015  -1.31774118     -1.98440784667
0.733333333333  -0.666666666667  -0.066666666667  0.5             0.0                0.5             0.8  -1.4  0.0                0.0                60.0    193.408432513  -1.31774118     -1.98440784667
0.733333333333  -0.666666666667  -0.066666666667  0.5             0.0                0.5             0.8  -1.4  0.0                0.0                70.0    165.778656439  -1.31774118     -1.98440784667
0.733333333333  -0.666666666667  -0.066666666667  0.5             0.0                0.5             0.8  -1.4  0.0                0.0                80.0    145.056324384  -1.31774118     -1.98440784667
0.733333333333  -0.666666666667  -0.066666666667  0.5             0.0                0.5             0.8  -1.4  0.0                0.0                90.0    128.938955008  -1.31774118     -1.98440784667
0.733333333333  -0.666666666667  -0.066666666667  0.5             0.0                0.5             0.8  -1.4  0.0                0.0                100.0   116.045059507  -1.31774118     -1.98440784667
0.733333333333  -0.666666666667  -0.066666666667  0.5             0.0                0.5             0.8  -1.4  0.0                0.0                110.0   105.495508643  -1.31774118     -1.98440784667
0.733333333333  -0.666666666667  -0.066666666667  0.5             0.0                0.5             0.8  -1.4  0.0                0.0                120.0   96.7042162563  -1.31774118     -1.98440784667
0.733333333333  -0.666666666667  -0.066666666667  0.5             0.0                0.5             0.8  -1.4  0.0                0.0                130.0   89.2654303904  -1.31774118     -1.98440784667
0.733333333333  -0.666666666667  -0.066666666667  0.500000139489  0.0                0.499999860511  0.8  -1.4  2.78978003809e-07  0.0                140.0   82.8893282196  -1.31774089958  -1.98440778943
0.733333333333  -0.666666666667  -0.066666666667  0.5             0.0                0.5             0.8  -1.4  0.0                0.0                150.0   77.363373005   -1.31774118     -1.98440784667
0.733333333333  -0.666666666667  -0.066666666667  0.500000139489  0.0                0.499999860511  0.8  -1.4  2.78978003809e-07  0.0                160.0   72.5281621922  -1.31774089958  -1.98440778943
0.733333333333  -0.666666666667  -0.066666666667  0.5             0.0                0.5             0.8  -1.4  0.0                0.0                170.0   68.2617997103  -1.31774118     -1.98440784667
0.733333333333  -0.666666666667  -0.066666666667  0.500000418467  0.0                0.499999581533  0.8  -1.4  8.36934009874e-07  0.0                180.0   64.4694775042  -1.31774033875  -1.98440767496
0.733333333333  -0.666666666667  -0.066666666667  0.500002371313  0.0                0.499997628687  0.8  -1.4  4.74262605277e-06  0.0                190.0   61.0763471092  -1.31773641292  -1.98440687368
0.733333333333  -0.666666666667  -0.066666666667  0.500003068758  0.0                0.499996931242  0.8  -1.4  6.13751606826e-06  0.0                200.0   58.0225297537  -1.31773501083  -1.98440658751
0.733333333333  -0.666666666667  -0.066666666667  0.500005440071  0.0                0.499994559929  0.8  -1.4  1.08801421231e-05  0.0                210.0   55.2595521464  -1.31773024375  -1.98440561453
0.733333333333  -0.666666666667  -0.066666666667  0.500009066785  0.0                0.499990933215  0.8  -1.4  1.8133570205e-05   0.0                220.0   52.7477543216  -1.31772295292  -1.98440412644
0.733333333333  -0.666666666667  -0.066666666667  0.500016878169  0.0                0.499983121831  0.8  -1.4  3.37563383808e-05  0.0                230.0   50.4543736989  -1.31770724958  -1.98440092132
0.733333333333  -0.666666666667  -0.066666666667  0.500022457729  0.0                0.499977542271  0.8  -1.4  4.49154585058e-05  0.0                240.0   48.3521081281  -1.31769603292  -1.98439863195
0.733333333333  -0.666666666667  -0.066666666667  0.500037383052  0.0                0.499962616948  0.8  -1.4  7.47661048417e-05  0.0                250.0   46.418023803   -1.31766603521  -1.98439251477
0.733333333333  -0.666666666667  -0.066666666667  0.500050216041  0.0                0.499949783959  0.8  -1.4  0.000100432081131  0.0                260.0   44.6327151952  -1.31764022348  -1.98438723582
0.733333333333  -0.666666666667  -0.066666666667  0.500069047056  0.0                0.499930952944  0.8  -1.4  0.000138094111555  0.0                270.0   42.9796516694  -1.31760237618  -1.98437951814
0.733333333333  -0.666666666667  -0.066666666667  0.500092341719  0.0                0.499907658281  0.8  -1.4  0.00018468343808   0.0                280.0   41.4446641098  -1.31755555704  -1.98436997045
0.733333333333  -0.666666666667  -0.066666666667  0.500143534183  0.0                0.499856465817  0.8  -1.4  0.000287068365235  0.0                290.0   40.0155377612  -1.31745266404  -1.9843489854
0.733333333333  -0.666666666667  -0.066666666667  0.500175477164  0.0                0.499824522836  0.8  -1.4  0.000350954327953  0.0                300.0   38.6816865025  -1.31738846106  -1.98433589119
0.733333333333  -0.666666666667  -0.066666666667  0.500224577293  0.0                0.499775422707  0.8  -1.4  0.000449154585059  0.0                310.0   37.4338901637  -1.31728973947  -1.98431572981
0.733333333333  -0.666666666667  -0.066666666667  0.500307433759  0.0                0.499692566241  0.8  -1.4  0.000614867518926  0.0                320.0   36.2640810961  -1.31712322755  -1.98428178823
0.733333333333  -0.666666666667  -0.066666666667  0.500359742135  0.0                0.499640257865  0.8  -1.4  0.000719484270103  0.0                330.0   35.1651695477  -1.31701809357  -1.98426034765
0.733333333333  -0.666666666667  -0.066666666667  0.500472588737  0.0                0.499527411263  0.8  -1.4  0.000945177474646  0.0                340.0   34.1308998551  -1.31679130009  -1.98421410874
0.733333333333  -0.666666666667  -0.066666666667  0.500576508043  0.0                0.499423491957  0.8  -1.4  0.00115301608699   0.0                350.0   33.1557312879  -1.316582498    -1.98417157754
0.733333333333  -0.666666666667  -0.066666666667  0.500665223048  0.0                0.499334776952  0.8  -1.4  0.00133044609699   0.0                360.0   32.2347387521  -1.31640434789  -1.98413537143
0.733333333333  -0.666666666667  -0.066666666667  0.500806246429  0.0                0.499193753571  0.8  -1.4  0.00161249285816   0.0                370.0   31.3635295966  -1.31612103077  -1.98407769172
0.733333333333  -0.666666666667  -0.066666666667  0.500945735431  0.0                0.499054264569  0.8  -1.4  0.0018914708613    0.0                380.0   30.5381735546  -1.31584072812  -1.98402057148
0.733333333333  -0.666666666667  -0.066666666667  0.501112982744  0.0                0.498887017256  0.8  -1.4  0.00222596548707   0.0                390.0   29.7551434635  -1.31550476685  -1.98395220591
0.733333333333  -0.666666666667  -0.066666666667  0.501314404862  0.0                0.498685595138  0.8  -1.4  0.00262880972361   0.0                400.0   29.0112648769  -1.31510008885  -1.9838698033
0.733333333333  -0.666666666667  -0.066666666667  0.501537587264  0.0                0.498462412736  0.8  -1.4  0.00307517452864   0.0                410.0   28.3036730506  -1.31465212771  -1.983778934
0.733333333333  -0.666666666667  -0.066666666667  0.501725199971  0.0                0.498274800029  0.8  -1.4  0.00345039994287   0.0                420.0   27.6297760732  -1.31427544331  -1.98370242993
0.733333333333  -0.666666666667  -0.066666666667  0.501921739975  0.0                0.498078260025  0.8  -1.4  0.00384347994929   0.0                430.0   26.9872231413  -1.31388067147  -1.9836221221
0.733333333333  -0.666666666667  -0.066666666667  0.502251352485  0.0                0.497748647515  0.8  -1.4  0.00450270497072   0.0                440.0   26.3738771608  -1.3132188271   -1.98348765775
0.733333333333  -0.666666666667  -0.066666666667  0.502497271595  0.0                0.497502728405  0.8  -1.4  0.00499454319026   0.0                450.0   25.7877910017  -1.31272529411  -1.98338759533
0.733333333333  -0.666666666667  -0.066666666667  0.502851155192  0.0                0.497148844808  0.8  -1.4  0.00570231038423   0.0                460.0   25.2271868495  -1.3120151878   -1.98324370278
0.733333333333  -0.666666666667  -0.066666666667  0.503104885686  0.0                0.496895114314  0.8  -1.4  0.00620977137195   0.0                470.0   24.6904381931  -1.311506465    -1.98314094877
0.733333333333  -0.666666666667  -0.066666666667  0.503514425395  0.0                0.496485574605  0.8  -1.4  0.00702885078917   0.0                480.0   24.1760540641  -1.31068419099  -1.98297393829
0.733333333333  -0.666666666667  -0.066666666667  0.503895648836  0.0                0.496104351164  0.8  -1.4  0.00779129767176   0.0                490.0   23.6826652056  -1.30991990308  -1.98281960788
0.733333333333  -0.666666666667  -0.066666666667  0.504322485181  0.0                0.495677514819  0.8  -1.4  0.00864497036138   0.0                500.0   23.2090119015  -1.30906402452  -1.98264666747
0.733333333333  -0.666666666667  -0.066666666667  0.504572449472  0.0                0.495427550528  0.8  -1.4  0.00914489894301   0.0                510.0   22.7539332368  -1.30856290437  -1.98254549019
0.733333333333  -0.666666666667  -0.066666666667  0.505032205221  0.0                0.494967794779  0.8  -1.4  0.0100644104414    0.0                520.0   22.3163575976  -1.30764120374  -1.98235939876
0.733333333333  -0.666666666667  -0.066666666667  0.505561426493  0.0                0.494438573507  0.8  -1.4  0.0111228529853    0.0                530.0   21.8952942467  -1.30658101829  -1.98214596734
0.733333333333  -0.666666666667  -0.066666666667  0.505899547832  0.0                0.494100452168  0.8  -1.4  0.0117990956649    0.0                540.0   21.4898258347  -1.3059024001   -1.9820083433
0.733333333333  -0.666666666667  -0.066666666667  0.506416215094  0.0                0.493583784906  0.8  -1.4  0.0128324301885    0.0                550.0   21.0991017286  -1.30486832766  -1.98180093848
0.733333333333  -0.666666666667  -0.066666666667  0.50695743242   0.0                0.49304256758   0.8  -1.4  0.0139148648407    0.0                560.0   20.7223320549  -1.30378365742  -1.98158221596
0.733333333333  -0.666666666667  -0.066666666667  0.507493767631  0.0                0.492506232369  0.8  -1.4  0.0149875352628    0.0                570.0   20.3587823697  -1.3027096791   -1.98136637398
0.733333333333  -0.666666666667  -0.066666666667  0.507870666914  0.0                0.492129333086  0.8  -1.4  0.0157413338273    0.0                580.0   20.0077688806  -1.30195403637  -1.9812137701
0.733333333333  -0.666666666667  -0.066666666667  0.508490835015  0.0                0.491509164985  0.8  -1.4  0.0169816700293    0.0                590.0   19.6686541538  -1.30071372108  -1.98096572377
0.733333333333  -0.666666666667  -0.066666666667  0.50901405826   0.0                0.49098594174   0.8  -1.4  0.0180281165191    0.0                600.0   19.3408432512  -1.2996650335   -1.98075419338
0.733333333333  -0.666666666667  -0.066666666667  0.509669656567  0.0                0.490330343433  0.8  -1.4  0.0193393131338    0.0                610.0   19.0237802471  -1.29835273907  -1.98049085625
0.733333333333  -0.666666666667  -0.066666666667  0.51024337483   0.0                0.48975662517   0.8  -1.4  0.0204867496608    0.0                620.0   18.7169450819  -1.2972044904   -1.98026055679
0.733333333333  -0.666666666667  -0.066666666667  0.510736886918  0.0                0.489263113082  0.8  -1.4  0.0214737738359    0.0                630.0   18.4198507155  -1.29621847448  -1.98006416022
0.733333333333  -0.666666666667  -0.066666666667  0.511318416565  0.0                0.488681583435  0.8  -1.4  0.022636833131     0.0                640.0   18.132040548   -1.29505461499  -1.97983074817
0.733333333333  -0.666666666667  -0.066666666667  0.511919614162  0.0                0.488080385838  0.8  -1.4  0.0238392283245    0.0                650.0   17.8530860781  -1.29385111837  -1.9795891677
0.733333333333  -0.666666666667  -0.066666666667  0.512617756615  0.0                0.487382243385  0.8  -1.4  0.0252355132303    0.0                660.0   17.5825847739  -1.29245707698  -1.97931215423
0.733333333333  -0.666666666667  -0.066666666667  0.513178502401  0.0                0.486821497599  0.8  -1.4  0.0263570048029    0.0                670.0   17.3201581354  -1.29133329298  -1.97908556349
0.733333333333  -0.666666666667  -0.066666666667  0.513782071311  0.0                0.486217928689  0.8  -1.4  0.0275641426225    0.0                680.0   17.0654499276  -1.29012612959  -1.97884411036
0.733333333333  -0.666666666667  -0.066666666667  0.514365553805  0.0                0.485634446195  0.8  -1.4  0.0287311076096    0.0                690.0   16.8181245663  -1.28896064177  -1.97861219453
0.733333333333  -0.666666666667  -0.066666666667  0.514922114921  0.0                0.485077885079  0.8  -1.4  0.0298442298422    0.0                700.0   16.5778656439  -1.2878469099   -1.97838896044
0.733333333333  -0.666666666667  -0.066666666667  0.515707019533  0.0                0.484292980467  0.8  -1.4  0.0314140390658    0.0                710.0   16.3443745785  -1.2862789581   -1.97807685602
0.733333333333  -0.666666666667  -0.066666666667  0.516393305421  0.0                0.483606694579  0.8  -1.4  0.0327866108413    0.0                720.0   16.117369376   -1.28490349818  -1.97779945352
0.733333333333  -0.666666666667  -0.066666666667  0.516845110297  0.0                0.483154889703  0.8  -1.4  0.0336902205935    0.0                730.0   15.8965834942  -1.28400487663  -1.97762371977
0.733333333333  -0.666666666667  -0.066666666667  0.517541160415  0.0                0.482458839585  0.8  -1.4  0.0350823208292    0.0                740.0   15.6817647983  -1.28261161531  -1.97734413864
0.733333333333  -0.666666666667  -0.066666666667  0.518249764543  0.0                0.481750235457  0.8  -1.4  0.0364995290851    0.0                750.0   15.472674601   -1.28119610204  -1.97706239198
0.733333333333  -0.666666666667  -0.066666666667  0.518889600593  0.0                0.481110399407  0.8  -1.4  0.0377792011855    0.0                760.0   15.2690867773  -1.27991612288  -1.9768061505
0.733333333333  -0.666666666667  -0.066666666667  0.519489682278  0.0                0.480510317722  0.8  -1.4  0.0389793645551    0.0                770.0   15.070786949   -1.27871116496  -1.97656132327
0.733333333333  -0.666666666667  -0.066666666667  0.520145420074  0.0                0.479854579926  0.8  -1.4  0.0402908401478    0.0                780.0   14.8775717317  -1.27740508504  -1.97630442383
0.733333333333  -0.666666666667  -0.066666666667  0.520842167637  0.0                0.479157832363  0.8  -1.4  0.0416843352735    0.0                790.0   14.6892480389  -1.2760051005   -1.97601923538
0.733333333333  -0.666666666667  -0.066666666667  0.521392591237  0.0                0.478607408763  0.8  -1.4  0.0427851824739    0.0                800.0   14.5056324384  -1.2749038773   -1.97579868995
0.733333333333  -0.666666666667  -0.066666666667  0.522061998956  0.0                0.477938001044  0.8  -1.4  0.044123997911     0.0                810.0   14.3265505565  -1.27356445741  -1.97553032241
0.733333333333  -0.666666666667  -0.066666666667  0.522503063178  0.0                0.477496936822  0.8  -1.4  0.0450061263569    0.0                820.0   14.1518365253  -1.27268686161  -1.97535842936
0.733333333333  -0.666666666667  -0.066666666667  0.523222268471  0.0                0.476777731529  0.8  -1.4  0.0464445369412    0.0                830.0   13.9813324708  -1.27123841904  -1.97506071526
0.733333333333  -0.666666666667  -0.066666666667  0.523890978744  0.0                0.476109021256  0.8  -1.4  0.0477819574882    0.0                840.0   13.8148880366  -1.26990453944  -1.9747967721
0.733333333333  -0.666666666667  -0.066666666667  0.52454671654   0.0                0.47545328346   0.8  -1.4  0.049093433081     0.0                850.0   13.6523599421  -1.26858547056  -1.97452688369
0.733333333333  -0.666666666667  -0.066666666667  0.52507342701   0.0                0.47492657299   0.8  -1.4  0.0501468540209    0.0                860.0   13.4936115706  -1.26753576137  -1.97431991125
0.733333333333  -0.666666666667  -0.066666666667  0.525747577355  0.0                0.474252422645  0.8  -1.4  0.05149515471      0.0                870.0   13.3385125871  -1.26618350431  -1.97404629474
0.733333333333  -0.666666666667  -0.066666666667  0.526417403541  0.0                0.473582596459  0.8  -1.4  0.0528348070811    0.0                880.0   13.1869385804  -1.26484414332  -1.97377865565
0.733333333333  -0.666666666667  -0.066666666667  0.526786770417  0.0                0.473213229583  0.8  -1.4  0.0535735408335    0.0                890.0   13.0387707312  -1.26409643185  -1.97362193118
0.733333333333  -0.666666666667  -0.066666666667  0.527458130981  0.0                0.472541869019  0.8  -1.4  0.0549162619626    0.0                900.0   12.8938955008  -1.26275189059  -1.97335156682
0.733333333333  -0.666666666667  -0.066666666667  0.528201328382  0.0                0.471798671618  0.8  -1.4  0.0564026567633    0.0                910.0   12.7522043415  -1.26125790017  -1.97304669225
0.733333333333  -0.666666666667  -0.066666666667  0.528840745965  0.0                0.471159254035  0.8  -1.4  0.0576814919297    0.0                920.0   12.6135934247  -1.25997052545  -1.97278238566
0.733333333333  -0.666666666667  -0.066666666667  0.529401073284  0.0                0.470598926716  0.8  -1.4  0.0588021465683    0.0                930.0   12.4779633879  -1.2588458551   -1.97255423902
0.733333333333  -0.666666666667  -0.066666666667  0.529879660049  0.0                0.470120339951  0.8  -1.4  0.0597593200971    0.0                940.0   12.3452190965  -1.25788758893  -1.97236171167
0.733333333333  -0.666666666667  -0.066666666667  0.530441521747  0.0                0.469558478253  0.8  -1.4  0.0608830434938    0.0                950.0   12.2152694218  -1.25675593674  -1.9721290382
0.733333333333  -0.666666666667  -0.066666666667  0.531013008186  0.0                0.468986991814  0.8  -1.4  0.0620260163727    0.0                960.0   12.088027032   -1.2556086364   -1.97189611616
0.733333333333  -0.666666666667  -0.066666666667  0.531587284406  0.0                0.468412715594  0.8  -1.4  0.0631745688116    0.0                970.0   11.9634081967  -1.25445197834  -1.97165830006
0.733333333333  -0.666666666667  -0.066666666667  0.532201175502  0.0                0.467798824498  0.8  -1.4  0.0644023510034    0.0                980.0   11.8413326028  -1.25321013349  -1.97139868096
0.733333333333  -0.666666666667  -0.066666666667  0.532734999911  0.0                0.467265000089  0.8  -1.4  0.0654699998215    0.0                990.0   11.7217231826  -1.25212922538  -1.9711718919
0.733333333333  -0.666666666667  -0.066666666667  0.533402315294  0.0                0.466597684706  0.8  -1.4  0.0668046305885    0.0                1000.0  11.6045059507  -1.2507874958   -1.97089786693
0.733333333333  -0.666666666667  -0.066666666667  0.533823572079  0.0                0.466176427921  0.8  -1.4  0.067647144158     0.0                1010.0  11.4896098522  -1.24994616292  -1.97073054491
0.733333333333  -0.666666666667  -0.066666666667  0.534376506481  0.0                0.465623493519  0.8  -1.4  0.0687530129624    0.0                1020.0  11.3769666184  -1.2488141438   -1.97048322083
0.733333333333  -0.666666666667  -0.066666666667  0.534896939946  0.0                0.465103060054  0.8  -1.4  0.0697938798922    0.0                1030.0  11.2665106318  -1.24777123634  -1.97027300692
0.733333333333  -0.666666666667  -0.066666666667  0.535531056947  0.0                0.464468943053  0.8  -1.4  0.0710621138944    0.0                1040.0  11.1581787988  -1.24648979696  -1.97000615474
0.733333333333  -0.666666666667  -0.066666666667  0.535923160531  0.0                0.464076839469  0.8  -1.4  0.0718463210613    0.0                1050.0  11.0519104293  -1.2456991219   -1.96984284542
0.733333333333  -0.666666666667  -0.066666666667  0.536664963041  0.0                0.463335036959  0.8  -1.4  0.073329926082     0.0                1060.0  10.9476471233  -1.24419143326  -1.96952204079
0.733333333333  -0.666666666667  -0.066666666667  0.537007548029  0.0                0.462992451971  0.8  -1.4  0.0740150960577    0.0                1070.0  10.8453326643  -1.24349931162  -1.96937805513
0.733333333333  -0.666666666667  -0.066666666667  0.537502873473  0.0                0.462497126527  0.8  -1.4  0.0750057469469    0.0                1080.0  10.7449129174  -1.2424937759   -1.96916504013
0.733333333333  -0.666666666667  -0.066666666667  0.538067664441  0.0                0.461932335559  0.8  -1.4  0.0761353288816    0.0                1090.0  10.6463357346  -1.24133729629  -1.96891222606
0.733333333333  -0.666666666667  -0.066666666667  0.538778639882  0.0                0.461221360118  0.8  -1.4  0.0775572797636    0.0                1100.0  10.5495508643  -1.23990339962  -1.96861589009
0.733333333333  -0.666666666667  -0.066666666667  0.539168232663  0.0                0.460831767337  0.8  -1.4  0.0783364653264    0.0                1110.0  10.4545098655  -1.23909990966  -1.96843574859
0.733333333333  -0.666666666667  -0.066666666667  0.539498821597  0.0                0.460501178403  0.8  -1.4  0.0789976431938    0.0                1120.0  10.3611660275  -1.23843557098  -1.9683003522
0.733333333333  -0.666666666667  -0.066666666667  0.540201846165  0.0                0.459798153835  0.8  -1.4  0.0804036923297    0.0                1130.0  10.2694742927  -1.23700873759  -1.96799835812
0.733333333333  -0.666666666667  -0.066666666667  0.54069005767   0.0                0.45930994233   0.8  -1.4  0.0813801153407    0.0                1140.0  10.1793911849  -1.23600921039  -1.96777996933
0.733333333333  -0.666666666667  -0.066666666667  0.541042964844  0.0                0.458957035156  0.8  -1.4  0.0820859296886    0.0                1150.0  10.0908747398  -1.23528990459  -1.967625315
0.733333333333  -0.666666666667  -0.066666666667  0.541515135115  0.0                0.458484864885  0.8  -1.4  0.0830302702293    0.0                1160.0  10.0038844403  -1.23432078622  -1.96741166907
0.733333333333  -0.666666666667  -0.066666666667  0.542151065473  0.0                0.457848934527  0.8  -1.4  0.0843021309456    0.0                1170.0  9.91838115449  -1.23302309761  -1.96713146903
0.733333333333  -0.666666666667  -0.066666666667  0.542453338139  0.0                0.457546661861  0.8  -1.4  0.0849066762784    0.0                1180.0  9.83432707691  -1.23240250327  -1.96699451096
0.733333333333  -0.666666666667  -0.066666666667  0.542980188098  0.0                0.457019811902  0.8  -1.4  0.0859603761963    0.0                1190.0  9.7516856729   -1.23134663326  -1.96678160089
0.733333333333  -0.666666666667  -0.066666666667  0.543445662896  0.0                0.456554337104  0.8  -1.4  0.0868913257927    0.0                1200.0  9.67042162562  -1.23035948731  -1.96653921461
0.733333333333  -0.666666666667  -0.066666666667  0.543947125857  0.0                0.456052874143  0.8  -1.4  0.087894251714     0.0                1210.0  9.59050078574  -1.22933495892  -1.96631702695
0.733333333333  -0.666666666667  -0.066666666667  0.544241308161  0.0                0.455758691839  0.8  -1.4  0.0884826163227    0.0                1220.0  9.51189012357  -1.22874417363  -1.96619693335
0.733333333333  -0.666666666667  -0.066666666667  0.544809167887  0.0                0.455190832113  0.8  -1.4  0.0896183357735    0.0                1230.0  9.43455768354  -1.22757875594  -1.96594009123
0.733333333333  -0.666666666667  -0.066666666667  0.545261112252  0.0                0.454738887748  0.8  -1.4  0.0905222245036    0.0                1240.0  9.35847254093  -1.22664811234  -1.96573255861
0.733333333333  -0.666666666667  -0.066666666667  0.545727563473  0.0                0.454272436527  0.8  -1.4  0.0914551269462    0.0                1250.0  9.2836047606   -1.22568098391  -1.96551175213
0.733333333333  -0.666666666667  -0.066666666667  0.546083957872  0.0                0.453916042128  0.8  -1.4  0.0921679157442    0.0                1260.0  9.20992535774  -1.22494604268  -1.96534704194
0.733333333333  -0.666666666667  -0.066666666667  0.546516931733  0.0                0.453483068267  0.8  -1.4  0.0930338634659    0.0                1270.0  9.13740626043  -1.2240403097   -1.96513406714
0.733333333333  -0.666666666667  -0.066666666667  0.547003050903  0.0                0.452996949097  0.8  -1.4  0.0940061018069    0.0                1280.0  9.06602027402  -1.2230464757   -1.96491802381
0.733333333333  -0.666666666667  -0.066666666667  0.547514557072  0.0                0.452485442928  0.8  -1.4  0.0950291141444    0.0                1290.0  8.99574104709  -1.22199049854  -1.96468045652
0.733333333333  -0.666666666667  -0.066666666667  0.547816411272  0.0                0.452183588728  0.8  -1.4  0.0956328225432    0.0                1300.0  8.92654303904  -1.22136498363  -1.96453790833
0.733333333333  -0.666666666667  -0.066666666667  0.548383573552  0.0                0.451616426448  0.8  -1.4  0.096767147104     0.0                1310.0  8.85840148912  -1.22019479535  -1.9642751797
0.733333333333  -0.666666666667  -0.066666666667  0.548789347058  0.0                0.451210652942  0.8  -1.4  0.0975786941151    0.0                1320.0  8.79129238693  -1.21935806013  -1.96408768209
0.733333333333  -0.666666666667  -0.066666666667  0.549078647247  0.0                0.450921352753  0.8  -1.4  0.0981572944936    0.0                1330.0  8.72519244417  -1.21874116008  -1.96393366234
0.733333333333  -0.666666666667  -0.066666666667  0.549624607199  0.0                0.450375392801  0.8  -1.4  0.0992492143979    0.0                1340.0  8.66007906772  -1.21763143487  -1.96369747305
0.733333333333  -0.666666666667  -0.066666666667  0.549948082194  0.0                0.450051917806  0.8  -1.4  0.0998961643872    0.0                1350.0  8.59593033389  -1.2169458734   -1.96352947157
0.733333333333  -0.666666666667  -0.066666666667  0.550281321418  0.0                0.449718678582  0.8  -1.4  0.100562642837     0.0                1360.0  8.53272496379  -1.21626222918  -1.96337901012
0.733333333333  -0.666666666667  -0.066666666667  0.55077846022   0.0                0.44922153978   0.8  -1.4  0.10155692044      0.0                1370.0  8.47044229982  -1.21521821198  -1.963130415
0.733333333333  -0.666666666667  -0.066666666667  0.551187023506  0.0                0.448812976494  0.8  -1.4  0.102374047011     0.0                1380.0  8.40906228315  -1.21437558087  -1.96294148515
0.733333333333  -0.666666666667  -0.066666666667  0.551583590737  0.0                0.448416409263  0.8  -1.4  0.103167181474     0.0                1390.0  8.34856543219  -1.2135436499   -1.96274406175
0.733333333333  -0.666666666667  -0.066666666667  0.551816676859  0.0                0.448183323141  0.8  -1.4  0.103633353717     0.0                1400.0  8.28893282196  -1.21302773457  -1.96260108421
0.733333333333  -0.666666666667  -0.066666666667  0.552299029826  0.0                0.447700970174  0.8  -1.4  0.104598059652     0.0                1410.0  8.23014606436  -1.21204340968  -1.96238852407
0.733333333333  -0.666666666667  -0.066666666667  0.552712475227  0.0                0.447287524773  0.8  -1.4  0.105424950454     0.0                1420.0  8.17218728926  -1.21118598757  -1.9621926146
0.733333333333  -0.666666666667  -0.066666666667  0.553248949927  0.0                0.446751050073  0.8  -1.4  0.106497899854     0.0                1430.0  8.1150391264   -1.21004955886  -1.96191454541
0.733333333333  -0.666666666667  -0.066666666667  0.553448698177  0.0                0.446551301823  0.8  -1.4  0.106897396354     0.0                1440.0  8.05868468802  -1.20965060595  -1.9618351897
0.733333333333  -0.666666666667  -0.066666666667  0.553936351727  0.0                0.446063648273  0.8  -1.4  0.107872703453     0.0                1450.0  8.00310755224  -1.20862198199  -1.96158681141
0.733333333333  -0.666666666667  -0.066666666667  0.554125638302  0.0                0.445874361698  0.8  -1.4  0.108251276603     0.0                1460.0  7.94829174709  -1.20819884085  -1.9614665288
0.733333333333  -0.666666666667  -0.066666666667  0.554658486288  0.0                0.445341513712  0.8  -1.4  0.109316972575     0.0                1470.0  7.8942217352   -1.20708992949  -1.96121017422
0.733333333333  -0.666666666667  -0.066666666667  0.555023668494  0.0                0.444976331506  0.8  -1.4  0.110047336988     0.0                1480.0  7.84088239916  -1.20632963425  -1.96103417051
0.733333333333  -0.666666666667  -0.066666666667  0.555419817258  0.0                0.444580182742  0.8  -1.4  0.110839634516     0.0                1490.0  7.78825902735  -1.2054992028   -1.96083757708
0.733333333333  -0.666666666667  -0.066666666667  0.555793368804  0.0                0.444206631196  0.8  -1.4  0.111586737609     0.0                1500.0  7.7363373005   -1.20471066582  -1.96064672257
0.733333333333  -0.666666666667  -0.066666666667  0.556181985163  0.0                0.443818014837  0.8  -1.4  0.112363970326     0.0                1510.0  7.68510327864  -1.20388911881  -1.96044696174
0.733333333333  -0.666666666667  -0.066666666667  0.556592919761  0.0                0.443407080239  0.8  -1.4  0.113185839523     0.0                1520.0  7.63454338865  -1.20301175643  -1.96022709471
0.733333333333  -0.666666666667  -0.066666666667  0.556952940875  0.0                0.443047059125  0.8  -1.4  0.113905881749     0.0                1530.0  7.58464441225  -1.20224646491  -1.96003783697
0.733333333333  -0.666666666667  -0.066666666667  0.557279763605  0.0                0.442720236395  0.8  -1.4  0.11455952721      0.0                1540.0  7.53539347451  -1.20155187414  -1.95986616258
0.733333333333  -0.666666666667  -0.066666666667  0.557683165798  0.0                0.442316834202  0.8  -1.4  0.115366331595     0.0                1550.0  7.48677803274  -1.20071590051  -1.95967563245
0.733333333333  -0.666666666667  -0.066666666667  0.558020171226  0.0                0.441979828774  0.8  -1.4  0.116040342451     0.0                1560.0  7.43878586587  -1.19996125524  -1.95946019586
0.733333333333  -0.666666666667  -0.066666666667  0.558340437973  0.0                0.441659562027  0.8  -1.4  0.116680875946     0.0                1570.0  7.39140506417  -1.1993059839   -1.95931735133
0.733333333333  -0.666666666667  -0.066666666667  0.558628064294  0.0                0.441371935706  0.8  -1.4  0.117256128589     0.0                1580.0  7.34462401946  -1.19869994326  -1.9591715128
0.733333333333  -0.666666666667  -0.066666666667  0.558992409566  0.0                0.441007590434  0.8  -1.4  0.117984819133     0.0                1590.0  7.29843141557  -1.19794063019  -1.95899515217
0.733333333333  -0.666666666667  -0.066666666667  0.559354244037  0.0                0.440645755963  0.8  -1.4  0.118708488073     0.0                1600.0  7.25281621922  -1.19714558754  -1.95877904466
0.733333333333  -0.666666666667  -0.066666666667  0.559703942964  0.0                0.440296057036  0.8  -1.4  0.119407885927     0.0                1610.0  7.20776767127  -1.1964032922   -1.9585962676
0.733333333333  -0.666666666667  -0.066666666667  0.560022396354  0.0                0.439977603646  0.8  -1.4  0.120044792708     0.0                1620.0  7.16327527824  -1.19568668424  -1.95838918507
0.733333333333  -0.666666666667  -0.066666666667  0.560415197383  1.39489001953e-07  0.439584663128  0.8  -1.4  0.120830673743     2.78978003906e-07  1630.0  7.11932880414  -1.19489831619  -1.95822913128
0.733333333333  -0.666666666667  -0.066666666667  0.560735743108  0.0                0.439264256892  0.8  -1.4  0.121471486216     0.0                1640.0  7.07591826265  -1.19415985059  -1.95800370623
0.733333333333  -0.666666666667  -0.066666666667  0.561068703355  0.0                0.438931296645  0.8  -1.4  0.12213740671      0.0                1650.0  7.03303390954  -1.19345945601  -1.95783604805
0.733333333333  -0.666666666667  -0.066666666667  0.561438907165  0.0                0.438561092835  0.8  -1.4  0.12287781433      0.0                1660.0  6.99066623539  -1.19266218679  -1.95763110492
0.733333333333  -0.666666666667  -0.066666666667  0.56190480043   0.0                0.43809519957   0.8  -1.4  0.123809600861     0.0                1670.0  6.94880595853  -1.19168413401  -1.95739848136
0.733333333333  -0.666666666667  -0.066666666667  0.562200796092  0.0                0.437799203908  0.8  -1.4  0.124401592183     0.0                1680.0  6.9074440183   -1.19105885785  -1.95724679827
0.733333333333  -0.666666666667  -0.066666666667  0.562502650291  0.0                0.437497349709  0.8  -1.4  0.125005300582     0.0                1690.0  6.86657156849  -1.19039705345  -1.95706796058
0.733333333333  -0.666666666667  -0.066666666667  0.562643673672  0.0                0.437356326328  0.8  -1.4  0.125287347343     0.0                1700.0  6.82617997103  -1.19008595863  -1.95698250317
0.733333333333  -0.666666666667  -0.066666666667  0.563131187732  0.0                0.436868812268  0.8  -1.4  0.126262375464     0.0                1710.0  6.78626078991  -1.18904019477  -1.95671676181
0.733333333333  -0.666666666667  -0.066666666667  0.563398448659  0.0                0.436601551341  0.8  -1.4  0.126796897318     0.0                1720.0  6.74680578532  -1.18846052621  -1.95656471073
0.733333333333  -0.666666666667  -0.066666666667  0.563789017864  0.0                0.436210982136  0.8  -1.4  0.127578035727     0.0                1730.0  6.70780690795  -1.18763100366  -1.95636009891
0.733333333333  -0.666666666667  -0.066666666667  0.564185027139  0.0                0.435814972861  0.8  -1.4  0.128370054278     0.0                1740.0  6.66925629353  -1.18677622142  -1.95613893151
0.733333333333  -0.666666666667  -0.066666666667  0.564533191687  0.0                0.435466808313  0.8  -1.4  0.129066383374     0.0                1750.0  6.63114625757  -1.18599705683  -1.9559168302
0.733333333333  -0.666666666667  -0.066666666667  0.564540724093  0.0                0.435459275907  0.8  -1.4  0.129081448186     0.0                1760.0  6.5934692902   -1.18598571424  -1.95591753946
0.733333333333  -0.666666666667  -0.066666666667  0.565209713345  0.0                0.434790286655  0.8  -1.4  0.130419426689     0.0                1770.0  6.55621805127  -1.18454897245  -1.95555118047
0.733333333333  -0.666666666667  -0.066666666667  0.565426060786  1.39489001953e-07  0.434573799725  0.8  -1.4  0.13085240055      2.78978003906e-07  1780.0  6.51938536559  -1.18407783281  -1.95542602935
0.733333333333  -0.666666666667  -0.066666666667  0.565794451239  5.57956005859e-07  0.434204990805  0.8  -1.4  0.13159001839      1.11591201172e-06  1790.0  6.4829642183   -1.18328804373  -1.95522516283
0.733333333333  -0.666666666667  -0.066666666667  0.565860290048  1.39489001953e-07  0.434139570463  0.8  -1.4  0.131720859074     2.78978003906e-07  1800.0  6.44694775042  -1.18314609589  -1.95518905924
0.733333333333  -0.666666666667  -0.066666666667  0.566306654853  0.0                0.433693345147  0.8  -1.4  0.132613309706     0.0                1810.0  6.41132925456  -1.18216388636  -1.9549212008
0.733333333333  -0.666666666667  -0.066666666667  0.566669744724  4.18467004883e-07  0.433329836809  0.8  -1.4  0.133340326382     8.36934009766e-07  1820.0  6.37610217074  -1.18139369289  -1.95473144895
0.733333333333  -0.666666666667  -0.066666666667  0.566898506687  1.39489001953e-07  0.433101353824  0.8  -1.4  0.133797292351     2.78978003906e-07  1830.0  6.34126008238  -1.1808706018   -1.95457471178
0.733333333333  -0.666666666667  -0.066666666667  0.567366352798  0.0                0.432633647202  0.8  -1.4  0.134732705596     0.0                1840.0  6.30679671236  -1.17986353508  -1.95431636622
0.733333333333  -0.666666666667  -0.066666666667  0.567646167735  0.0                0.432353832265  0.8  -1.4  0.13529233547      0.0                1850.0  6.27270591932  -1.17921982061  -1.95412035566
0.733333333333  -0.666666666667  -0.066666666667  0.567877719478  2.7897800293e-07   0.432122001544  0.8  -1.4  0.135755996911     5.57956005859e-07  1860.0  6.23898169395  -1.1787338823   -1.95400456536
0.733333333333  -0.666666666667  -0.066666666667  0.568183758347  0.0                0.431816241653  0.8  -1.4  0.136367516694     0.0                1870.0  6.20561815548  -1.17804442476  -1.95380510478
0.733333333333  -0.666666666667  -0.066666666667  0.56838308813   1.39489001953e-07  0.431616772381  0.8  -1.4  0.136766455239     2.78978003906e-07  1880.0  6.17260954827  -1.17760870827  -1.95368814856
0.733333333333  -0.666666666667  -0.066666666667  0.568816480458  0.0                0.431183519542  0.8  -1.4  0.137632960916     0.0                1890.0  6.13995023849  -1.17666831878  -1.95344135418
0.733333333333  -0.666666666667  -0.066666666667  0.569044963443  0.0                0.430955036557  0.8  -1.4  0.138089926885     0.0                1900.0  6.10763471092  -1.17617380425  -1.95331241243
0.733333333333  -0.666666666667  -0.066666666667  0.56933733239   0.0                0.43066266761   0.8  -1.4  0.13867466478      0.0                1910.0  6.07565756584  -1.17551586739  -1.95312226588
0.733333333333  -0.666666666667  -0.066666666667  0.569607801564  4.18467004883e-07  0.430391779969  0.8  -1.4  0.139216440062     8.36934009766e-07  1920.0  6.04401351602  -1.1749341528   -1.9529727998
0.733333333333  -0.666666666667  -0.066666666667  0.570008413977  1.39489001953e-07  0.429991446534  0.8  -1.4  0.140017106931     2.78978003906e-07  1930.0  6.01269738381  -1.17403598459  -1.95271594623
0.733333333333  -0.666666666667  -0.066666666667  0.570260191624  1.39489001953e-07  0.429739668887  0.8  -1.4  0.140520662227     2.78978003906e-07  1940.0  5.98170409833  -1.173503496    -1.95258630188
0.733333333333  -0.666666666667  -0.066666666667  0.570563161736  2.7897800293e-07   0.429436559286  0.8  -1.4  0.141126881428     5.57956005859e-07  1950.0  5.95102869269  -1.17281755888  -1.95238494955
0.733333333333  -0.666666666667  -0.066666666667  0.570745892328  5.57956005859e-07  0.429253549716  0.8  -1.4  0.141492900568     1.11591201172e-06  1960.0  5.9206663014   -1.17242545735  -1.95228488219
0.733333333333  -0.666666666667  -0.066666666667  0.571179145167  0.0                0.428820854833  0.8  -1.4  0.142358290334     0.0                1970.0  5.89061215774  -1.17146377712  -1.95201707605
0.733333333333  -0.666666666667  -0.066666666667  0.571321981904  2.7897800293e-07   0.428677739118  0.8  -1.4  0.142644521765     5.57956005859e-07  1980.0  5.86086159129  -1.17112895598  -1.95191045892
0.733333333333  -0.666666666667  -0.066666666667  0.571625091505  5.57956005859e-07  0.428374350539  0.8  -1.4  0.143251298922     1.11591201172e-06  1990.0  5.8314100255   -1.17048196541  -1.95174810893
0.733333333333  -0.666666666667  -0.066666666667  0.571896537102  1.39489001953e-07  0.428103323409  0.8  -1.4  0.143793353182     2.78978003906e-07  2000.0  5.80225297537  -1.16987953999  -1.95158049863
0.733333333333  -0.666666666667  -0.066666666667  0.572294220245  6.97445007813e-07  0.42770508231   0.8  -1.4  0.144589835381     1.39489001563e-06  2010.0  5.77338604515  -1.16899959765  -1.95133617977
0.733333333333  -0.666666666667  -0.066666666667  0.572547671761  1.25540101367e-06  0.427451072838  0.8  -1.4  0.145097854324     2.51080202734e-06  2020.0  5.74480492611  -1.1684318674   -1.9511733024
0.733333333333  -0.666666666667  -0.066666666667  0.572728449507  2.7897800293e-07   0.427271271515  0.8  -1.4  0.14545745697      5.57956005859e-07  2030.0  5.71650539446  -1.16802803749  -1.9510598886
0.733333333333  -0.666666666667  -0.066666666667  0.573020539477  2.7897800293e-07   0.426979181545  0.8  -1.4  0.146041636909     5.57956005859e-07  2040.0  5.68848330919  -1.16739855395  -1.95089774901
0.733333333333  -0.666666666667  -0.066666666667  0.573284173689  4.18467004883e-07  0.426715407844  0.8  -1.4  0.146569184313     8.36934009766e-07  2050.0  5.66073461012  -1.16676584644  -1.95068668884
0.733333333333  -0.666666666667  -0.066666666667  0.573627456122  6.97445007813e-07  0.426371846433  0.8  -1.4  0.147256307135     1.39489001563e-06  2060.0  5.6332553159   -1.1660205649   -1.95049032443
0.733333333333  -0.666666666667  -0.066666666667  0.573958324034  6.97445007813e-07  0.426040978521  0.8  -1.4  0.147918042958     1.39489001563e-06  2070.0  5.6060415221   -1.16526947347  -1.95026862166
0.733333333333  -0.666666666667  -0.066666666667  0.574282496474  4.18467004883e-07  0.425717085059  0.8  -1.4  0.148565829881     8.36934009766e-07  2080.0  5.5790893994   -1.16458533904  -1.9501034979
0.733333333333  -0.666666666667  -0.066666666667  0.574357402068  1.81335702051e-06  0.425640784575  0.8  -1.4  0.148718430849     3.62671404102e-06  2090.0  5.55239519175  -1.16433251435  -1.9499688483
0.733333333333  -0.666666666667  -0.066666666667  0.574861794297  6.97445007813e-07  0.425137508258  0.8  -1.4  0.149724983485     1.39489001563e-06  2100.0  5.52595521464  -1.16326689275  -1.94971159336
0.733333333333  -0.666666666667  -0.066666666667  0.575043548466  4.18467004883e-07  0.424956033067  0.8  -1.4  0.150087933867     8.36934009766e-07  2110.0  5.49976585344  -1.16284175172  -1.94957759378
0.733333333333  -0.666666666667  -0.066666666667  0.575333825079  2.7897800293e-07   0.424665895943  0.8  -1.4  0.150668208113     5.57956005859e-07  2120.0  5.47382356168  -1.16218353729  -1.94938398931
0.733333333333  -0.666666666667  -0.066666666667  0.57552785428   1.67386801855e-06  0.424470471852  0.8  -1.4  0.151059056296     3.34773603711e-06  2130.0  5.44812485951  -1.16176015813  -1.949269383
0.733333333333  -0.666666666667  -0.066666666667  0.575768891274  6.97445007813e-07  0.424230411281  0.8  -1.4  0.151539177439     1.39489001563e-06  2140.0  5.42266633213  -1.16122859473  -1.9491246505
0.733333333333  -0.666666666667  -0.066666666667  0.576069490073  4.18467004883e-07  0.42393009146   0.8  -1.4  0.15213981708      8.36934009766e-07  2150.0  5.39744462826  -1.16058632115  -1.94896366977
0.733333333333  -0.666666666667  -0.066666666667  0.576341772604  2.7897800293e-07   0.423657948418  0.8  -1.4  0.152684103164     5.57956005859e-07  2160.0  5.37245645868  -1.15994148059  -1.94875464865
0.733333333333  -0.666666666667  -0.066666666667  0.576580577775  1.25540101367e-06  0.423418166824  0.8  -1.4  0.153163666351     2.51080202734e-06  2170.0  5.34769859482  -1.1594468467   -1.94864093132
0.733333333333  -0.666666666667  -0.066666666667  0.577008530031  1.53437901758e-06  0.42298993559   0.8  -1.4  0.154020128821     3.06875803516e-06  2180.0  5.32316786732  -1.15842224109  -1.94830071455
0.733333333333  -0.666666666667  -0.066666666667  0.577216787111  2.37131302637e-06  0.422780841576  0.8  -1.4  0.154438316848     4.74262605273e-06  2190.0  5.29886116473  -1.15794748543  -1.9481581659
0.733333333333  -0.666666666667  -0.066666666667  0.577400354637  5.57956005859e-07  0.422599087407  0.8  -1.4  0.154801825186     1.11591201172e-06  2200.0  5.27477543216  -1.15754050497  -1.94804706951
0.733333333333  -0.666666666667  -0.066666666667  0.577470517605  2.37131302637e-06  0.422527111082  0.8  -1.4  0.154945777835     4.74262605273e-06  2210.0  5.25090767002  -1.15737919537  -1.94799584463
0.733333333333  -0.666666666667  -0.066666666667  0.577940874518  1.39489001563e-06  0.422057730592  0.8  -1.4  0.155884538816     2.78978003125e-06  2220.0  5.22725493277  -1.15633903613  -1.94770942816
0.733333333333  -0.666666666667  -0.066666666667  0.578088174904  1.1159120127e-06   0.421910709184  0.8  -1.4  0.156178581631     2.23182402539e-06  2230.0  5.20381432769  -1.15599573169  -1.94760213911
0.733333333333  -0.666666666667  -0.066666666667  0.578608050412  1.67386801855e-06  0.42139027572   0.8  -1.4  0.157219448561     3.34773603711e-06  2240.0  5.18058301373  -1.15483219124  -1.94726972993
0.733333333333  -0.666666666667  -0.066666666667  0.578623673181  1.39489001563e-06  0.421374931929  0.8  -1.4  0.157250136141     2.78978003125e-06  2250.0  5.15755820033  -1.154761953    -1.94722482289
0.733333333333  -0.666666666667  -0.066666666667  0.578962352476  3.48722503906e-06  0.421034160299  0.8  -1.4  0.157931679403     6.97445007813e-06  2260.0  5.13473714635  -1.1539957176   -1.94699796356
0.733333333333  -0.666666666667  -0.066666666667  0.579216361948  6.97445007813e-07  0.420782940607  0.8  -1.4  0.158434118787     1.39489001563e-06  2270.0  5.11211715892  -1.15342869028  -1.94684069913
0.733333333333  -0.666666666667  -0.066666666667  0.579555320222  2.09233502344e-06  0.420442587443  0.8  -1.4  0.159114825114     4.18467004688e-06  2280.0  5.08969559243  -1.15266759427  -1.94662026249
0.733333333333  -0.666666666667  -0.066666666667  0.579729681474  1.67386801855e-06  0.420268644658  0.8  -1.4  0.159462710684     3.34773603711e-06  2290.0  5.06746984749  -1.1522711857   -1.94650333408
0.733333333333  -0.666666666667  -0.066666666667  0.579878097772  2.37131302637e-06  0.420119530915  0.8  -1.4  0.15976093817      4.74262605273e-06  2300.0  5.04543736989  -1.15188432631  -1.94635310384
0.733333333333  -0.666666666667  -0.066666666667  0.580167676939  2.37131302637e-06  0.419829951748  0.8  -1.4  0.160340096504     4.74262605273e-06  2310.0  5.02359564968  -1.15121823894  -1.94615034314
0.733333333333  -0.666666666667  -0.066666666667  0.580479574347  4.32415904883e-06  0.419516101494  0.8  -1.4  0.160967797011     8.64831809766e-06  2320.0  5.00194222015  -1.15056512551  -1.94599392214
0.733333333333  -0.666666666667  -0.066666666667  0.5808898115    4.4636480498e-06   0.419105724852  0.8  -1.4  0.161788550296     8.92729609961e-06  2330.0  4.98047465697  -1.1496088158   -1.94569382449
0.733333333333  -0.666666666667  -0.066666666667  0.581115923172  2.51080202832e-06  0.418881566026  0.8  -1.4  0.162236867947     5.02160405664e-06  2340.0  4.95919057724  -1.14913207937  -1.94558121015
0.733333333333  -0.666666666667  -0.066666666667  0.581300467121  2.9292690332e-06   0.41869660361   0.8  -1.4  0.16260679278      5.85853806641e-06  2350.0  4.93808763862  -1.14870275359  -1.94544665253
0.733333333333  -0.666666666667  -0.066666666667  0.581433539628  2.78978003125e-06  0.418563670592  0.8  -1.4  0.162872658817     5.5795600625e-06   2360.0  4.91716353845  -1.14835543678  -1.94531241912
0.733333333333  -0.666666666667  -0.066666666667  0.58175882798   3.90569204395e-06  0.418237266328  0.8  -1.4  0.163525467344     7.81138408789e-06  2370.0  4.89641601298  -1.14760893145  -1.94508503605
0.733333333333  -0.666666666667  -0.066666666667  0.581910731503  2.37131302637e-06  0.418086897184  0.8  -1.4  0.163826205631     4.74262605273e-06  2380.0  4.87584283645  -1.14730975856  -1.94503075006
0.733333333333  -0.666666666667  -0.066666666667  0.582208122054  3.62671404102e-06  0.417788251232  0.8  -1.4  0.164423497536     7.25342808203e-06  2390.0  4.8554418204   -1.14662560786  -1.94482091775
0.733333333333  -0.666666666667  -0.066666666667  0.582656579194  4.0451810459e-06   0.417339375625  0.8  -1.4  0.16532124875      8.0903620918e-06   2400.0  4.83521081281  -1.14558030739  -1.94449264655
