#mu0  mu1  mu2   x0              x1              x2              mua   mub  xa                  xb              T       b              u                phi
-0.6  0.8  -0.2  0.33217659754   0.16782340246   0.5             -0.4  1.4  -2.77555756156e-17  0.335646804921  30.0    386.816865025  -0.969599028514  -0.639504555403
-0.6  0.8  -0.2  0.332553496822  0.167446503178  0.5             -0.4  1.4  2.77555756156e-17   0.334893006356  40.0    290.112648769  -0.972512706959  -0.641362915857
-0.6  0.8  -0.2  0.33211647778   0.16788352222   0.5             -0.4  1.4  -5.55111512313e-17  0.33576704444   50.0    232.090119015  -0.973398055636  -0.643471917852
-0.6  0.8  -0.2  0.3321276369    0.1678723631    0.5             -0.4  1.4  2.77555756156e-17   0.3357447262    60.0    193.408432513  -0.975351601869  -0.645394218549
-0.6  0.8  -0.2  0.330786310661  0.169213689339  0.5             -0.4  1.4  -2.77555756156e-17  0.338427378678  70.0    165.778656439  -0.973569978056  -0.647368308206
-0.6  0.8  -0.2  0.331034043128  0.168965956872  0.5             -0.4  1.4  5.55111512313e-17   0.337931913744  80.0    145.056324384  -0.974712301113  -0.647816980355
-0.6  0.8  -0.2  0.331134754187  0.168865245813  0.5             -0.4  1.4  -2.77555756156e-17  0.337730491626  90.0    128.938955008  -0.975128961412  -0.647951649688
-0.6  0.8  -0.2  0.331791189428  0.168208810572  0.5             -0.4  1.4  0.0                 0.336417621143  100.0   116.045059507  -0.977050051998  -0.648034721599
-0.6  0.8  -0.2  0.331906407344  0.168093592656  0.5             -0.4  1.4  2.77555756156e-17   0.336187185313  110.0   105.495508643  -0.97740361607   -0.648065675508
-0.6  0.8  -0.2  0.33215135003   0.16784864997   0.5             -0.4  1.4  2.77555756156e-17   0.335697299939  120.0   96.7042162563  -0.978212897403  -0.648189117318
-0.6  0.8  -0.2  0.331639564884  0.168360435116  0.5             -0.4  1.4  2.77555756156e-17   0.336720870233  130.0   89.2654303904  -0.977004390636  -0.648413608962
-0.6  0.8  -0.2  0.33085493925   0.16914506075   0.5             -0.4  1.4  -5.55111512313e-17  0.3382901215    140.0   82.8893282196  -0.97478695151   -0.64839312161
-0.6  0.8  -0.2  0.330421407433  0.169578592567  0.5             -0.4  1.4  0.0                 0.339157185134  150.0   77.363373005   -0.973544231196  -0.648364290384
-0.6  0.8  -0.2  0.330490733467  0.169509266533  0.5             -0.4  1.4  2.77555756156e-17   0.339018533067  160.0   72.5281621922  -0.973765130389  -0.648391076683
-0.6  0.8  -0.2  0.329681976236  0.170318023764  0.5             -0.4  1.4  0.0                 0.340636047529  170.0   68.2617997103  -0.972069878679  -0.648960345219
-0.6  0.8  -0.2  0.329536349718  0.170463650282  0.5             -0.4  1.4  0.0                 0.340927300564  180.0   64.4694775042  -0.97202023009   -0.64931845088
-0.6  0.8  -0.2  0.329251931644  0.170748068356  0.5             -0.4  1.4  2.77555756156e-17   0.341496136713  190.0   61.0763471092  -0.971349061299  -0.649443652696
-0.6  0.8  -0.2  0.329622832899  0.170377167101  0.5             -0.4  1.4  -9.99200722163e-16  0.340754334202  200.0   58.0225297537  -0.972704248931  -0.649760316814
-0.6  0.8  -0.2  0.329734703078  0.170265296922  0.5             -0.4  1.4  8.32667268469e-17   0.340530593844  210.0   55.2595521464  -0.973272117524  -0.650014948905
-0.6  0.8  -0.2  0.329873773613  0.170126226387  0.5             -0.4  1.4  -2.77555756156e-17  0.340252452775  220.0   52.7477543216  -0.973657927759  -0.650011361644
-0.6  0.8  -0.2  0.32985312924   0.17014687076   0.5             -0.4  1.4  2.77555756156e-17   0.340293741519  230.0   50.4543736989  -0.973574736056  -0.649985974182
-0.6  0.8  -0.2  0.330077009088  0.169922990912  0.5             -0.4  1.4  0.0                 0.339845981824  240.0   48.3521081281  -0.974170695581  -0.649955070135
-0.6  0.8  -0.2  0.329891209738  0.170108790262  0.5             -0.4  1.4  0.0                 0.340217580524  250.0   46.418023803   -0.973642818722  -0.649947431456
-0.6  0.8  -0.2  0.329604280862  0.170395719138  0.5             -0.4  1.4  -2.77555756156e-17  0.340791438277  260.0   44.6327151952  -0.972803714007  -0.649911727595
-0.6  0.8  -0.2  0.329258766605  0.170741233395  0.5             -0.4  1.4  -2.77555756156e-17  0.34148246679   270.0   42.9796516694  -0.97221076338   -0.650286216887
-0.6  0.8  -0.2  0.327401610038  0.172598389962  0.5             -0.4  1.4  5.55111512313e-17   0.345196779924  280.0   41.4446641098  -0.968557432732  -0.651832924626
-0.6  0.8  -0.2  0.325737087782  0.174262912218  0.5             -0.4  1.4  0.0                 0.348525824436  290.0   40.0155377612  -0.964306626964  -0.652242781175
-0.6  0.8  -0.2  0.325961107119  0.174038892881  0.5             -0.4  1.4  -5.55111512313e-17  0.348077785763  300.0   38.6816865025  -0.964838573828  -0.652147473896
-0.6  0.8  -0.2  0.326004767176  0.173995232824  0.5             -0.4  1.4  -2.77555756156e-17  0.347990465648  310.0   37.4338901637  -0.964916442275  -0.652103094182
-0.6  0.8  -0.2  0.326271330658  0.173728669342  0.5             -0.4  1.4  8.32667268469e-17   0.347457338684  320.0   36.2640810961  -0.965553657783  -0.65199393194
-0.6  0.8  -0.2  0.327843232217  0.172156767783  0.5             -0.4  1.4  -8.32667268469e-17  0.344313535566  330.0   35.1651695477  -0.969636708276  -0.651675658069
-0.6  0.8  -0.2  0.330384303358  0.169615696642  0.5             -0.4  1.4  5.55111512313e-17   0.339231393283  340.0   34.1308998551  -0.976166219979  -0.651090170575
-0.6  0.8  -0.2  0.328603865742  0.171396134258  0.5             -0.4  1.4  -2.77555756156e-17  0.342792268515  350.0   33.1557312879  -0.97144468156   -0.651353857482
-0.6  0.8  -0.2  0.330361985118  0.169638014882  0.5             -0.4  1.4  0.0                 0.339276029764  360.0   32.2347387521  -0.975916899646  -0.650903341315
-0.6  0.8  -0.2  0.330476505588  0.169523494412  0.5             -0.4  1.4  -2.77555756156e-17  0.339046988823  370.0   31.3635295966  -0.976209544023  -0.650875328375
-0.6  0.8  -0.2  0.331153166735  0.168846833265  0.5             -0.4  1.4  -8.32667268469e-17  0.33769366653   380.0   30.5381735546  -0.977935544601  -0.650706677743
-0.6  0.8  -0.2  0.331021489118  0.168978510882  0.5             -0.4  1.4  0.0                 0.337957021765  390.0   29.7551434635  -0.977530555083  -0.650670385553
-0.6  0.8  -0.2  0.330728283236  0.169271716764  0.5             -0.4  1.4  -5.55111512313e-17  0.338543433527  400.0   29.0112648769  -0.976634072065  -0.650594879004
-0.6  0.8  -0.2  0.330997636498  0.169002363502  0.5             -0.4  1.4  -8.32667268469e-17  0.338004727003  410.0   28.3036730506  -0.977309972592  -0.650516590396
-0.6  0.8  -0.2  0.330986756356  0.169013243644  0.5             -0.4  1.4  -5.55111512313e-17  0.338026487288  420.0   27.6297760732  -0.9771851726    -0.650422254803
-0.6  0.8  -0.2  0.331125826891  0.168874173109  0.5             -0.4  1.4  -2.77555756156e-17  0.337748346218  430.0   26.9872231413  -0.977470881532  -0.650318566238
-0.6  0.8  -0.2  0.331565217246  0.168434782754  0.5             -0.4  1.4  8.32667268469e-17   0.336869565508  440.0   26.3738771608  -0.978588113735  -0.650205505447
-0.6  0.8  -0.2  0.331320832515  0.168679167485  0.5             -0.4  1.4  5.55111512313e-17   0.33735833497   450.0   25.7877910017  -0.977872151457  -0.650173820415
-0.6  0.8  -0.2  0.331291818803  0.168708181197  0.5             -0.4  1.4  0.0                 0.337416362395  460.0   25.2271868495  -0.977689911241  -0.650072818593
-0.6  0.8  -0.2  0.331262247134  0.168737752866  0.5             -0.4  1.4  -5.55111512313e-17  0.337475505731  470.0   24.6904381931  -0.977478231166  -0.64994393919
-0.6  0.8  -0.2  0.331389879571  0.168610120429  0.5             -0.4  1.4  -2.77555756156e-17  0.337220240858  480.0   24.1760540641  -0.977766364947  -0.649874702149
-0.6  0.8  -0.2  0.331623523648  0.168376476352  0.5             -0.4  1.4  8.32667268469e-17   0.336752952703  490.0   23.6826652056  -0.978329828467  -0.649783962251
-0.6  0.8  -0.2  0.331405781317  0.168594218683  0.5             -0.4  1.4  0.0                 0.337188437366  500.0   23.2090119015  -0.977656749737  -0.64972056205
-0.6  0.8  -0.2  0.331702613912  0.168297386088  0.5             -0.4  1.4  -2.77555756156e-17  0.336594772175  510.0   22.7539332368  -0.978393351732  -0.649626032778
-0.6  0.8  -0.2  0.331745716014  0.168254283986  0.5             -0.4  1.4  2.77555756156e-17   0.336508567972  520.0   22.3163575976  -0.978392724216  -0.649504719377
-0.6  0.8  -0.2  0.331569959872  0.168430040128  0.5             -0.4  1.4  0.0                 0.336860080256  530.0   21.8952942467  -0.977862885309  -0.649466997668
-0.6  0.8  -0.2  0.331605669056  0.168394330944  0.5             -0.4  1.4  -2.77555756156e-17  0.336788661888  540.0   21.4898258347  -0.977873033804  -0.649377160446
-0.6  0.8  -0.2  0.331639146417  0.168360853583  0.5             -0.4  1.4  -2.77555756156e-17  0.336721707167  550.0   21.0991017286  -0.977860643192  -0.649271033225
-0.6  0.8  -0.2  0.33170428778   0.16829571222   0.5             -0.4  1.4  -2.77555756156e-17  0.336591424439  560.0   20.7223320549  -0.977950719451  -0.649178713666
-0.6  0.8  -0.2  0.331702613912  0.168297386088  0.5             -0.4  1.4  -2.77555756156e-17  0.336594772175  570.0   20.3587823697  -0.977859714649  -0.649092395695
-0.6  0.8  -0.2  0.331671786843  0.168328213157  0.5             -0.4  1.4  0.0                 0.336656426314  580.0   20.0077688806  -0.977683530843  -0.649002527683
-0.6  0.8  -0.2  0.331680435161  0.168319564839  0.5             -0.4  1.4  0.0                 0.336639129678  590.0   19.6686541538  -0.977614490847  -0.648909272396
-0.6  0.8  -0.2  0.331572610163  0.168427389837  0.5             -0.4  1.4  2.77555756156e-17   0.336854779674  600.0   19.3408432512  -0.977272546523  -0.648869238067
-0.6  0.8  -0.2  0.33150593442   0.16849406558   0.5             -0.4  1.4  2.77555756156e-17   0.33698813116   610.0   19.0237802471  -0.976932247257  -0.64871563088
-0.6  0.8  -0.2  0.331559219219  0.168440780781  0.5             -0.4  1.4  8.32667268469e-17   0.336881561563  620.0   18.7169450819  -0.976996448017  -0.648630634204
-0.6  0.8  -0.2  0.331489056251  0.168510943749  0.5             -0.4  1.4  -5.55111512313e-17  0.337021887498  630.0   18.4198507155  -0.976702790307  -0.648533432804
-0.6  0.8  -0.2  0.331655885097  0.168344114903  0.5             -0.4  1.4  -2.77555756156e-17  0.336688229806  640.0   18.132040548   -0.977088930232  -0.648452451961
-0.6  0.8  -0.2  0.331595207381  0.168404792619  0.5             -0.4  1.4  -2.77555756156e-17  0.336809585238  650.0   17.8530860781  -0.976821438133  -0.648354857465
-0.6  0.8  -0.2  0.331506352887  0.168493647113  0.5             -0.4  1.4  -2.77555756156e-17  0.336987294226  660.0   17.5825847739  -0.976510061636  -0.648292273552
-0.6  0.8  -0.2  0.331482500268  0.168517499732  0.5             -0.4  1.4  0.0                 0.337034999464  670.0   17.3201581354  -0.976312755522  -0.648161754772
-0.6  0.8  -0.2  0.331468969835  0.168531030165  0.5             -0.4  1.4  0.0                 0.337062060331  680.0   17.0654499276  -0.976161960389  -0.648048844852
-0.6  0.8  -0.2  0.331406897229  0.168593102771  0.5             -0.4  1.4  -9.99200722163e-16  0.337186205542  690.0   16.8181245663  -0.975890742936  -0.647951430695
-0.6  0.8  -0.2  0.331436747875  0.168563252125  0.5             -0.4  1.4  2.77555756156e-17   0.337126504249  700.0   16.5778656439  -0.975838909346  -0.647816015295
-0.6  0.8  -0.2  0.331372443446  0.168627556554  0.5             -0.4  1.4  5.55111512313e-17   0.337255113109  710.0   16.3443745785  -0.975554620002  -0.647711778354
-0.6  0.8  -0.2  0.33146408772   0.16853591228   0.5             -0.4  1.4  0.0                 0.337071824561  720.0   16.117369376   -0.975717186077  -0.647617740462
-0.6  0.8  -0.2  0.33123769707   0.16876230293   0.5             -0.4  1.4  -5.55111512313e-17  0.33752460586   730.0   15.8965834942  -0.974975699491  -0.647510147694
-0.6  0.8  -0.2  0.331265176403  0.168734823597  0.5             -0.4  1.4  8.32667268469e-17   0.337469647193  740.0   15.6817647983  -0.974902866755  -0.647360372825
-0.6  0.8  -0.2  0.33132013507   0.16867986493   0.5             -0.4  1.4  2.77555756156e-17   0.33735972986   750.0   15.472674601   -0.974969015229  -0.647272637033
-0.6  0.8  -0.2  0.331178693222  0.168821306778  0.5             -0.4  1.4  -2.77555756156e-17  0.337642613555  760.0   15.2690867773  -0.974490379441  -0.647190038418
-0.6  0.8  -0.2  0.331210915182  0.168789084818  0.5             -0.4  1.4  -5.55111512313e-17  0.337578169636  770.0   15.070786949   -0.97444169975   -0.647051137241
-0.6  0.8  -0.2  0.331163767899  0.168836232101  0.5             -0.4  1.4  0.0                 0.337672464202  780.0   14.8775717317  -0.97417690314   -0.646918353022
-0.6  0.8  -0.2  0.331111459524  0.168888679965  0.499999860511  -0.4  1.4  2.78978003837e-07   0.337777359931  790.0   14.6892480389  -0.973874756882  -0.646762949193
-0.6  0.8  -0.2  0.331126245358  0.168873754642  0.5             -0.4  1.4  0.0                 0.337747509284  800.0   14.5056324384  -0.973788467846  -0.646634980844
-0.6  0.8  -0.2  0.331082166833  0.168917833167  0.5             -0.4  1.4  -8.32667268469e-17  0.337835666333  810.0   14.3265505565  -0.973538432882  -0.646508365749
-0.6  0.8  -0.2  0.331010748465  0.168989251535  0.5             -0.4  1.4  -2.77555756156e-17  0.337978503071  820.0   14.1518365253  -0.973273410287  -0.646443314586
-0.6  0.8  -0.2  0.331018838827  0.168981161173  0.5             -0.4  1.4  9.71445146547e-16   0.337962322347  830.0   13.9813324708  -0.973199848511  -0.646347099797
-0.6  0.8  -0.2  0.330977131615  0.169022868385  0.5             -0.4  1.4  0.0                 0.33804573677   840.0   13.8148880366  -0.972834947758  -0.646098979236
-0.6  0.8  -0.2  0.330875723111  0.169124276889  0.5             -0.4  1.4  8.32667268469e-17   0.338248553778  850.0   13.6523599421  -0.972466489177  -0.646014464466
-0.6  0.8  -0.2  0.330812116126  0.169187883874  0.5             -0.4  1.4  2.77555756156e-17   0.338375767747  860.0   13.4936115706  -0.97212238557   -0.645848460417
-0.6  0.8  -0.2  0.330844198597  0.169155801403  0.5             -0.4  1.4  -8.32667268469e-17  0.338311602807  870.0   13.3385125871  -0.972126940993  -0.645763184922
-0.6  0.8  -0.2  0.330714055358  0.169285944642  0.5             -0.4  1.4  2.77555756156e-17   0.338571889284  880.0   13.1869385804  -0.971510443149  -0.645511088146
-0.6  0.8  -0.2  0.330750601477  0.16924981699   0.499999581533  -0.4  1.4  8.36934009707e-07   0.338499633981  890.0   13.0387707312  -0.971538272982  -0.645437425782
-0.6  0.8  -0.2  0.330720471852  0.169279667637  0.499999860511  -0.4  1.4  2.7897800392e-07    0.338559335274  900.0   12.8938955008  -0.971283602131  -0.645266559923
-0.6  0.8  -0.2  0.33071238149   0.16928761851   0.5             -0.4  1.4  -5.55111512313e-17  0.33857523702   910.0   12.7522043415  -0.971048543062  -0.645053874889
-0.6  0.8  -0.2  0.330683228289  0.169316771711  0.5             -0.4  1.4  2.77555756156e-17   0.338633543422  920.0   12.6135934247  -0.970880306259  -0.644967267051
-0.6  0.8  -0.2  0.330491849379  0.169508429599  0.499999721022  -0.4  1.4  5.5795600587e-07    0.339016859199  930.0   12.4779633879  -0.970097191859  -0.644720571555
-0.6  0.8  -0.2  0.330653796109  0.169346203891  0.5             -0.4  1.4  5.55111512313e-17   0.338692407781  940.0   12.3452190965  -0.970489611031  -0.644658981925
-0.6  0.8  -0.2  0.330524768783  0.169475510195  0.499999721022  -0.4  1.4  5.5795600587e-07    0.33895102039   950.0   12.2152694218  -0.969890403877  -0.64442160924
-0.6  0.8  -0.2  0.330552806072  0.169447193928  0.5             -0.4  1.4  -8.32667268469e-17  0.338894387855  960.0   12.088027032   -0.969746228814  -0.644198371811
-0.6  0.8  -0.2  0.330376631463  0.169624065982  0.499999302555  -0.4  1.4  1.39489001552e-06   0.339248131963  970.0   11.9634081967  -0.969096005601  -0.644042832394
-0.6  0.8  -0.2  0.330372586282  0.169627413718  0.5             -0.4  1.4  -5.55111512313e-17  0.339254827435  980.0   11.8413326028  -0.968942137564  -0.643898895974
-0.6  0.8  -0.2  0.330351523443  0.169648476557  0.5             -0.4  1.4  5.55111512313e-17   0.339296953114  990.0   11.7217231826  -0.96857421623   -0.643589950589
-0.6  0.8  -0.2  0.330243558956  0.169756441044  0.5             -0.4  1.4  -5.55111512313e-17  0.339512882088  1000.0  11.6045059507  -0.968049262388  -0.643367297312
-0.6  0.8  -0.2  0.330263784861  0.169736215139  0.5             -0.4  1.4  -5.55111512313e-17  0.339472430278  1010.0  11.4896098522  -0.967991976693  -0.643253379082
-0.6  0.8  -0.2  0.330100303751  0.16990095165   0.499998744599  -0.4  1.4  2.51080202823e-06   0.3398019033    1020.0  11.3769666184  -0.967379057701  -0.643100717999
-0.6  0.8  -0.2  0.330126946151  0.169874169761  0.499998884088  -0.4  1.4  2.23182402539e-06   0.339748339523  1030.0  11.2665106318  -0.967273746141  -0.642920528744
-0.6  0.8  -0.2  0.330100722218  0.16989955676   0.499999721022  -0.4  1.4  5.57956006758e-07   0.339799113519  1040.0  11.1581787988  -0.966850995635  -0.64256953138
-0.6  0.8  -0.2  0.330030838228  0.169969161772  0.5             -0.4  1.4  2.77555756156e-17   0.339938323543  1050.0  11.0519104293  -0.966547853754  -0.642461506714
-0.6  0.8  -0.2  0.329953979789  0.170047973057  0.499998047154  -0.4  1.4  3.90569204389e-06   0.340095946115  1060.0  10.9476471233  -0.966062315347  -0.642195077631
-0.6  0.8  -0.2  0.329885072222  0.170115625223  0.499999302555  -0.4  1.4  1.39489001552e-06   0.340231250446  1070.0  10.8453326643  -0.965557566717  -0.641880759386
-0.6  0.8  -0.2  0.329861917048  0.170138640908  0.499999442044  -0.4  1.4  1.11591201177e-06   0.340277281817  1080.0  10.7449129174  -0.96525798186   -0.641645730039
-0.6  0.8  -0.2  0.329850618438  0.170152171342  0.49999721022   -0.4  1.4  5.5795600625e-06    0.340304342683  1090.0  10.6463357346  -0.965027633843  -0.641451481775
-0.6  0.8  -0.2  0.329755486939  0.170245489484  0.499999023577  -0.4  1.4  1.95284602236e-06   0.340490978967  1100.0  10.5495508643  -0.964507250507  -0.641193839923
-0.6  0.8  -0.2  0.32968281317   0.170319000187  0.499998186643  -0.4  1.4  3.62671404103e-06   0.340638000375  1110.0  10.4545098655  -0.963874554179  -0.640766304018
-0.6  0.8  -0.2  0.329659100039  0.17034243434   0.499998465621  -0.4  1.4  3.06875803527e-06   0.340684868679  1120.0  10.3611660275  -0.963600981408  -0.640558570056
-0.6  0.8  -0.2  0.329509986297  0.170490990126  0.499999023577  -0.4  1.4  1.9528460215e-06    0.340981980253  1130.0  10.2694742927  -0.963002606432  -0.640376597647
-0.6  0.8  -0.2  0.329514728923  0.170487921368  0.499997349709  -0.4  1.4  5.3005820605e-06    0.340975842737  1140.0  10.1793911849  -0.962676586884  -0.640040646482
-0.6  0.8  -0.2  0.329453772229  0.170549714996  0.499996512775  -0.4  1.4  6.97445007811e-06   0.341099429992  1150.0  10.0908747398  -0.962260040068  -0.639796452277
-0.6  0.8  -0.2  0.329397139694  0.170604255196  0.49999860511   -0.4  1.4  2.78978003129e-06   0.341208510391  1160.0  10.0038844403  -0.961771529823  -0.639462328459
-0.6  0.8  -0.2  0.329307727244  0.170693807135  0.499998465621  -0.4  1.4  3.06875803527e-06   0.341387614269  1170.0  9.91838115449  -0.96144773462   -0.639389167093
-0.6  0.8  -0.2  0.329249560331  0.170753926894  0.499996512775  -0.4  1.4  6.97445007813e-06   0.341507853789  1180.0  9.83432707691  -0.960782859359  -0.638891064883
-0.6  0.8  -0.2  0.329229194936  0.170773873822  0.499996931242  -0.4  1.4  6.13751606823e-06   0.341547747643  1190.0  9.7516856729   -0.960465182955  -0.638629574649
-0.6  0.8  -0.2  0.329073246233  0.17093191486   0.499994838907  -0.4  1.4  1.03221861162e-05   0.341863829721  1200.0  9.67042162562  -0.959348536766  -0.6379537695
-0.6  0.8  -0.2  0.329081336595  0.170921871652  0.499996791753  -0.4  1.4  6.41649407226e-06   0.341843743305  1210.0  9.59050078574  -0.959137249413  -0.637715923441
-0.6  0.8  -0.2  0.329018427055  0.170985339148  0.499996233797  -0.4  1.4  7.53240608395e-06   0.341970678296  1220.0  9.51189012357  -0.95879846312   -0.637554399772
-0.6  0.8  -0.2  0.328909486145  0.171092327212  0.499998186643  -0.4  1.4  3.62671404108e-06   0.342184654424  1230.0  9.43455768354  -0.958088732613  -0.637145798121
-0.6  0.8  -0.2  0.328835277996  0.171170162075  0.499994559929  -0.4  1.4  1.08801421231e-05   0.34234032415   1240.0  9.35847254093  -0.957538815981  -0.636810917734
-0.6  0.8  -0.2  0.328657011052  0.171347592085  0.499995396863  -0.4  1.4  9.2062741035e-06    0.34269518417   1250.0  9.2836047606   -0.95640059961   -0.636170174939
-0.6  0.8  -0.2  0.328624510115  0.171381208934  0.499994280951  -0.4  1.4  1.14380981278e-05   0.342762417869  1260.0  9.20992535774  -0.956071644     -0.635934453777
-0.6  0.8  -0.2  0.328580152612  0.171427798261  0.499992049127  -0.4  1.4  1.59017461798e-05   0.342855596522  1270.0  9.13740626043  -0.955431379815  -0.635422854247
-0.6  0.8  -0.2  0.328455728423  0.171552780406  0.499991491171  -0.4  1.4  1.70176581915e-05   0.343105560813  1280.0  9.06602027402  -0.954567688587  -0.634908666661
-0.6  0.8  -0.2  0.328357807144  0.171651259641  0.499990933215  -0.4  1.4  1.8133570204e-05    0.343302519283  1290.0  8.99574104709  -0.953707784702  -0.63432405827
-0.6  0.8  -0.2  0.328327677519  0.171683342112  0.499988980369  -0.4  1.4  2.2039262248e-05    0.343366684224  1300.0  8.92654303904  -0.953240333186  -0.633944875394
-0.6  0.8  -0.2  0.328278158924  0.171730489394  0.499991351682  -0.4  1.4  1.72966361953e-05   0.343460978789  1310.0  8.85840148912  -0.952887210235  -0.633725661884
-0.6  0.8  -0.2  0.327998204498  0.172013791557  0.499988003946  -0.4  1.4  2.39921082695e-05   0.344027583113  1320.0  8.79129238693  -0.95133550882   -0.632964528335
-0.6  0.8  -0.2  0.328063345861  0.171946976325  0.499989677814  -0.4  1.4  2.06443722323e-05   0.34389395265   1330.0  8.72519244417  -0.95120857522   -0.632651851181
-0.6  0.8  -0.2  0.327970585675  0.172045874027  0.499983540298  -0.4  1.4  3.29194043711e-05   0.344091748054  1340.0  8.66007906772  -0.950598671934  -0.632313951448
-0.6  0.8  -0.2  0.327884799939  0.172133612609  0.499981587452  -0.4  1.4  3.68250964141e-05   0.344267225218  1350.0  8.59593033389  -0.949315492328  -0.631274877594
-0.6  0.8  -0.2  0.327707788396  0.172306439482  0.499985772122  -0.4  1.4  2.84557563202e-05   0.344612878964  1360.0  8.53272496379  -0.948385043885  -0.630831692132
-0.6  0.8  -0.2  0.327659246224  0.172360003258  0.499980750518  -0.4  1.4  3.84989644338e-05   0.344720006517  1370.0  8.47044229982  -0.947439591196  -0.630032200734
-0.6  0.8  -0.2  0.327489767087  0.172530598307  0.499979634606  -0.4  1.4  4.0730788459e-05    0.345061196615  1380.0  8.40906228315  -0.94632396664   -0.629393349585
-0.6  0.8  -0.2  0.327310384231  0.172708167806  0.499981447963  -0.4  1.4  3.71040744179e-05   0.345416335613  1390.0  8.34856543219  -0.945623128526  -0.629191156754
-0.6  0.8  -0.2  0.327303828248  0.172720442839  0.499975728914  -0.4  1.4  4.8542172547e-05    0.345440885677  1400.0  8.28893282196  -0.945283207687  -0.628881030766
-0.6  0.8  -0.2  0.327164757713  0.172864953444  0.499970288843  -0.4  1.4  5.94223146689e-05   0.345729906888  1410.0  8.23014606436  -0.943954700027  -0.627952800744
-0.6  0.8  -0.2  0.327079529933  0.172949902246  0.499970567821  -0.4  1.4  5.88643586631e-05   0.345899804492  1420.0  8.17218728926  -0.942681199185  -0.626917379731
-0.6  0.8  -0.2  0.32696682282   0.173058424689  0.499974752491  -0.4  1.4  5.04950185682e-05   0.346116849379  1430.0  8.1150391264   -0.941905798693  -0.626449189816
-0.6  0.8  -0.2  0.326669990225  0.173360278889  0.499969730887  -0.4  1.4  6.05382266817e-05   0.346720557777  1440.0  8.05868468802  -0.939944266143  -0.625328831741
-0.6  0.8  -0.2  0.326732341808  0.173303506865  0.499964151327  -0.4  1.4  7.16973468076e-05   0.34660701373   1450.0  8.00310755224  -0.939913491227  -0.625134631511
-0.6  0.8  -0.2  0.326429371697  0.173602152817  0.499968475486  -0.4  1.4  6.30490287109e-05   0.347204305635  1460.0  7.94829174709  -0.938137537474  -0.624198345752
-0.6  0.8  -0.2  0.32639687076   0.173642604628  0.499960524613  -0.4  1.4  7.89507748886e-05   0.347285209256  1470.0  7.8942217352   -0.937868052499  -0.624035765147
-0.6  0.8  -0.2  0.326282350289  0.173763123125  0.499954526585  -0.4  1.4  9.09468290245e-05   0.347526246251  1480.0  7.84088239916  -0.936628177844  -0.623128543864
-0.6  0.8  -0.2  0.326264495697  0.17378334903   0.499952155272  -0.4  1.4  9.56894550781e-05   0.347566698061  1490.0  7.78825902735  -0.93630798987   -0.622863091373
-0.6  0.8  -0.2  0.326128772899  0.173915584604  0.499955642498  -0.4  1.4  8.8715005e-05       0.347831169208  1500.0  7.7363373005   -0.935358441607  -0.622286592496
-0.6  0.8  -0.2  0.325918562973  0.17413402438   0.499947412646  -0.4  1.4  0.000105174707185   0.348268048761  1510.0  7.68510327864  -0.933459789289  -0.620992987671
-0.6  0.8  -0.2  0.325777539593  0.174287462282  0.499934998125  -0.4  1.4  0.000130003749465   0.348574924564  1520.0  7.63454338865  -0.932760747993  -0.620713640883
-0.6  0.8  -0.2  0.325866673065  0.174186890712  0.499946436223  -0.4  1.4  0.000107127553207   0.348373781424  1530.0  7.58464441225  -0.933238195663  -0.620918638635
-0.6  0.8  -0.2  0.325617545708  0.174454988573  0.499927465719  -0.4  1.4  0.000145068561634   0.348909977146  1540.0  7.53539347451  -0.931242070586  -0.619658011166
-0.6  0.8  -0.2  0.325473732547  0.174585829257  0.499940438196  -0.4  1.4  0.000119123607342   0.349171658513  1550.0  7.48677803274  -0.930804114139  -0.619596786614
-0.6  0.8  -0.2  0.325391434036  0.174686679805  0.499921886159  -0.4  1.4  0.00015622768176    0.349373359609  1560.0  7.43878586587  -0.929839291757  -0.618899504137
-0.6  0.8  -0.2  0.325331453766  0.174751681679  0.499916864555  -0.4  1.4  0.000166270889873   0.349503363359  1570.0  7.39140506417  -0.928997309634  -0.618235509981
-0.6  0.8  -0.2  0.325116082747  0.174960078248  0.499923839005  -0.4  1.4  0.000152321989715   0.349920156496  1580.0  7.34462401946  -0.928236632306  -0.618063922603
-0.6  0.8  -0.2  0.325315273041  0.174780555903  0.499904171056  -0.4  1.4  0.000191657888159   0.349561111805  1590.0  7.29843141557  -0.928221974653  -0.617530868025
-0.6  0.8  -0.2  0.324967666449  0.175123698847  0.499908634704  -0.4  1.4  0.000182730592059   0.350247397693  1600.0  7.25281621922  -0.926702209929  -0.616975474462
-0.6  0.8  -0.2  0.324961389444  0.175133742055  0.499904868501  -0.4  1.4  0.000190262998143   0.350267484109  1610.0  7.20776767127  -0.926198327584  -0.616496700138
-0.6  0.8  -0.2  0.324815204971  0.175300570901  0.499884224129  -0.4  1.4  0.000231551742608   0.350601141801  1620.0  7.16327527824  -0.924995232709  -0.615744210534
-0.6  0.8  -0.2  0.324586024541  0.175534633445  0.499879342014  -0.4  1.4  0.000241315972718   0.35106926689   1630.0  7.11932880414  -0.924022086024  -0.615422533282
-0.6  0.8  -0.2  0.324598439062  0.175514965496  0.499886595442  -0.4  1.4  0.000226809116555   0.351029930992  1640.0  7.07591826265  -0.923755062872  -0.615106242614
-0.6  0.8  -0.2  0.32440873402   0.17570718134   0.49988408464   -0.4  1.4  0.000231830720611   0.35141436268   1650.0  7.03303390954  -0.922612774857  -0.614500150321
-0.6  0.8  -0.2  0.324415011025  0.175709413164  0.499875575811  -0.4  1.4  0.000248848378803   0.351418826328  1660.0  6.99066623539  -0.922450558872  -0.61433737638
-0.6  0.8  -0.2  0.324228793208  0.175900094629  0.499871112163  -0.4  1.4  0.000257775674904   0.351800189259  1670.0  6.94880595853  -0.921493789186  -0.613910943878
-0.6  0.8  -0.2  0.324138543824  0.17600903554   0.499852420636  -0.4  1.4  0.000295158727324   0.352018071079  1680.0  6.9074440183   -0.920593790491  -0.61330102651
-0.6  0.8  -0.2  0.324124734413  0.176029261445  0.499846004142  -0.4  1.4  0.00030799171547    0.35205852289   1690.0  6.86657156849  -0.92018474239   -0.612943477749
-0.6  0.8  -0.2  0.323905178724  0.176251606913  0.499843214362  -0.4  1.4  0.000313571275531   0.352503213827  1700.0  6.82617997103  -0.919093227901  -0.612472298748
-0.6  0.8  -0.2  0.323880489171  0.176301822954  0.499817687875  -0.4  1.4  0.000364624250106   0.352603645908  1710.0  6.78626078991  -0.918840900845  -0.612340155416
-0.6  0.8  -0.2  0.32372830667   0.176454144944  0.499817548386  -0.4  1.4  0.000364903228109   0.352908289887  1720.0  6.74680578532  -0.917876672546  -0.611802317097
-0.6  0.8  -0.2  0.323522141926  0.176655567062  0.499822291012  -0.4  1.4  0.000355417976004   0.353311134124  1730.0  6.70780690795  -0.916807428126  -0.611300848709
-0.6  0.8  -0.2  0.323649495385  0.176538954257  0.499811550359  -0.4  1.4  0.000376899282246   0.353077908513  1740.0  6.66925629353  -0.917039973971  -0.611198286177
-0.6  0.8  -0.2  0.32342240729   0.176785152344  0.499792440366  -0.4  1.4  0.000415119268676   0.353570304689  1750.0  6.63114625757  -0.915952494497  -0.610784873353
-0.6  0.8  -0.2  0.323243163923  0.17697290454   0.499783931537  -0.4  1.4  0.000432136926867   0.353945809081  1760.0  6.5934692902   -0.915100859817  -0.610452137759
-0.6  0.8  -0.2  0.323247488082  0.176995222781  0.499757289137  -0.4  1.4  0.000485421725468   0.353990445561  1770.0  6.55621805127  -0.91466359194   -0.610056047036
-0.6  0.8  -0.2  0.323173419422  0.177062595968  0.499763984609  -0.4  1.4  0.000472030781316   0.354125191937  1780.0  6.51938536559  -0.91415546113   -0.609741917529
-0.6  0.8  -0.2  0.323051366546  0.177190507383  0.499758126071  -0.4  1.4  0.000483747857449   0.354381014766  1790.0  6.4829642183   -0.913484489674  -0.609424411203
-0.6  0.8  -0.2  0.322948144685  0.177321208577  0.499730646738  -0.4  1.4  0.000538706524067   0.354642417155  1800.0  6.44694775042  -0.912666267364  -0.608950168771
-0.6  0.8  -0.2  0.322817304001  0.177441587586  0.499741108413  -0.4  1.4  0.000517783173832   0.354883175171  1810.0  6.41132925456  -0.912061207773  -0.608690539743
-0.6  0.8  -0.2  0.322735144979  0.177553876232  0.499710978789  -0.4  1.4  0.000578042422512   0.355107752464  1820.0  6.37610217074  -0.911346998739  -0.608266635219
-0.6  0.8  -0.2  0.322779223504  0.177501567856  0.49971920864   -0.4  1.4  0.000561582720326   0.355003135713  1830.0  6.34126008238  -0.911275913438  -0.608055670347
-0.6  0.8  -0.2  0.322514473379  0.177790868046  0.499694658576  -0.4  1.4  0.000610682848879   0.355581736091  1840.0  6.30679671236  -0.909897155731  -0.607467313119
-0.6  0.8  -0.2  0.32245700391   0.177865076194  0.499677919895  -0.4  1.4  0.000644160209256   0.355730152389  1850.0  6.27270591932  -0.909627416395  -0.607391965656
-0.6  0.8  -0.2  0.322451145372  0.17788809188   0.499660762748  -0.4  1.4  0.000678474503643   0.355776183759  1860.0  6.23898169395  -0.909211731457  -0.607026998919
-0.6  0.8  -0.2  0.322346110154  0.177995358922  0.499658530924  -0.4  1.4  0.000682938151692   0.355990717844  1870.0  6.20561815548  -0.908720118162  -0.606833947883
-0.6  0.8  -0.2  0.322215129981  0.178158840032  0.499626029987  -0.4  1.4  0.000747940026425   0.356317680064  1880.0  6.17260954827  -0.907789150861  -0.606334726939
-0.6  0.8  -0.2  0.322102980824  0.178271826123  0.499625193053  -0.4  1.4  0.000749613894443   0.356543652246  1890.0  6.13995023849  -0.907283822835  -0.606145090422
-0.6  0.8  -0.2  0.322088892435  0.178306698373  0.499604409192  -0.4  1.4  0.000791181616911   0.356613396747  1900.0  6.10763471092  -0.906787554497  -0.605729837296
-0.6  0.8  -0.2  0.322079686161  0.178343802448  0.499576511391  -0.4  1.4  0.00084697721754    0.356687604896  1910.0  6.07565756584  -0.906500878497  -0.605524734464
-0.6  0.8  -0.2  0.321834882963  0.17857674908   0.499588367956  -0.4  1.4  0.000823264087273   0.357153498161  1920.0  6.04401351602  -0.905676752317  -0.605362344107
-0.6  0.8  -0.2  0.321781877143  0.178645517158  0.499572605699  -0.4  1.4  0.000854788601628   0.357291034317  1930.0  6.01269738381  -0.905085845092  -0.604951377694
-0.6  0.8  -0.2  0.321762348682  0.178702010204  0.499535641114  -0.4  1.4  0.000928717772461   0.357404020408  1940.0  5.98170409833  -0.904650888361  -0.604645029823
-0.6  0.8  -0.2  0.321626486395  0.178843452051  0.499530061554  -0.4  1.4  0.000939876892586   0.357686904103  1950.0  5.95102869269  -0.903874049095  -0.604259764082
-0.6  0.8  -0.2  0.321658568865  0.178833129865  0.499508301269  -0.4  1.4  0.000983397461076   0.357666259731  1960.0  5.9206663014   -0.903728341373  -0.604067746011
-0.6  0.8  -0.2  0.321464260686  0.179048361395  0.499487377919  -0.4  1.4  0.00102524416155    0.35809672279   1970.0  5.89061215774  -0.902947957926  -0.603873272167
-0.6  0.8  -0.2  0.321276090023  0.179246993733  0.499476916244  -0.4  1.4  0.00104616751178    0.358493987466  1980.0  5.86086159129  -0.901955508692  -0.60342862414
-0.6  0.8  -0.2  0.321204811143  0.179335011293  0.499460177564  -0.4  1.4  0.00107964487216    0.358670022586  1990.0  5.8314100255   -0.901482420169  -0.60318859384
-0.6  0.8  -0.2  0.321040772077  0.179520252687  0.499438975236  -0.4  1.4  0.00112204952864    0.359040505374  2000.0  5.80225297537  -0.900606387287  -0.602814274999
-0.6  0.8  -0.2  0.321137577444  0.179440325489  0.499422097066  -0.4  1.4  0.00115580586702    0.358880650978  2010.0  5.77338604515  -0.900677166556  -0.602647755579
-0.6  0.8  -0.2  0.321061974405  0.17955331158   0.499384714014  -0.4  1.4  0.00123057197186    0.359106623161  2020.0  5.74480492611  -0.899915757408  -0.602172801045
-0.6  0.8  -0.2  0.320930296788  0.179720419404  0.499349283808  -0.4  1.4  0.00130143238466    0.359440838809  2030.0  5.71650539446  -0.89916259175   -0.601859193128
-0.6  0.8  -0.2  0.320825540548  0.179836892721  0.499337566732  -0.4  1.4  0.00132486653692    0.359673785441  2040.0  5.68848330919  -0.89878802084   -0.601801373843
-0.6  0.8  -0.2  0.320748961086  0.179934814     0.499316224914  -0.4  1.4  0.0013675501714     0.359869628     2050.0  5.66073461012  -0.898047043426  -0.601317502556
-0.6  0.8  -0.2  0.320568043851  0.180133027871  0.499298928278  -0.4  1.4  0.00140214344379    0.360266055742  2060.0  5.6332553159   -0.897278019534  -0.601089640195
-0.6  0.8  -0.2  0.320521872991  0.180238760534  0.499239366474  -0.4  1.4  0.00152126705113    0.360477521068  2070.0  5.6060415221   -0.896775707802  -0.600835730478
-0.6  0.8  -0.2  0.320571531076  0.180185475736  0.499242993188  -0.4  1.4  0.00151401362305    0.360370951471  2080.0  5.5790893994   -0.896601443606  -0.600515170217
-0.6  0.8  -0.2  0.320357973415  0.180432789735  0.49920923685   -0.4  1.4  0.00158152629981    0.360865579471  2090.0  5.55239519175  -0.895703414916  -0.600282615655
-0.6  0.8  -0.2  0.320503599932  0.180299019783  0.499197380285  -0.4  1.4  0.00160523943008    0.360598039566  2100.0  5.52595521464  -0.895887085595  -0.600082245215
-0.6  0.8  -0.2  0.320408328944  0.180444925279  0.499146745777  -0.4  1.4  0.00170650844522    0.360889850557  2110.0  5.49976585344  -0.895126833854  -0.599690021255
-0.6  0.8  -0.2  0.320242197543  0.180648858199  0.499108944258  -0.4  1.4  0.00178211148407    0.361297716398  2120.0  5.47382356168  -0.894333857243  -0.599437815606
-0.6  0.8  -0.2  0.320044820606  0.180872598557  0.499082580837  -0.4  1.4  0.00183483832667    0.361745197115  2130.0  5.44812485951  -0.893382890077  -0.599092230707
-0.6  0.8  -0.2  0.320020967987  0.180894498331  0.499084533683  -0.4  1.4  0.00183093263462    0.361788996661  2140.0  5.42266633213  -0.893048414808  -0.598820637079
-0.6  0.8  -0.2  0.320071323516  0.1809113765    0.499017299984  -0.4  1.4  0.00196540003214    0.361822753     2150.0  5.39744462826  -0.892706765405  -0.598472459592
-0.6  0.8  -0.2  0.31990309978   0.181080297681  0.499016602539  -0.4  1.4  0.00196679492215    0.362160595361  2160.0  5.37245645868  -0.891975677348  -0.598213792884
-0.6  0.8  -0.2  0.319747290566  0.181247266016  0.499005443419  -0.4  1.4  0.00198911316241    0.362494532031  2170.0  5.34769859482  -0.891316426908  -0.598013126486
-0.6  0.8  -0.2  0.319669595192  0.181342676493  0.498987728316  -0.4  1.4  0.0020245433688     0.362685352985  2180.0  5.32316786732  -0.890748480622  -0.597698157454
-0.6  0.8  -0.2  0.319774490921  0.181315894604  0.498909614475  -0.4  1.4  0.00218077105056    0.362631789209  2190.0  5.29886116473  -0.890688429494  -0.597500625966
-0.6  0.8  -0.2  0.319629561848  0.181468495572  0.49890194258   -0.4  1.4  0.00219611484074    0.362936991144  2200.0  5.27477543216  -0.889916928369  -0.597150270034
-0.6  0.8  -0.2  0.319510438241  0.181637556242  0.498852005517  -0.4  1.4  0.00229598896586    0.363275112484  2210.0  5.25090767002  -0.889163075705  -0.596829837596
-0.6  0.8  -0.2  0.31931082948   0.181860459666  0.498828710854  -0.4  1.4  0.00234257829239    0.363720919333  2220.0  5.22725493277  -0.888274823667  -0.596547079417
-0.6  0.8  -0.2  0.319356302894  0.181852369304  0.498791327801  -0.4  1.4  0.00241734439723    0.363704738609  2230.0  5.20381432769  -0.88803643574   -0.596256132034
-0.6  0.8  -0.2  0.319398289084  0.181857948864  0.498743762052  -0.4  1.4  0.0025124758963     0.363715897729  2240.0  5.18058301373  -0.887845213242  -0.596042479704
-0.6  0.8  -0.2  0.319144419101  0.182157989707  0.498697591192  -0.4  1.4  0.00260481761534    0.364315979414  2250.0  5.15755820033  -0.886631640449  -0.595632084582
-0.6  0.8  -0.2  0.319295067223  0.182022127419  0.498682805358  -0.4  1.4  0.00263438928367    0.364044254839  2260.0  5.13473714635  -0.886994539475  -0.595602740536
-0.6  0.8  -0.2  0.319097969263  0.18230277929   0.498599251446  -0.4  1.4  0.00280149710756    0.364605558581  2270.0  5.11211715892  -0.885805283014  -0.595132466184
-0.6  0.8  -0.2  0.318988191419  0.182391215317  0.498620593263  -0.4  1.4  0.00275881347308    0.364782430635  2280.0  5.08969559243  -0.885418484571  -0.595010362072
-0.6  0.8  -0.2  0.319026969362  0.182440594424  0.498532436214  -0.4  1.4  0.00293512757106    0.364881188848  2290.0  5.06746984749  -0.884928232309  -0.594587845668
-0.6  0.8  -0.2  0.318858885115  0.182606865314  0.498534249571  -0.4  1.4  0.00293150085702    0.365213730628  2300.0  5.04543736989  -0.884254615665  -0.594381238201
-0.6  0.8  -0.2  0.318844657236  0.182656941865  0.498498400898  -0.4  1.4  0.00300319820383    0.365313883731  2310.0  5.02359564968  -0.883785903103  -0.594024061045
-0.6  0.8  -0.2  0.318817317392  0.182726686366  0.498455996242  -0.4  1.4  0.00308800751678    0.365453372732  2320.0  5.00194222015  -0.883443872497  -0.593843391317
-0.6  0.8  -0.2  0.318553404201  0.183020310715  0.498426285084  -0.4  1.4  0.00314742983145    0.366040621429  2330.0  4.98047465697  -0.882407921071  -0.59360581914
-0.6  0.8  -0.2  0.31863877147   0.182986275398  0.498374953132  -0.4  1.4  0.00325009373661    0.365972550796  2340.0  4.95919057724  -0.882221902577  -0.593283436198
-0.6  0.8  -0.2  0.318431769792  0.183244609029  0.498323621179  -0.4  1.4  0.00335275764177    0.366489218058  2350.0  4.93808763862  -0.881155866536  -0.592899668762
-0.6  0.8  -0.2  0.318447532049  0.183308216014  0.498244251937  -0.4  1.4  0.00351149612555    0.366616432028  2360.0  4.91716353845  -0.880595465576  -0.592453871965
-0.6  0.8  -0.2  0.318491889551  0.183245724941  0.498262385507  -0.4  1.4  0.00347522898514    0.366491449882  2370.0  4.89641601298  -0.880906510301  -0.592604448543
-0.6  0.8  -0.2  0.318168275068  0.183673816687  0.498157908245  -0.4  1.4  0.0036841835095     0.367347633374  2380.0  4.87584283645  -0.879147567541  -0.591960580861
-0.6  0.8  -0.2  0.318227836872  0.183594726423  0.498177436705  -0.4  1.4  0.00364512658906    0.367189452846  2390.0  4.8554418204   -0.87940584613   -0.59201302948
-0.6  0.8  -0.2  0.318216398773  0.183700738064  0.498082863162  -0.4  1.4  0.00383427367519    0.367401476128  2400.0  4.83521081281  -0.878626609274  -0.591454966384
