#mu0            mu1              mu2             x0              x1                 x2              mua  mub   xa                 xb                 T       b              u               phi
0.533333333333  -0.666666666667  0.133333333333  0.5             0.0                0.5             0.4  -1.2  0.0                0.0                30.0    386.816865025  -1.31774118     -1.98440784667
0.533333333333  -0.666666666667  0.133333333333  0.5             0.0                0.5             0.4  -1.2  0.0                0.0                40.0    290.112648769  -1.31774118     -1.98440784667
0.533333333333  -0.666666666667  0.133333333333  0.5             0.0                0.5             0.4  -1.2  0.0                0.0                50.0    232.090119015  -1.31774118     -1.98440784667
0.533333333333  -0.666666666667  0.133333333333  0.5             0.0                0.5             0.4  -1.2  0.0                0.0                60.0    193.408432513  -1.31774118     -1.98440784667
0.533333333333  -0.666666666667  0.133333333333  0.5             0.0                0.5             0.4  -1.2  0.0                0.0                70.0    165.778656439  -1.31774118     -1.98440784667
0.533333333333  -0.666666666667  0.133333333333  0.5             0.0                0.5             0.4  -1.2  0.0                0.0                80.0    145.056324384  -1.31774118     -1.98440784667
0.533333333333  -0.666666666667  0.133333333333  0.5             0.0                0.5             0.4  -1.2  0.0                0.0                90.0    128.938955008  -1.31774118     -1.98440784667
0.533333333333  -0.666666666667  0.133333333333  0.5             0.0                0.5             0.4  -1.2  0.0                0.0                100.0   116.045059507  -1.31774118     -1.98440784667
0.533333333333  -0.666666666667  0.133333333333  0.5             0.0                0.5             0.4  -1.2  0.0                0.0                110.0   105.495508643  -1.31774118     -1.98440784667
0.533333333333  -0.666666666667  0.133333333333  0.5             0.0                0.5             0.4  -1.2  0.0                0.0                120.0   96.7042162563  -1.31774118     -1.98440784667
0.533333333333  -0.666666666667  0.133333333333  0.5             0.0                0.5             0.4  -1.2  0.0                0.0                130.0   89.2654303904  -1.31774118     -1.98440784667
0.533333333333  -0.666666666667  0.133333333333  0.5             0.0                0.5             0.4  -1.2  0.0                0.0                140.0   82.8893282196  -1.31774118     -1.98440784667
0.533333333333  -0.666666666667  0.133333333333  0.5             0.0                0.5             0.4  -1.2  0.0                0.0                150.0   77.363373005   -1.31774118     -1.98440784667
0.533333333333  -0.666666666667  0.133333333333  0.5             0.0                0.5             0.4  -1.2  0.0                0.0                160.0   72.5281621922  -1.31774118     -1.98440784667
0.533333333333  -0.666666666667  0.133333333333  0.5             0.0                0.5             0.4  -1.2  0.0                0.0                170.0   68.2617997103  -1.31774118     -1.98440784667
0.533333333333  -0.666666666667  0.133333333333  0.5             0.0                0.5             0.4  -1.2  0.0                0.0                180.0   64.4694775042  -1.31774118     -1.98440784667
0.533333333333  -0.666666666667  0.133333333333  0.5             0.0                0.5             0.4  -1.2  0.0                0.0                190.0   61.0763471092  -1.31774118     -1.98440784667
0.533333333333  -0.666666666667  0.133333333333  0.5             0.0                0.5             0.4  -1.2  0.0                0.0                200.0   58.0225297537  -1.31774118     -1.98440784667
0.533333333333  -0.666666666667  0.133333333333  0.5             0.0                0.5             0.4  -1.2  0.0                0.0                210.0   55.2595521464  -1.31774118     -1.98440784667
0.533333333333  -0.666666666667  0.133333333333  0.5             0.0                0.5             0.4  -1.2  0.0                0.0                220.0   52.7477543216  -1.31774118     -1.98440784667
0.533333333333  -0.666666666667  0.133333333333  0.5             0.0                0.5             0.4  -1.2  0.0                0.0                230.0   50.4543736989  -1.31774118     -1.98440784667
0.533333333333  -0.666666666667  0.133333333333  0.5             0.0                0.5             0.4  -1.2  0.0                0.0                240.0   48.3521081281  -1.31774118     -1.98440784667
0.533333333333  -0.666666666667  0.133333333333  0.5             0.0                0.5             0.4  -1.2  0.0                0.0                250.0   46.418023803   -1.31774118     -1.98440784667
0.533333333333  -0.666666666667  0.133333333333  0.5             0.0                0.5             0.4  -1.2  0.0                0.0                260.0   44.6327151952  -1.31774118     -1.98440784667
0.533333333333  -0.666666666667  0.133333333333  0.5             0.0                0.5             0.4  -1.2  0.0                0.0                270.0   42.9796516694  -1.31774118     -1.98440784667
0.533333333333  -0.666666666667  0.133333333333  0.5             0.0                0.5             0.4  -1.2  0.0                0.0                280.0   41.4446641098  -1.31774118     -1.98440784667
0.533333333333  -0.666666666667  0.133333333333  0.5             0.0                0.5             0.4  -1.2  0.0                0.0                290.0   40.0155377612  -1.31774118     -1.98440784667
0.533333333333  -0.666666666667  0.133333333333  0.5             0.0                0.5             0.4  -1.2  0.0                0.0                300.0   38.6816865025  -1.31774118     -1.98440784667
0.533333333333  -0.666666666667  0.133333333333  0.5             0.0                0.5             0.4  -1.2  0.0                0.0                310.0   37.4338901637  -1.31774118     -1.98440784667
0.533333333333  -0.666666666667  0.133333333333  0.5             0.0                0.5             0.4  -1.2  0.0                0.0                320.0   36.2640810961  -1.31774118     -1.98440784667
0.533333333333  -0.666666666667  0.133333333333  0.5             0.0                0.5             0.4  -1.2  0.0                0.0                330.0   35.1651695477  -1.31774118     -1.98440784667
0.533333333333  -0.666666666667  0.133333333333  0.5             0.0                0.5             0.4  -1.2  0.0                0.0                340.0   34.1308998551  -1.31774118     -1.98440784667
0.533333333333  -0.666666666667  0.133333333333  0.5             0.0                0.5             0.4  -1.2  0.0                0.0                350.0   33.1557312879  -1.31774118     -1.98440784667
0.533333333333  -0.666666666667  0.133333333333  0.5             0.0                0.5             0.4  -1.2  0.0                0.0                360.0   32.2347387521  -1.31774118     -1.98440784667
0.533333333333  -0.666666666667  0.133333333333  0.5             0.0                0.5             0.4  -1.2  0.0                0.0                370.0   31.3635295966  -1.31774118     -1.98440784667
0.533333333333  -0.666666666667  0.133333333333  0.5             0.0                0.5             0.4  -1.2  0.0                0.0                380.0   30.5381735546  -1.31774118     -1.98440784667
0.533333333333  -0.666666666667  0.133333333333  0.5             0.0                0.5             0.4  -1.2  0.0                0.0                390.0   29.7551434635  -1.31774118     -1.98440784667
0.533333333333  -0.666666666667  0.133333333333  0.5             0.0                0.5             0.4  -1.2  0.0                0.0                400.0   29.0112648769  -1.31774118     -1.98440784667
0.533333333333  -0.666666666667  0.133333333333  0.5             0.0                0.5             0.4  -1.2  0.0                0.0                410.0   28.3036730506  -1.31774118     -1.98440784667
0.533333333333  -0.666666666667  0.133333333333  0.5             0.0                0.5             0.4  -1.2  0.0                0.0                420.0   27.6297760732  -1.31774118     -1.98440784667
0.533333333333  -0.666666666667  0.133333333333  0.5             0.0                0.5             0.4  -1.2  0.0                0.0                430.0   26.9872231413  -1.31774118     -1.98440784667
0.533333333333  -0.666666666667  0.133333333333  0.500000278978  0.0                0.499999721022  0.4  -1.2  5.57956005842e-07  0.0                440.0   26.3738771608  -1.31774061917  -1.98440750902
0.533333333333  -0.666666666667  0.133333333333  0.5             0.0                0.5             0.4  -1.2  0.0                0.0                450.0   25.7877910017  -1.31774118     -1.98440784667
0.533333333333  -0.666666666667  0.133333333333  0.5             0.0                0.5             0.4  -1.2  0.0                0.0                460.0   25.2271868495  -1.31774118     -1.98440784667
0.533333333333  -0.666666666667  0.133333333333  0.500000697445  0.0                0.499999302555  0.4  -1.2  1.39489001572e-06  0.0                470.0   24.6904381931  -1.31773977792  -1.98440700254
0.533333333333  -0.666666666667  0.133333333333  0.500000139489  0.0                0.499999860511  0.4  -1.2  2.78978003809e-07  0.0                480.0   24.1760540641  -1.31774089958  -1.98440767784
0.533333333333  -0.666666666667  0.133333333333  0.500000836934  0.0                0.499999163066  0.4  -1.2  1.67386801941e-06  0.0                490.0   23.6826652056  -1.3177394975   -1.98440683371
0.533333333333  -0.666666666667  0.133333333333  0.500000278978  0.0                0.499999721022  0.4  -1.2  5.57956005842e-07  0.0                500.0   23.2090119015  -1.31774061917  -1.98440750902
0.533333333333  -0.666666666667  0.133333333333  0.500000697445  0.0                0.499999302555  0.4  -1.2  1.39489001572e-06  0.0                510.0   22.7539332368  -1.31773977792  -1.98440700254
0.533333333333  -0.666666666667  0.133333333333  0.500000697445  0.0                0.499999302555  0.4  -1.2  1.39489001572e-06  0.0                520.0   22.3163575976  -1.31773977792  -1.98440700254
0.533333333333  -0.666666666667  0.133333333333  0.500000836934  0.0                0.499999163066  0.4  -1.2  1.67386801941e-06  0.0                530.0   21.8952942467  -1.3177394975   -1.98440683371
0.533333333333  -0.666666666667  0.133333333333  0.500000697445  0.0                0.499999302555  0.4  -1.2  1.39489001572e-06  0.0                540.0   21.4898258347  -1.31773977792  -1.98440700254
0.533333333333  -0.666666666667  0.133333333333  0.500003208247  0.0                0.499996791753  0.4  -1.2  6.41649407218e-06  0.0                550.0   21.0991017286  -1.31773473042  -1.98440396368
0.533333333333  -0.666666666667  0.133333333333  0.500001534379  0.0                0.499998465621  0.4  -1.2  3.06875803524e-06  0.0                560.0   20.7223320549  -1.31773809542  -1.98440598959
0.533333333333  -0.666666666667  0.133333333333  0.50000278978   0.0                0.49999721022   0.4  -1.2  5.57956006242e-06  0.0                570.0   20.3587823697  -1.31773557167  -1.98440447016
0.533333333333  -0.666666666667  0.133333333333  0.500002092335  0.0                0.499997907665  0.4  -1.2  4.18467004693e-06  0.0                580.0   20.0077688806  -1.31773697375  -1.98440531428
0.533333333333  -0.666666666667  0.133333333333  0.500002510802  0.0                0.499997489198  0.4  -1.2  5.02160405658e-06  0.0                590.0   19.6686541538  -1.3177361325   -1.98440480781
0.533333333333  -0.666666666667  0.133333333333  0.500005440071  0.0                0.499994559929  0.4  -1.2  1.08801421231e-05  0.0                600.0   19.3408432512  -1.31773024375  -1.98440126247
0.533333333333  -0.666666666667  0.133333333333  0.500004742626  0.0                0.499995257374  0.4  -1.2  9.48525210731e-06  0.0                610.0   19.0237802471  -1.31773164583  -1.9844021066
0.533333333333  -0.666666666667  0.133333333333  0.500005440071  0.0                0.499994559929  0.4  -1.2  1.08801421231e-05  0.0                620.0   18.7169450819  -1.31773024375  -1.98440126247
0.533333333333  -0.666666666667  0.133333333333  0.500006695472  0.0                0.499993304528  0.4  -1.2  1.33909441504e-05  0.0                630.0   18.4198507155  -1.31772772     -1.98439974304
0.533333333333  -0.666666666667  0.133333333333  0.500008787807  0.0                0.499991212193  0.4  -1.2  1.75756141974e-05  0.0                640.0   18.132040548   -1.31772351375  -1.98439721066
0.533333333333  -0.666666666667  0.133333333333  0.500010601164  0.0                0.499989398836  0.4  -1.2  2.12023282382e-05  0.0                650.0   17.8530860781  -1.31771986833  -1.98439501593
0.533333333333  -0.666666666667  0.133333333333  0.500014925323  0.0                0.499985074677  0.4  -1.2  2.98506463361e-05  0.0                660.0   17.5825847739  -1.31771117542  -1.98438978234
0.533333333333  -0.666666666667  0.133333333333  0.500012972477  0.0                0.499987027523  0.4  -1.2  2.5944954293e-05   0.0                670.0   17.3201581354  -1.31771510125  -1.9843921459
0.533333333333  -0.666666666667  0.133333333333  0.500014785834  0.0                0.499985214166  0.4  -1.2  2.95716683341e-05  0.0                680.0   17.0654499276  -1.31771145583  -1.98438995117
0.533333333333  -0.666666666667  0.133333333333  0.500024968531  0.0                0.499975031469  0.4  -1.2  4.99370625624e-05  0.0                690.0   16.8181245663  -1.31769098542  -1.98437762691
0.533333333333  -0.666666666667  0.133333333333  0.50002092335   0.0                0.49997907665   0.4  -1.2  4.18467004708e-05  0.0                700.0   16.5778656439  -1.3176991175   -1.98438252285
0.533333333333  -0.666666666667  0.133333333333  0.50002510802   0.0                0.49997489198   0.4  -1.2  5.02160405665e-05  0.0                710.0   16.3443745785  -1.317690705    -1.98437745808
0.533333333333  -0.666666666667  0.133333333333  0.50002929269   0.0                0.49997070731   0.4  -1.2  5.85853806601e-05  0.0                720.0   16.117369376   -1.3176822925   -1.98437239332
0.533333333333  -0.666666666667  0.133333333333  0.500034314294  0.0                0.499965685706  0.4  -1.2  6.86285887735e-05  0.0                730.0   15.8965834942  -1.3176721975   -1.9843663156
0.533333333333  -0.666666666667  0.133333333333  0.500034453783  0.0                0.499965546217  0.4  -1.2  6.89075667752e-05  0.0                740.0   15.6817647983  -1.31767191708  -1.98436614678
0.533333333333  -0.666666666667  0.133333333333  0.500050634508  0.0                0.499949365492  0.4  -1.2  0.000101269015141  0.0                750.0   15.472674601   -1.317639388    -1.98434656228
0.533333333333  -0.666666666667  0.133333333333  0.500050634508  0.0                0.499949365492  0.4  -1.2  0.000101269015141  0.0                760.0   15.2690867773  -1.31763940198  -1.98434657625
0.533333333333  -0.666666666667  0.133333333333  0.500057469469  0.0                0.499942530531  0.4  -1.2  0.000114938937295  0.0                770.0   15.070786949   -1.31762565377  -1.98433829601
0.533333333333  -0.666666666667  0.133333333333  0.500063049029  0.0                0.499936950971  0.4  -1.2  0.00012609805742   0.0                780.0   14.8775717317  -1.31761443092  -1.98433153681
0.533333333333  -0.666666666667  0.133333333333  0.500065001875  0.0                0.499934998125  0.4  -1.2  0.000130003749465  0.0                790.0   14.6892480389  -1.3176105109   -1.98432917907
0.533333333333  -0.666666666667  0.133333333333  0.500074487127  0.0                0.499925512873  0.4  -1.2  0.000148974253678  0.0                800.0   14.5056324384  -1.31759144311  -1.98431769948
0.533333333333  -0.666666666667  0.133333333333  0.50008941245   0.0                0.49991058755   0.4  -1.2  0.000178824900014  0.0                810.0   14.3265505565  -1.31756138278  -1.98429957941
0.533333333333  -0.666666666667  0.133333333333  0.500094852521  0.0                0.499905147479  0.4  -1.2  0.000189705042137  0.0                820.0   14.1518365253  -1.31755049963  -1.98429304832
0.533333333333  -0.666666666667  0.133333333333  0.500097223834  0.0                0.499902776166  0.4  -1.2  0.000194447668189  0.0                830.0   13.9813324708  -1.31754572987  -1.98429017561
0.533333333333  -0.666666666667  0.133333333333  0.500113404558  0.0                0.499886595442  0.4  -1.2  0.000226809116555  0.0                840.0   13.8148880366  -1.31751320744  -1.98427059776
0.533333333333  -0.666666666667  0.133333333333  0.500126377035  0.0                0.499873622965  0.4  -1.2  0.000252754070848  0.0                850.0   13.6523599421  -1.31748713226  -1.98425490056
0.533333333333  -0.666666666667  0.133333333333  0.500150787611  0.0                0.499849212389  0.4  -1.2  0.000301575221396  0.0                860.0   13.4936115706  -1.31743807082  -1.98422536757
0.533333333333  -0.666666666667  0.133333333333  0.500159017462  0.0                0.499840982538  0.4  -1.2  0.000318034923582  0.0                870.0   13.3385125871  -1.31742152213  -1.98421540277
0.533333333333  -0.666666666667  0.133333333333  0.500164178555  0.0                0.499835821445  0.4  -1.2  0.000328357109699  0.0                880.0   13.1869385804  -1.31741115148  -1.98420916099
0.533333333333  -0.666666666667  0.133333333333  0.500181196213  0.0                0.499818803787  0.4  -1.2  0.000362392426082  0.0                890.0   13.0387707312  -1.31737695607  -1.9841885797
0.533333333333  -0.666666666667  0.133333333333  0.500206583211  0.0                0.499793416789  0.4  -1.2  0.000413166422654  0.0                900.0   12.8938955008  -1.31732591177  -1.98415784501
0.533333333333  -0.666666666667  0.133333333333  0.500216207952  0.0                0.499783792048  0.4  -1.2  0.000432415904871  0.0                910.0   12.7522043415  -1.31730655846  -1.98414619149
0.533333333333  -0.666666666667  0.133333333333  0.500257775675  0.0                0.499742224325  0.4  -1.2  0.000515551349807  0.0                920.0   12.6135934247  -1.31722295386  -1.98409584107
0.533333333333  -0.666666666667  0.133333333333  0.500265866037  0.0                0.499734133963  0.4  -1.2  0.00053173207399   0.0                930.0   12.4779633879  -1.31720675908  -1.98408611857
0.533333333333  -0.666666666667  0.133333333333  0.500269353262  0.0                0.499730646738  0.4  -1.2  0.000538706524068  0.0                940.0   12.3452190965  -1.31719976307  -1.98408191235
0.533333333333  -0.666666666667  0.133333333333  0.500322359083  0.0                0.499677640917  0.4  -1.2  0.000644718165262  0.0                950.0   12.2152694218  -1.31709318449  -1.98401773842
0.533333333333  -0.666666666667  0.133333333333  0.500328217621  0.0                0.499671782379  0.4  -1.2  0.000656435241394  0.0                960.0   12.088027032   -1.31708140969  -1.98401065046
0.533333333333  -0.666666666667  0.133333333333  0.500337563384  0.0                0.499662436616  0.4  -1.2  0.000675126767606  0.0                970.0   11.9634081967  -1.31706261711  -1.98399933449
0.533333333333  -0.666666666667  0.133333333333  0.500390708693  0.0                0.499609291307  0.4  -1.2  0.000781417386803  0.0                980.0   11.8413326028  -1.31695567368  -1.9839349073
0.533333333333  -0.666666666667  0.133333333333  0.500413445401  0.0                0.499586554599  0.4  -1.2  0.000826890801314  0.0                990.0   11.7217231826  -1.3169101301   -1.98390755309
0.533333333333  -0.666666666667  0.133333333333  0.500439111377  0.0                0.499560888623  0.4  -1.2  0.000878222753893  0.0                1000.0  11.6045059507  -1.3168584756   -1.98387643137
0.533333333333  -0.666666666667  0.133333333333  0.500481097566  0.0                0.499518902434  0.4  -1.2  0.000962195132838  0.0                1010.0  11.4896098522  -1.31677417983  -1.98382572455
0.533333333333  -0.666666666667  0.133333333333  0.500506763543  0.0                0.499493236457  0.4  -1.2  0.00101352708542   0.0                1020.0  11.3769666184  -1.31672228431  -1.98379436181
0.533333333333  -0.666666666667  0.133333333333  0.500550702578  0.0                0.499449297422  0.4  -1.2  0.00110140515641   0.0                1030.0  11.2665106318  -1.31663422374  -1.98374145247
0.533333333333  -0.666666666667  0.133333333333  0.500576787021  0.0                0.499423212979  0.4  -1.2  0.00115357404299   0.0                1040.0  11.1581787988  -1.31658187268  -1.98370996897
0.533333333333  -0.666666666667  0.133333333333  0.500627421529  0.0                0.499372578471  0.4  -1.2  0.00125484305813   0.0                1050.0  11.0519104293  -1.31647997053  -1.98364857442
0.533333333333  -0.666666666667  0.133333333333  0.500654063928  0.0                0.499345936072  0.4  -1.2  0.00130812785673   0.0                1060.0  10.9476471233  -1.31642641669  -1.9836163345
0.533333333333  -0.666666666667  0.133333333333  0.500689773113  0.0                0.499310226887  0.4  -1.2  0.00137954622554   0.0                1070.0  10.8453326643  -1.31635451228  -1.98357299744
0.533333333333  -0.666666666667  0.133333333333  0.500745429224  0.0                0.499254570776  0.4  -1.2  0.00149085844879   0.0                1080.0  10.7449129174  -1.31624258317  -1.98350559322
0.533333333333  -0.666666666667  0.133333333333  0.500794529353  0.0                0.499205470647  0.4  -1.2  0.0015890587059    0.0                1090.0  10.6463357346  -1.31614404671  -1.98344633686
0.533333333333  -0.666666666667  0.133333333333  0.50085925225   0.0                0.49914074775   0.4  -1.2  0.00171850449936   0.0                1100.0  10.5495508643  -1.31601410256  -1.98336817103
0.533333333333  -0.666666666667  0.133333333333  0.500912118581  0.0                0.499087881419  0.4  -1.2  0.00182423716255   0.0                1110.0  10.4545098655  -1.3159078576   -1.98330421914
0.533333333333  -0.666666666667  0.133333333333  0.500940434849  0.0                0.499059565151  0.4  -1.2  0.00188086969719   0.0                1120.0  10.3611660275  -1.31585101809  -1.98327003263
0.533333333333  -0.666666666667  0.133333333333  0.500979073302  0.0                0.499020926698  0.4  -1.2  0.00195814660406   0.0                1130.0  10.2694742927  -1.31577291591  -1.98322284122
0.533333333333  -0.666666666667  0.133333333333  0.501047143935  0.0                0.498952856065  0.4  -1.2  0.00209428786959   0.0                1140.0  10.1793911849  -1.31563626644  -1.98314064825
0.533333333333  -0.666666666667  0.133333333333  0.501070438598  0.0                0.498929561402  0.4  -1.2  0.00214087719612   0.0                1150.0  10.0908747398  -1.31558964907  -1.98311266662
0.533333333333  -0.666666666667  0.133333333333  0.501159293092  0.0                0.498840706908  0.4  -1.2  0.00231858618412   0.0                1160.0  10.0038844403  -1.31541079791  -1.98300489905
0.533333333333  -0.666666666667  0.133333333333  0.501206161397  0.0                0.498793838603  0.4  -1.2  0.00241232279317   0.0                1170.0  9.91838115449  -1.315316848    -1.98294844379
0.533333333333  -0.666666666667  0.133333333333  0.501261817508  0.0                0.498738182492  0.4  -1.2  0.00252363501643   0.0                1180.0  9.83432707691  -1.3152046023   -1.98288072298
0.533333333333  -0.666666666667  0.133333333333  0.501341605217  0.0                0.498658394783  0.4  -1.2  0.00268321043422   0.0                1190.0  9.7516856729   -1.31504470755  -1.98278465839
0.533333333333  -0.666666666667  0.133333333333  0.50143617876   0.0                0.49856382124   0.4  -1.2  0.00287235752035   0.0                1200.0  9.67042162562  -1.31485456011  -1.98267016978
0.533333333333  -0.666666666667  0.133333333333  0.501513874134  0.0                0.498486125866  0.4  -1.2  0.0030277482681    0.0                1210.0  9.59050078574  -1.31469845774  -1.98257622372
0.533333333333  -0.666666666667  0.133333333333  0.50157036718   0.0                0.49842963282   0.4  -1.2  0.00314073435938   0.0                1220.0  9.51189012357  -1.31458466304  -1.98250762345
0.533333333333  -0.666666666667  0.133333333333  0.501664661745  0.0                0.498335338255  0.4  -1.2  0.0033293234895    0.0                1230.0  9.43455768354  -1.3143953658   -1.98239376186
0.533333333333  -0.666666666667  0.133333333333  0.501723805081  0.0                0.498276194919  0.4  -1.2  0.00344761016283   0.0                1240.0  9.35847254093  -1.31427565241  -1.98232136314
0.533333333333  -0.666666666667  0.133333333333  0.501774021122  0.0                0.498225978878  0.4  -1.2  0.00354804224396   0.0                1250.0  9.2836047606   -1.31417521384  -1.9822610974
0.533333333333  -0.666666666667  0.133333333333  0.501910441366  0.0                0.498089558634  0.4  -1.2  0.00382088273104   0.0                1260.0  9.20992535774  -1.31390049288  -1.98209551264
0.533333333333  -0.666666666667  0.133333333333  0.501959123027  0.0                0.498040876973  0.4  -1.2  0.00391824605413   0.0                1270.0  9.13740626043  -1.31380271765  -1.98203668274
0.533333333333  -0.666666666667  0.133333333333  0.502049093433  0.0                0.497950906567  0.4  -1.2  0.00409818686616   0.0                1280.0  9.06602027402  -1.31362238929  -1.9819283307
0.533333333333  -0.666666666667  0.133333333333  0.502111584506  0.0                0.497888415494  0.4  -1.2  0.00422316901157   0.0                1290.0  8.99574104709  -1.31349731382  -1.98185324809
0.533333333333  -0.666666666667  0.133333333333  0.50223949592   0.0                0.49776050408   0.4  -1.2  0.00447899184045   0.0                1300.0  8.92654303904  -1.31324003552  -1.98169829892
0.533333333333  -0.666666666667  0.133333333333  0.502350947632  0.0                0.497649052368  0.4  -1.2  0.00470189526496   0.0                1310.0  8.85840148912  -1.31301514307  -1.98156256784
0.533333333333  -0.666666666667  0.133333333333  0.502392236377  0.0                0.497607763623  0.4  -1.2  0.00478447275389   0.0                1320.0  8.79129238693  -1.3129323289   -1.98151278467
0.533333333333  -0.666666666667  0.133333333333  0.502494342326  0.0                0.497505657674  0.4  -1.2  0.00498868465219   0.0                1330.0  8.72519244417  -1.31272715579  -1.98138929632
0.533333333333  -0.666666666667  0.133333333333  0.502628809724  0.0                0.497371190276  0.4  -1.2  0.00525761944722   0.0                1340.0  8.66007906772  -1.31245739594  -1.98122711038
0.533333333333  -0.666666666667  0.133333333333  0.502689905906  0.0                0.497310094094  0.4  -1.2  0.0053798118126    0.0                1350.0  8.59593033389  -1.31233432267  -1.98115291407
0.533333333333  -0.666666666667  0.133333333333  0.502755884204  0.0                0.497244115796  0.4  -1.2  0.00551176840808   0.0                1360.0  8.53272496379  -1.31220097377  -1.9810723478
0.533333333333  -0.666666666667  0.133333333333  0.502885469487  0.0                0.497114530513  0.4  -1.2  0.005770938973     0.0                1370.0  8.47044229982  -1.31194198011  -1.98091702237
0.533333333333  -0.666666666667  0.133333333333  0.502975021426  0.0                0.497024978574  0.4  -1.2  0.00595004285102   0.0                1380.0  8.40906228315  -1.31176069613  -1.98080737993
0.533333333333  -0.666666666667  0.133333333333  0.503083125402  0.0                0.496916874598  0.4  -1.2  0.00616625080346   0.0                1390.0  8.34856543219  -1.31154336616  -1.98067653315
0.533333333333  -0.666666666667  0.133333333333  0.503246467023  0.0                0.496753532977  0.4  -1.2  0.00649293404514   0.0                1400.0  8.28893282196  -1.31121476065  -1.98047860093
0.533333333333  -0.666666666667  0.133333333333  0.503363916762  0.0                0.496636083238  0.4  -1.2  0.00672783352378   0.0                1410.0  8.23014606436  -1.31097820875  -1.98033600882
0.533333333333  -0.666666666667  0.133333333333  0.503424036522  0.0                0.496575963478  0.4  -1.2  0.00684807304314   0.0                1420.0  8.17218728926  -1.310857888    -1.98026378389
0.533333333333  -0.666666666667  0.133333333333  0.503545391953  0.0                0.496454608047  0.4  -1.2  0.00709078390587   0.0                1430.0  8.1150391264   -1.31061362167  -1.98011660189
0.533333333333  -0.666666666667  0.133333333333  0.503711244376  0.0                0.496288755624  0.4  -1.2  0.00742248875161   0.0                1440.0  8.05868468802  -1.31027910646  -1.97991476863
0.533333333333  -0.666666666667  0.133333333333  0.503822975066  0.0                0.496177024934  0.4  -1.2  0.00764595013212   0.0                1450.0  8.00310755224  -1.31005508788  -1.9797801346
0.533333333333  -0.666666666667  0.133333333333  0.503978644792  0.0                0.496021355208  0.4  -1.2  0.00795728958363   0.0                1460.0  7.94829174709  -1.30974243243  -1.97959201493
0.533333333333  -0.666666666667  0.133333333333  0.504057874545  0.0                0.495942125455  0.4  -1.2  0.00811574908942   0.0                1470.0  7.8942217352   -1.30958264225  -1.97949560855
0.533333333333  -0.666666666667  0.133333333333  0.504244789807  0.0                0.495755210193  0.4  -1.2  0.00848957961363   0.0                1480.0  7.84088239916  -1.30920564344  -1.97926814196
0.533333333333  -0.666666666667  0.133333333333  0.504282870304  0.0                0.495717129696  0.4  -1.2  0.00856574060848   0.0                1490.0  7.78825902735  -1.3091319966   -1.97922495951
0.533333333333  -0.666666666667  0.133333333333  0.504478573373  0.0                0.495521426627  0.4  -1.2  0.00895714674689   0.0                1500.0  7.7363373005   -1.3087365579   -1.97898608327
0.533333333333  -0.666666666667  0.133333333333  0.504613877705  0.0                0.495386122295  0.4  -1.2  0.00922775540994   0.0                1510.0  7.68510327864  -1.30846627686  -1.97882404569
0.533333333333  -0.666666666667  0.133333333333  0.50479061027   0.0                0.49520938973   0.4  -1.2  0.00958122053992   0.0                1520.0  7.63454338865  -1.3081107067   -1.97860986158
0.533333333333  -0.666666666667  0.133333333333  0.504876256517  0.0                0.495123743483  0.4  -1.2  0.00975251303385   0.0                1530.0  7.58464441225  -1.30793622926  -1.97850390114
0.533333333333  -0.666666666667  0.133333333333  0.505056197329  0.0                0.494943802671  0.4  -1.2  0.0101123946579    0.0                1540.0  7.53539347451  -1.30757517874  -1.97828680327
0.533333333333  -0.666666666667  0.133333333333  0.505232790405  0.0                0.494767209595  0.4  -1.2  0.0104655808099    0.0                1550.0  7.48677803274  -1.30722043667  -1.97807333566
0.533333333333  -0.666666666667  0.133333333333  0.505387065241  0.0                0.494612934759  0.4  -1.2  0.0107741304814    0.0                1560.0  7.43878586587  -1.30690849604  -1.9778848149
0.533333333333  -0.666666666667  0.133333333333  0.505493774327  0.0                0.494506225673  0.4  -1.2  0.0109875486538    0.0                1570.0  7.39140506417  -1.30669288148  -1.97775456761
0.533333333333  -0.666666666667  0.133333333333  0.505555567955  0.0                0.494444432045  0.4  -1.2  0.0111111359092    0.0                1580.0  7.34462401946  -1.30657069163  -1.97768181266
0.533333333333  -0.666666666667  0.133333333333  0.50578391145   0.0                0.49421608855   0.4  -1.2  0.0115678229003    0.0                1590.0  7.29843141557  -1.30611068593  -1.97740448176
0.533333333333  -0.666666666667  0.133333333333  0.505994679332  0.0                0.494005320668  0.4  -1.2  0.011989358663     0.0                1600.0  7.25281621922  -1.30568533114  -1.97714774127
0.533333333333  -0.666666666667  0.133333333333  0.506055775514  0.0                0.493944224486  0.4  -1.2  0.0121115510284    0.0                1610.0  7.20776767127  -1.30556243704  -1.97707372412
0.533333333333  -0.666666666667  0.133333333333  0.506139887382  0.0                0.493860112618  0.4  -1.2  0.0122797747643    0.0                1620.0  7.16327527824  -1.3053929723   -1.97697154887
0.533333333333  -0.666666666667  0.133333333333  0.506423886989  0.0                0.493576113011  0.4  -1.2  0.0128477739787    0.0                1630.0  7.11932880414  -1.30481900648  -1.97662478274
0.533333333333  -0.666666666667  0.133333333333  0.506466152157  2.7897800293e-07   0.493533568865  0.4  -1.2  0.0129328622697    5.57956005859e-07  1640.0  7.07591826265  -1.30473353686  -1.97657267888
0.533333333333  -0.666666666667  0.133333333333  0.506717929805  0.0                0.493282070195  0.4  -1.2  0.0134358596093    0.0                1650.0  7.03303390954  -1.30422755548  -1.97626856599
0.533333333333  -0.666666666667  0.133333333333  0.506909308715  1.39489001953e-07  0.493090551796  0.4  -1.2  0.0138188964077    2.78978003906e-07  1660.0  6.99066623539  -1.30384326394  -1.9760371544
0.533333333333  -0.666666666667  0.133333333333  0.507043357645  0.0                0.492956642355  0.4  -1.2  0.0140867152907    0.0                1670.0  6.94880595853  -1.3035757362   -1.97587708899
0.533333333333  -0.666666666667  0.133333333333  0.507175593219  1.39489001953e-07  0.492824267292  0.4  -1.2  0.0143514654157    2.78978003906e-07  1680.0  6.9074440183   -1.3033092165   -1.97571613456
0.533333333333  -0.666666666667  0.133333333333  0.507419001527  0.0                0.492580998473  0.4  -1.2  0.0148380030531    0.0                1690.0  6.86657156849  -1.30281655091  -1.9754184188
0.533333333333  -0.666666666667  0.133333333333  0.50754984221   0.0                0.49245015779   0.4  -1.2  0.0150996844201    0.0                1700.0  6.82617997103  -1.30255259722  -1.97525913765
0.533333333333  -0.666666666667  0.133333333333  0.50771750799   0.0                0.49228249201   0.4  -1.2  0.0154350159799    0.0                1710.0  6.78626078991  -1.30221558784  -1.97505626089
0.533333333333  -0.666666666667  0.133333333333  0.508036519337  0.0                0.491963480663  0.4  -1.2  0.016073038673     0.0                1720.0  6.74680578532  -1.30157178283  -1.97466766497
0.533333333333  -0.666666666667  0.133333333333  0.508026476128  0.0                0.491973523872  0.4  -1.2  0.0160529522568    0.0                1730.0  6.70780690795  -1.30159520711  -1.97468305468
0.533333333333  -0.666666666667  0.133333333333  0.508271976771  1.39489001953e-07  0.49172788374   0.4  -1.2  0.0165442325204    2.78978003906e-07  1740.0  6.66925629353  -1.30109735916  -1.97438138406
0.533333333333  -0.666666666667  0.133333333333  0.508486371367  0.0                0.491513628633  0.4  -1.2  0.0169727427332    0.0                1750.0  6.63114625757  -1.30067044932  -1.97412621308
0.533333333333  -0.666666666667  0.133333333333  0.508633392774  2.7897800293e-07   0.491366328248  0.4  -1.2  0.0172673435045    5.57956005859e-07  1760.0  6.5934692902   -1.30036989489  -1.97394282941
0.533333333333  -0.666666666667  0.133333333333  0.508821423948  4.18467004883e-07  0.491178157585  0.4  -1.2  0.0176436848307    8.36934009766e-07  1770.0  6.55621805127  -1.29998857639  -1.97371171267
0.533333333333  -0.666666666667  0.133333333333  0.509079757579  0.0                0.490920242421  0.4  -1.2  0.0181595151585    0.0                1780.0  6.51938536559  -1.29946702288  -1.97339749561
0.533333333333  -0.666666666667  0.133333333333  0.509241983288  1.39489001953e-07  0.490757877223  0.4  -1.2  0.0184842455542    2.78978003906e-07  1790.0  6.4829642183   -1.29913978063  -1.97319981074
0.533333333333  -0.666666666667  0.133333333333  0.509308101075  0.0                0.490691898925  0.4  -1.2  0.0186162021497    0.0                1800.0  6.44694775042  -1.29900555411  -1.97311870164
0.533333333333  -0.666666666667  0.133333333333  0.509516218665  0.0                0.490483781335  0.4  -1.2  0.0190324373304    0.0                1810.0  6.41132925456  -1.29858642314  -1.97286606474
0.533333333333  -0.666666666667  0.133333333333  0.509749304787  0.0                0.490250695213  0.4  -1.2  0.0194986095736    0.0                1820.0  6.37610217074  -1.2981197483   -1.9725858588
0.533333333333  -0.666666666667  0.133333333333  0.509979461639  4.18467004883e-07  0.490020119894  0.4  -1.2  0.0199597602128    8.36934009766e-07  1830.0  6.34126008238  -1.29765495201  -1.97230451844
0.533333333333  -0.666666666667  0.133333333333  0.510061202194  1.39489001953e-07  0.489938658317  0.4  -1.2  0.0201226833667    2.78978003906e-07  1840.0  6.30679671236  -1.29748393541  -1.97219934065
0.533333333333  -0.666666666667  0.133333333333  0.510273225477  1.39489001953e-07  0.489726635034  0.4  -1.2  0.0205467299314    2.78978003906e-07  1850.0  6.27270591932  -1.29706213621  -1.97194716008
0.533333333333  -0.666666666667  0.133333333333  0.510473531683  1.39489001953e-07  0.489526328828  0.4  -1.2  0.020947342344     2.78978003906e-07  1860.0  6.23898169395  -1.29665781645  -1.97170308528
0.533333333333  -0.666666666667  0.133333333333  0.510801609815  0.0                0.489198390185  0.4  -1.2  0.0216032196293    0.0                1870.0  6.20561815548  -1.29599524744  -1.97130320196
0.533333333333  -0.666666666667  0.133333333333  0.510771201212  2.7897800293e-07   0.48922851981   0.4  -1.2  0.0215429603807    5.57956005859e-07  1880.0  6.17260954827  -1.29605124587  -1.97133442714
0.533333333333  -0.666666666667  0.133333333333  0.511096210586  1.39489001953e-07  0.488903649925  0.4  -1.2  0.02219270015      2.78978003906e-07  1890.0  6.13995023849  -1.29540031053  -1.97094372249
0.533333333333  -0.666666666667  0.133333333333  0.511296656281  6.97445007813e-07  0.488702646274  0.4  -1.2  0.0225947074525    1.39489001563e-06  1900.0  6.10763471092  -1.29498802757  -1.97069090335
0.533333333333  -0.666666666667  0.133333333333  0.511466832863  1.39489001953e-07  0.488533027648  0.4  -1.2  0.0229339447043    2.78978003906e-07  1910.0  6.07565756584  -1.29464946673  -1.9704893765
0.533333333333  -0.666666666667  0.133333333333  0.511700755919  5.57956005859e-07  0.488298686125  0.4  -1.2  0.0234026277496    1.11591201172e-06  1920.0  6.04401351602  -1.29417160799  -1.97019798666
0.533333333333  -0.666666666667  0.133333333333  0.511909989421  8.36934009766e-07  0.488089173645  0.4  -1.2  0.0238216527103    1.67386801953e-06  1930.0  6.01269738381  -1.29375284894  -1.96994616805
0.533333333333  -0.666666666667  0.133333333333  0.512089511766  1.25540101367e-06  0.487909232833  0.4  -1.2  0.0241815343344    2.51080202734e-06  1940.0  5.98170409833  -1.2933805933   -1.96971686074
0.533333333333  -0.666666666667  0.133333333333  0.512387878741  1.39489001953e-07  0.48761198177   0.4  -1.2  0.0247760364591    2.78978003906e-07  1950.0  5.95102869269  -1.29278645476  -1.96936320123
0.533333333333  -0.666666666667  0.133333333333  0.512471432652  1.95284602246e-06  0.487526614501  0.4  -1.2  0.024946770997     3.90569204492e-06  1960.0  5.9206663014   -1.29261062411  -1.96925131235
0.533333333333  -0.666666666667  0.133333333333  0.512864652148  9.76423010742e-07  0.487134371429  0.4  -1.2  0.0257312571418    1.95284602148e-06  1970.0  5.89061215774  -1.29181932008  -1.96877614618
0.533333333333  -0.666666666667  0.133333333333  0.513003304215  8.36934009766e-07  0.486995858851  0.4  -1.2  0.026008282299     1.67386801953e-06  1980.0  5.86086159129  -1.29154020557  -1.96860817651
0.533333333333  -0.666666666667  0.133333333333  0.513120195999  5.57956005859e-07  0.486879246045  0.4  -1.2  0.0262415079096    1.11591201172e-06  1990.0  5.8314100255   -1.29129964774  -1.96846157848
0.533333333333  -0.666666666667  0.133333333333  0.51333235877   1.53437901758e-06  0.486666106851  0.4  -1.2  0.0266677862984    3.06875803516e-06  2000.0  5.80225297537  -1.29086535616  -1.96819545484
0.533333333333  -0.666666666667  0.133333333333  0.513597387873  1.25540101367e-06  0.486401356726  0.4  -1.2  0.0271972865483    2.51080202734e-06  2010.0  5.77338604515  -1.2903332673   -1.96787583563
0.533333333333  -0.666666666667  0.133333333333  0.513831729396  1.81335702051e-06  0.486166457247  0.4  -1.2  0.0276670855056    3.62671404102e-06  2020.0  5.74480492611  -1.28985424786  -1.96758339667
0.533333333333  -0.666666666667  0.133333333333  0.513999674154  6.97445007813e-07  0.485999628401  0.4  -1.2  0.0280007431974    1.39489001563e-06  2030.0  5.71650539446  -1.2895233369   -1.96738862698
0.533333333333  -0.666666666667  0.133333333333  0.514123958854  1.1159120127e-06   0.485874925234  0.4  -1.2  0.0282501495322    2.23182402539e-06  2040.0  5.68848330919  -1.28926088761  -1.9672249359
0.533333333333  -0.666666666667  0.133333333333  0.514542425859  1.81335702051e-06  0.485455760784  0.4  -1.2  0.0290884784317    3.62671404102e-06  2050.0  5.66073461012  -1.28842189663  -1.96671960261
0.533333333333  -0.666666666667  0.133333333333  0.514627932617  2.78978003125e-06  0.485369277603  0.4  -1.2  0.0292614447936    5.5795600625e-06   2060.0  5.6332553159   -1.28824284185  -1.96660739097
0.533333333333  -0.666666666667  0.133333333333  0.514831028603  2.78978003125e-06  0.485166181617  0.4  -1.2  0.0296676367662    5.5795600625e-06   2070.0  5.6060415221   -1.28782774837  -1.96635477427
0.533333333333  -0.666666666667  0.133333333333  0.515114609743  1.53437901758e-06  0.484883855878  0.4  -1.2  0.0302322882445    3.06875803516e-06  2080.0  5.5790893994   -1.2872637101   -1.96601960955
0.533333333333  -0.666666666667  0.133333333333  0.515333746965  1.1159120127e-06   0.484665137123  0.4  -1.2  0.0306697257535    2.23182402539e-06  2090.0  5.55239519175  -1.28681270639  -1.96574458517
0.533333333333  -0.666666666667  0.133333333333  0.515560277103  2.51080202832e-06  0.484437212095  0.4  -1.2  0.0311255758106    5.02160405664e-06  2100.0  5.52595521464  -1.28635206435  -1.96546293541
0.533333333333  -0.666666666667  0.133333333333  0.515906070338  1.25540101367e-06  0.484092674261  0.4  -1.2  0.0318146514784    2.51080202734e-06  2110.0  5.49976585344  -1.2856547882   -1.96504430249
0.533333333333  -0.666666666667  0.133333333333  0.516018637962  1.81335702051e-06  0.483979548681  0.4  -1.2  0.0320409026389    3.62671404102e-06  2120.0  5.47382356168  -1.28542016976  -1.96489884543
0.533333333333  -0.666666666667  0.133333333333  0.516116698731  2.65029103027e-06  0.483880650978  0.4  -1.2  0.0322386980431    5.30058206055e-06  2130.0  5.44812485951  -1.28521940308  -1.96477518826
0.533333333333  -0.666666666667  0.133333333333  0.516352714121  3.62671404102e-06  0.483643659165  0.4  -1.2  0.0327126816705    7.25342808203e-06  2140.0  5.42266633213  -1.2847370534   -1.96448008862
0.533333333333  -0.666666666667  0.133333333333  0.516795173234  3.06875803418e-06  0.483201758008  0.4  -1.2  0.0335964839844    6.13751606836e-06  2150.0  5.39744462826  -1.28384358263  -1.96394147787
0.533333333333  -0.666666666667  0.133333333333  0.51688095897   1.95284602246e-06  0.483117088184  0.4  -1.2  0.0337658236323    3.90569204492e-06  2160.0  5.37245645868  -1.28366798544  -1.96383629473
0.533333333333  -0.666666666667  0.133333333333  0.517104141373  2.9292690332e-06   0.482892929358  0.4  -1.2  0.0342141412834    5.85853806641e-06  2170.0  5.34769859482  -1.28320535335  -1.96355064629
0.533333333333  -0.666666666667  0.133333333333  0.517273062554  2.51080202832e-06  0.482724426644  0.4  -1.2  0.0345511467112    5.02160405664e-06  2180.0  5.32316786732  -1.28286504772  -1.96334614714
0.533333333333  -0.666666666667  0.133333333333  0.517438078042  4.18467004688e-06  0.482557737288  0.4  -1.2  0.0348845254249    8.36934009375e-06  2190.0  5.29886116473  -1.2825290051   -1.96313943873
0.533333333333  -0.666666666667  0.133333333333  0.517713010865  3.62671404102e-06  0.482283362421  0.4  -1.2  0.0354332751571    7.25342808203e-06  2200.0  5.27477543216  -1.28196840173  -1.96279967435
0.533333333333  -0.666666666667  0.133333333333  0.517972599896  3.90569204395e-06  0.482023494412  0.4  -1.2  0.035953011177     7.81138408789e-06  2210.0  5.25090767002  -1.28144127997  -1.96247977744
0.533333333333  -0.666666666667  0.133333333333  0.518308210434  6.13751606934e-06  0.48168565205   0.4  -1.2  0.0366286959006    1.22750321387e-05  2220.0  5.22725493277  -1.28074763852  -1.96205105351
0.533333333333  -0.666666666667  0.133333333333  0.518383534495  5.02160405664e-06  0.481611443901  0.4  -1.2  0.0367771121983    1.00432081133e-05  2230.0  5.20381432769  -1.28061146914  -1.96197692884
0.533333333333  -0.666666666667  0.133333333333  0.518780938661  4.0451810459e-06   0.481215016158  0.4  -1.2  0.0375699676832    8.0903620918e-06   2240.0  5.18058301373  -1.27979168582  -1.96147663113
0.533333333333  -0.666666666667  0.133333333333  0.518943722325  5.16109305859e-06  0.481051116582  0.4  -1.2  0.0378977668369    1.03221861172e-05  2250.0  5.15755820033  -1.2794606199   -1.96127400668
0.533333333333  -0.666666666667  0.133333333333  0.51910092643   5.5795600625e-06   0.48089349401   0.4  -1.2  0.0382130119804    1.1159120125e-05   2260.0  5.13473714635  -1.27914312758  -1.96108160809
0.533333333333  -0.666666666667  0.133333333333  0.519361770863  6.41649407227e-06  0.480631812643  0.4  -1.2  0.0387363747143    1.28329881445e-05  2270.0  5.11211715892  -1.27860004215  -1.96074585911
0.533333333333  -0.666666666667  0.133333333333  0.519604900193  7.53240608496e-06  0.480387567401  0.4  -1.2  0.0392248651978    1.50648121699e-05  2280.0  5.08969559243  -1.27810072661  -1.96043926158
0.533333333333  -0.666666666667  0.133333333333  0.519815110118  5.30058205957e-06  0.4801795893    0.4  -1.2  0.0396408214005    1.06011641191e-05  2290.0  5.06746984749  -1.27768382666  -1.96019410049
0.533333333333  -0.666666666667  0.133333333333  0.52017945539   5.30058205957e-06  0.479815244028  0.4  -1.2  0.0403695119447    1.06011641191e-05  2300.0  5.04543736989  -1.27694308891  -1.95974483896
0.533333333333  -0.666666666667  0.133333333333  0.520325221397  8.09036209082e-06  0.479666688241  0.4  -1.2  0.0406666235181    1.61807241816e-05  2310.0  5.02359564968  -1.2766330515   -1.9595469507
0.533333333333  -0.666666666667  0.133333333333  0.520555238761  7.53240608496e-06  0.479437228833  0.4  -1.2  0.0411255423332    1.50648121699e-05  2320.0  5.00194222015  -1.27616450749  -1.95926331331
0.533333333333  -0.666666666667  0.133333333333  0.52069779652   6.83496107715e-06  0.479295368519  0.4  -1.2  0.0414092629624    1.36699221543e-05  2330.0  4.98047465697  -1.27587064768  -1.95908461563
0.533333333333  -0.666666666667  0.133333333333  0.520975379633  6.55598307422e-06  0.479018064384  0.4  -1.2  0.0419638712327    1.31119661484e-05  2340.0  4.95919057724  -1.27530240155  -1.95873888235
0.533333333333  -0.666666666667  0.133333333333  0.521230783995  7.25342808203e-06  0.478761962577  0.4  -1.2  0.0424760748465    1.45068561641e-05  2350.0  4.93808763862  -1.2747824311   -1.95842211947
0.533333333333  -0.666666666667  0.133333333333  0.521484514489  6.41649407227e-06  0.478509069017  0.4  -1.2  0.0429818619661    1.28329881445e-05  2360.0  4.91716353845  -1.27426445163  -1.95810846349
0.533333333333  -0.666666666667  0.133333333333  0.521537659799  7.11393908008e-06  0.478455226262  0.4  -1.2  0.0430895474754    1.42278781602e-05  2370.0  4.89641601298  -1.27415144552  -1.95803685772
0.533333333333  -0.666666666667  0.133333333333  0.521943293815  1.15775871309e-05  0.478045128598  0.4  -1.2  0.0439097428046    2.31551742617e-05  2380.0  4.87584283645  -1.27330632253  -1.95750910011
0.533333333333  -0.666666666667  0.133333333333  0.522172195267  5.5795600625e-06   0.477822225173  0.4  -1.2  0.0443555496536    1.1159120125e-05   2390.0  4.8554418204   -1.27287163333  -1.95726712891
0.533333333333  -0.666666666667  0.133333333333  0.522471538664  1.01826971143e-05  0.477518278639  0.4  -1.2  0.0449634427225    2.03653942285e-05  2400.0  4.83521081281  -1.27223602731  -1.95686363259
