#mu0             mu1             mu2             x0              x1              x2              mua   mub  xa                  xb              T       b              u                phi
-0.766666666667  0.433333333333  0.333333333333  0.35546038066   0.14453961934   0.5             -1.1  1.2  0.0                 0.28907923868   30.0    386.816865025  -1.03098801773   -0.944549770813
-0.766666666667  0.433333333333  0.333333333333  0.355454661611  0.144545338389  0.5             -1.1  1.2  9.99200722163e-16   0.289090676778  40.0    290.112648769  -1.03155371731   -0.945129196109
-0.766666666667  0.433333333333  0.333333333333  0.354805758776  0.145194241224  0.5             -1.1  1.2  0.0                 0.290388482449  50.0    232.090119015  -1.03152995284   -0.946662798447
-0.766666666667  0.433333333333  0.333333333333  0.354738246099  0.145261753901  0.5             -1.1  1.2  -2.77555756156e-17  0.290523507802  60.0    193.408432513  -1.03165142931   -0.946946305344
-0.766666666667  0.433333333333  0.333333333333  0.354140675216  0.145859324784  0.5             -1.1  1.2  -2.77555756156e-17  0.291718649568  70.0    165.778656439  -1.03127699008   -0.948006036229
-0.766666666667  0.433333333333  0.333333333333  0.354313641578  0.145686358422  0.5             -1.1  1.2  2.77555756156e-17   0.291372716844  80.0    145.056324384  -1.03390894488   -0.950222871762
-0.766666666667  0.433333333333  0.333333333333  0.354484515605  0.145515484395  0.5             -1.1  1.2  -1.05471187339e-15  0.29103096879   90.0    128.938955008  -1.0351162499    -0.951020079115
-0.766666666667  0.433333333333  0.333333333333  0.354480051957  0.145519948043  0.5             -1.1  1.2  0.0                 0.291039896086  100.0   116.045059507  -1.03510448561   -0.951019027576
-0.766666666667  0.433333333333  0.333333333333  0.354470287727  0.145529712273  0.5             -1.1  1.2  0.0                 0.291059424546  110.0   105.495508643  -1.03510595197   -0.951043928094
-0.766666666667  0.433333333333  0.333333333333  0.354794599655  0.145205400345  0.5             -1.1  1.2  2.77555756156e-17   0.290410800689  120.0   96.7042162563  -1.03590495512   -0.951064582615
-0.766666666667  0.433333333333  0.333333333333  0.35569514065   0.14430485935   0.5             -1.1  1.2  8.32667268469e-17   0.288609718701  130.0   89.2654303904  -1.03929577142   -0.952294100527
-0.766666666667  0.433333333333  0.333333333333  0.355752749607  0.144247250393  0.5             -1.1  1.2  5.55111512313e-17   0.288494500786  140.0   82.8893282196  -1.0396722104    -0.952532278007
-0.766666666667  0.433333333333  0.333333333333  0.355767814419  0.144232185581  0.5             -1.1  1.2  8.32667268469e-17   0.288464371161  150.0   77.363373005   -1.03970327209   -0.952527184152
-0.766666666667  0.433333333333  0.333333333333  0.355764048216  0.144235951784  0.5             -1.1  1.2  5.55111512313e-17   0.288471903567  160.0   72.5281621922  -1.03968727621   -0.952520227157
-0.766666666667  0.433333333333  0.333333333333  0.356320190866  0.143679809134  0.5             -1.1  1.2  2.77555756156e-17   0.287359618269  170.0   68.2617997103  -1.04097799446   -0.952476203052
-0.766666666667  0.433333333333  0.333333333333  0.354480470424  0.145519529576  0.5             -1.1  1.2  5.55111512313e-17   0.291039059152  180.0   64.4694775042  -1.03672007048   -0.952633608129
-0.766666666667  0.433333333333  0.333333333333  0.355331632311  0.144668367689  0.5             -1.1  1.2  -2.77555756156e-17  0.289336735377  190.0   61.0763471092  -1.03887974919   -0.952750498309
-0.766666666667  0.433333333333  0.333333333333  0.355101614948  0.144898385052  0.5             -1.1  1.2  2.77555756156e-17   0.289796770104  200.0   58.0225297537  -1.03895097843   -0.953373769223
-0.766666666667  0.433333333333  0.333333333333  0.356741587139  0.143258412861  0.5             -1.1  1.2  0.0                 0.286516825721  210.0   55.2595521464  -1.0433902796    -0.953877137127
-0.766666666667  0.433333333333  0.333333333333  0.356218084916  0.143781915084  0.5             -1.1  1.2  2.77555756156e-17   0.287563830167  220.0   52.7477543216  -1.04222590195   -0.953969164818
-0.766666666667  0.433333333333  0.333333333333  0.35386072079   0.14613927921   0.5             -1.1  1.2  0.0                 0.29227855842   230.0   50.4543736989  -1.03838024418   -0.955781180948
-0.766666666667  0.433333333333  0.333333333333  0.351563197445  0.148436802555  0.5             -1.1  1.2  -5.55111512313e-17  0.29687360511   240.0   48.3521081281  -1.03592390502   -0.958838897817
-0.766666666667  0.433333333333  0.333333333333  0.351563615912  0.148436384088  0.5             -1.1  1.2  0.0                 0.296872768176  250.0   46.418023803   -1.03592479155   -0.958838780029
-0.766666666667  0.433333333333  0.333333333333  0.351565150291  0.148434849709  0.5             -1.1  1.2  -8.32667268469e-17  0.296869699418  260.0   44.6327151952  -1.03592687596   -0.958837181932
-0.766666666667  0.433333333333  0.333333333333  0.351565568758  0.148434431242  0.5             -1.1  1.2  -5.55111512313e-17  0.296868862484  270.0   42.9796516694  -1.03592604393   -0.958835345578
-0.766666666667  0.433333333333  0.333333333333  0.351566126714  0.148433873286  0.5             -1.1  1.2  5.55111512313e-17   0.296867746572  280.0   41.4446641098  -1.03592616227   -0.958834124827
-0.766666666667  0.433333333333  0.333333333333  0.351567661093  0.148432338907  0.5             -1.1  1.2  0.0                 0.296864677814  290.0   40.0155377612  -1.03592773148   -0.958832011519
-0.766666666667  0.433333333333  0.333333333333  0.351570171895  0.148429828105  0.5             -1.1  1.2  1.05471187339e-15   0.29685965621   300.0   38.6816865025  -1.03592790831   -0.958826162432
-0.766666666667  0.433333333333  0.333333333333  0.351571427296  0.148428572704  0.5             -1.1  1.2  0.0                 0.296857145408  310.0   37.4338901637  -1.03593002579   -0.958825266941
-0.766666666667  0.433333333333  0.333333333333  0.351574077587  0.148425922413  0.5             -1.1  1.2  2.77555756156e-17   0.296851844826  320.0   36.2640810961  -1.03593001359   -0.958818894045
-0.766666666667  0.433333333333  0.333333333333  0.351580773059  0.148419226941  0.5             -1.1  1.2  -5.55111512313e-17  0.296838453882  330.0   35.1651695477  -1.03593977779   -0.958812589113
-0.766666666667  0.433333333333  0.333333333333  0.351581888971  0.148418111029  0.5             -1.1  1.2  2.77555756156e-17   0.296836222058  340.0   34.1308998551  -1.03593280872   -0.958802941855
-0.766666666667  0.433333333333  0.333333333333  0.351588723932  0.148411276068  0.5             -1.1  1.2  -2.77555756156e-17  0.296822552135  350.0   33.1557312879  -1.03594044043   -0.958794169663
-0.766666666667  0.433333333333  0.333333333333  0.351592908602  0.148407091398  0.5             -1.1  1.2  5.55111512313e-17   0.296814182795  360.0   32.2347387521  -1.0359354954    -0.95877918142
-0.766666666667  0.433333333333  0.333333333333  0.351601835898  0.148398164102  0.5             -1.1  1.2  5.55111512313e-17   0.296796328203  370.0   31.3635295966  -1.03594284652   -0.958765107026
-0.766666666667  0.433333333333  0.333333333333  0.351610763195  0.148389236805  0.5             -1.1  1.2  2.77555756156e-17   0.296778473611  380.0   30.5381735546  -1.0359355347    -0.958736369699
-0.766666666667  0.433333333333  0.333333333333  0.35160295181   0.14839704819   0.5             -1.1  1.2  -8.32667268469e-17  0.296794096379  390.0   29.7551434635  -1.03591860783   -0.958738190149
-0.766666666667  0.433333333333  0.333333333333  0.351611042173  0.148388957827  0.5             -1.1  1.2  2.77555756156e-17   0.296777915655  400.0   29.0112648769  -1.03592199026   -0.958722155716
-0.766666666667  0.433333333333  0.333333333333  0.35163517377   0.14836482623   0.5             -1.1  1.2  -2.77555756156e-17  0.29672965246   410.0   28.3036730506  -1.03592797616   -0.958670225781
-0.766666666667  0.433333333333  0.333333333333  0.351641590264  0.148358409736  0.5             -1.1  1.2  0.0                 0.296716819472  420.0   27.6297760732  -1.03592258984   -0.958649439878
-0.766666666667  0.433333333333  0.333333333333  0.35165470223   0.14834529777   0.5             -1.1  1.2  1.05471187339e-15   0.29669059554   430.0   26.9872231413  -1.03590306585   -0.958598447162
-0.766666666667  0.433333333333  0.333333333333  0.351647030335  0.148352969665  0.5             -1.1  1.2  0.0                 0.29670593933   440.0   26.3738771608  -1.03586502772   -0.958578821585
-0.766666666667  0.433333333333  0.333333333333  0.351664605949  0.148335394051  0.5             -1.1  1.2  0.0                 0.296670788102  450.0   25.7877910017  -1.03587115033   -0.958542762719
-0.766666666667  0.433333333333  0.333333333333  0.351677438937  0.148322561063  0.5             -1.1  1.2  5.55111512313e-17   0.296645122125  460.0   25.2271868495  -1.03584513124   -0.958485944455
-0.766666666667  0.433333333333  0.333333333333  0.351681484118  0.148318515882  0.5             -1.1  1.2  -8.32667268469e-17  0.296637031763  470.0   24.6904381931  -1.03578151133   -0.958412616113
-0.766666666667  0.433333333333  0.333333333333  0.351694317106  0.148305682894  0.5             -1.1  1.2  -2.77555756156e-17  0.296611365787  480.0   24.1760540641  -1.0357504462    -0.958350751807
-0.766666666667  0.433333333333  0.333333333333  0.351710776809  0.148289223191  0.5             -1.1  1.2  0.0                 0.296578446383  490.0   23.6826652056  -1.03569209733   -0.958252899658
-0.766666666667  0.433333333333  0.333333333333  0.351714961479  0.148285038521  0.5             -1.1  1.2  5.55111512313e-17   0.296570077043  500.0   23.2090119015  -1.03561167465   -0.958162433769
-0.766666666667  0.433333333333  0.333333333333  0.351726818044  0.148273181956  0.5             -1.1  1.2  5.55111512313e-17   0.296546363912  510.0   22.7539332368  -1.03560734928   -0.958129652637
-0.766666666667  0.433333333333  0.333333333333  0.351741743367  0.148258256633  0.5             -1.1  1.2  2.77555756156e-17   0.296516513266  520.0   22.3163575976  -1.035448512     -0.957934994587
-0.766666666667  0.433333333333  0.333333333333  0.351768804233  0.148231195767  0.5             -1.1  1.2  2.77555756156e-17   0.296462391533  530.0   21.8952942467  -1.03538731444   -0.957808850952
-0.766666666667  0.433333333333  0.333333333333  0.351777313062  0.148222686938  0.5             -1.1  1.2  8.32667268469e-17   0.296445373875  540.0   21.4898258347  -1.03534328415   -0.957744399463
-0.766666666667  0.433333333333  0.333333333333  0.351791122474  0.148208877526  0.5             -1.1  1.2  5.55111512313e-17   0.296417755053  550.0   21.0991017286  -1.03514232815   -0.957510300875
-0.766666666667  0.433333333333  0.333333333333  0.351825436768  0.148174563232  0.5             -1.1  1.2  -5.55111512313e-17  0.296349126464  560.0   20.7223320549  -1.03510655963   -0.957392178058
-0.766666666667  0.433333333333  0.333333333333  0.351860587996  0.148139412004  0.5             -1.1  1.2  2.77555756156e-17   0.296278824007  570.0   20.3587823697  -1.03500589552   -0.957207150996
-0.766666666667  0.433333333333  0.333333333333  0.351915546663  0.148084453337  0.5             -1.1  1.2  8.32667268469e-17   0.296168906674  580.0   20.0077688806  -1.0348152803    -0.95688463498
-0.766666666667  0.433333333333  0.333333333333  0.351913454328  0.148086545672  0.5             -1.1  1.2  5.55111512313e-17   0.296173091344  590.0   19.6686541538  -1.03474539558   -0.95681977186
-0.766666666667  0.433333333333  0.333333333333  0.351922242135  0.148077757865  0.5             -1.1  1.2  -2.77555756156e-17  0.29615551573   600.0   19.3408432512  -1.0345263592    -0.956579644741
-0.766666666667  0.433333333333  0.333333333333  0.351968552484  0.148031447516  0.5             -1.1  1.2  5.55111512313e-17   0.296062895033  610.0   19.0237802471  -1.03440281309   -0.956344953797
-0.766666666667  0.433333333333  0.333333333333  0.352069124054  0.147930875946  0.5             -1.1  1.2  2.77555756156e-17   0.295861751893  620.0   18.7169450819  -1.03426102327   -0.955961792212
-0.766666666667  0.433333333333  0.333333333333  0.352106925573  0.147893074427  0.5             -1.1  1.2  2.77555756156e-17   0.295786148854  630.0   18.4198507155  -1.03409149942   -0.955701544715
-0.766666666667  0.433333333333  0.333333333333  0.352218935241  0.147781064759  0.5             -1.1  1.2  -5.55111512313e-17  0.295562129517  640.0   18.132040548   -1.03387901846   -0.955220240544
-0.766666666667  0.433333333333  0.333333333333  0.352250599245  0.147749400755  0.5             -1.1  1.2  2.77555756156e-17   0.29549880151   650.0   17.8530860781  -1.03385538392   -0.955120612395
-0.766666666667  0.433333333333  0.333333333333  0.352300815285  0.147699184715  0.5             -1.1  1.2  2.77555756156e-17   0.295398369429  660.0   17.5825847739  -1.03368048582   -0.954825195799
-0.766666666667  0.433333333333  0.333333333333  0.352377673725  0.147622326275  0.5             -1.1  1.2  1.05471187339e-15   0.29524465255   670.0   17.3201581354  -1.03338491148   -0.954345161202
-0.766666666667  0.433333333333  0.333333333333  0.352408361306  0.147591638694  0.5             -1.1  1.2  -2.77555756156e-17  0.295183277389  680.0   17.0654499276  -1.03337134888   -0.954257948416
-0.766666666667  0.433333333333  0.333333333333  0.352424263052  0.147575736948  0.5             -1.1  1.2  0.0                 0.295151473897  690.0   16.8181245663  -1.03324816334   -0.954096598683
-0.766666666667  0.433333333333  0.333333333333  0.352450626473  0.147549373527  0.5             -1.1  1.2  -5.55111512313e-17  0.295098747054  700.0   16.5778656439  -1.03309302251   -0.95387818564
-0.766666666667  0.433333333333  0.333333333333  0.352498331712  0.147501668288  0.5             -1.1  1.2  -2.77555756156e-17  0.295003336577  710.0   16.3443745785  -1.03283460072   -0.953505271276
-0.766666666667  0.433333333333  0.333333333333  0.35272346696   0.14727653304   0.5             -1.1  1.2  2.77555756156e-17   0.29455306608   720.0   16.117369376   -1.03291056649   -0.953040912448
-0.766666666667  0.433333333333  0.333333333333  0.352754712496  0.147245287504  0.5             -1.1  1.2  5.55111512313e-17   0.294490575007  730.0   15.8965834942  -1.03276522074   -0.952820577413
-0.766666666667  0.433333333333  0.333333333333  0.352779960006  0.147220039994  0.5             -1.1  1.2  0.0                 0.294440079989  740.0   15.6817647983  -1.03265360666   -0.952648369311
-0.766666666667  0.433333333333  0.333333333333  0.352764755705  0.147235244295  0.5             -1.1  1.2  -8.32667268469e-17  0.294470488591  750.0   15.472674601   -1.03242946053   -0.952460713502
-0.766666666667  0.433333333333  0.333333333333  0.352769498331  0.147230501669  0.5             -1.1  1.2  -2.77555756156e-17  0.294461003339  760.0   15.2690867773  -1.03225926692   -0.952279137589
-0.766666666667  0.433333333333  0.333333333333  0.352837289985  0.147162710015  0.5             -1.1  1.2  -2.77555756156e-17  0.294325420029  770.0   15.070786949   -1.03225031422   -0.952107484921
-0.766666666667  0.433333333333  0.333333333333  0.352971617894  0.147028382106  0.5             -1.1  1.2  -8.32667268469e-17  0.294056764212  780.0   14.8775717317  -1.03221324052   -0.951748024239
-0.766666666667  0.433333333333  0.333333333333  0.352991146354  0.147008853646  0.5             -1.1  1.2  9.99200722163e-16   0.294017707292  790.0   14.6892480389  -1.03202545309   -0.951513368511
-0.766666666667  0.433333333333  0.333333333333  0.353043036263  0.146956963737  0.5             -1.1  1.2  0.0                 0.293913927475  800.0   14.5056324384  -1.03205953421   -0.951422913846
-0.766666666667  0.433333333333  0.333333333333  0.353128264043  0.146871735957  0.5             -1.1  1.2  2.77555756156e-17   0.293743471915  810.0   14.3265505565  -1.0320485491    -0.951207382069
-0.766666666667  0.433333333333  0.333333333333  0.353075258222  0.146924741778  0.5             -1.1  1.2  -2.77555756156e-17  0.293849483556  820.0   14.1518365253  -1.03176311891   -0.951049165842
-0.766666666667  0.433333333333  0.333333333333  0.353128961488  0.146871038512  0.5             -1.1  1.2  -2.77555756156e-17  0.293742077025  830.0   13.9813324708  -1.03171842174   -0.950875580837
-0.766666666667  0.433333333333  0.333333333333  0.353143747322  0.146856252678  0.5             -1.1  1.2  0.0                 0.293712505356  840.0   13.8148880366  -1.0314121366    -0.950533809699
-0.766666666667  0.433333333333  0.333333333333  0.353235670574  0.146764329426  0.5             -1.1  1.2  -2.77555756156e-17  0.293528658852  850.0   13.6523599421  -1.03150767618   -0.950408733474
-0.766666666667  0.433333333333  0.333333333333  0.353229951525  0.146770048475  0.5             -1.1  1.2  -2.77555756156e-17  0.29354009695   860.0   13.4936115706  -1.03134323872   -0.950258021732
-0.766666666667  0.433333333333  0.333333333333  0.353336521122  0.146663478878  0.5             -1.1  1.2  2.77555756156e-17   0.293326957756  870.0   13.3385125871  -1.03130374025   -0.949962756221
-0.766666666667  0.433333333333  0.333333333333  0.353415471897  0.146584528103  0.5             -1.1  1.2  0.0                 0.293169056206  880.0   13.1869385804  -1.031371434     -0.949840968118
-0.766666666667  0.433333333333  0.333333333333  0.353436395247  0.146563604753  0.5             -1.1  1.2  -8.32667268469e-17  0.293127209506  890.0   13.0387707312  -1.03116250108   -0.949581819156
-0.766666666667  0.433333333333  0.333333333333  0.353536408861  0.146463591139  0.5             -1.1  1.2  0.0                 0.292927182278  900.0   12.8938955008  -1.03119890478   -0.949378190184
-0.766666666667  0.433333333333  0.333333333333  0.353666412611  0.146333587389  0.5             -1.1  1.2  5.55111512313e-17   0.292667174779  910.0   12.7522043415  -1.0313117618    -0.949179038203
-0.766666666667  0.433333333333  0.333333333333  0.353734343754  0.146265656246  0.5             -1.1  1.2  2.77555756156e-17   0.292531312491  920.0   12.6135934247  -1.03114637203   -0.948850613685
-0.766666666667  0.433333333333  0.333333333333  0.353735320177  0.146264679823  0.5             -1.1  1.2  5.55111512313e-17   0.292529359645  930.0   12.4779633879  -1.03100292173   -0.948704819968
-0.766666666667  0.433333333333  0.333333333333  0.353804506722  0.146195493278  0.5             -1.1  1.2  2.77555756156e-17   0.292390986555  940.0   12.3452190965  -1.03097053881   -0.948506389339
-0.766666666667  0.433333333333  0.333333333333  0.353735738644  0.146264261356  0.5             -1.1  1.2  0.0                 0.292528522711  950.0   12.2152694218  -1.03063399291   -0.948334886825
-0.766666666667  0.433333333333  0.333333333333  0.353825290583  0.146174709417  0.5             -1.1  1.2  -5.55111512313e-17  0.292349418833  960.0   12.088027032   -1.03068359274   -0.948169562007
-0.766666666667  0.433333333333  0.333333333333  0.353975101771  0.146024898229  0.5             -1.1  1.2  8.32667268469e-17   0.292049796458  970.0   11.9634081967  -1.03069359067   -0.947820013085
-0.766666666667  0.433333333333  0.333333333333  0.353957247179  0.146042752821  0.5             -1.1  1.2  -2.77555756156e-17  0.292085505642  980.0   11.8413326028  -1.0305214021    -0.947690675535
-0.766666666667  0.433333333333  0.333333333333  0.354051960211  0.145948039789  0.5             -1.1  1.2  0.0                 0.291896079578  990.0   11.7217231826  -1.0304448388    -0.947386800956
-0.766666666667  0.433333333333  0.333333333333  0.354222276282  0.145777723718  0.5             -1.1  1.2  5.55111512313e-17   0.291555447436  1000.0  11.6045059507  -1.03064600871   -0.947179212297
-0.766666666667  0.433333333333  0.333333333333  0.354173176153  0.145826823847  0.5             -1.1  1.2  2.77555756156e-17   0.291653647693  1010.0  11.4896098522  -1.03028372613   -0.946934770029
-0.766666666667  0.433333333333  0.333333333333  0.354361346817  0.145638653183  0.5             -1.1  1.2  -5.55111512313e-17  0.291277306367  1020.0  11.3769666184  -1.03035555733   -0.946554991642
-0.766666666667  0.433333333333  0.333333333333  0.354460244519  0.145539755481  0.5             -1.1  1.2  2.77555756156e-17   0.291079510963  1030.0  11.2665106318  -1.03027464523   -0.946236725047
-0.766666666667  0.433333333333  0.333333333333  0.354525385882  0.145474614118  0.5             -1.1  1.2  0.0                 0.290949228235  1040.0  11.1581787988  -1.03035939316   -0.946165133707
-0.766666666667  0.433333333333  0.333333333333  0.354530267997  0.145469732003  0.5             -1.1  1.2  0.0                 0.290939464005  1050.0  11.0519104293  -1.03010650958   -0.945900533057
-0.766666666667  0.433333333333  0.333333333333  0.354431370295  0.145568629705  0.5             -1.1  1.2  2.77555756156e-17   0.291137259409  1060.0  10.9476471233  -1.02978617954   -0.945817557502
-0.766666666667  0.433333333333  0.333333333333  0.354739919967  0.145260080033  0.5             -1.1  1.2  -5.55111512313e-17  0.290520160066  1070.0  10.8453326643  -1.03001783638   -0.945308695124
-0.766666666667  0.433333333333  0.333333333333  0.35472694749   0.14527305251   0.5             -1.1  1.2  -2.77555756156e-17  0.290546105021  1080.0  10.7449129174  -1.03000564141   -0.945327634103
-0.766666666667  0.433333333333  0.333333333333  0.355060465692  0.144939534308  0.5             -1.1  1.2  -2.77555756156e-17  0.289879068615  1090.0  10.6463357346  -1.03028245242   -0.944804001423
-0.766666666667  0.433333333333  0.333333333333  0.354877874589  0.145122125411  0.5             -1.1  1.2  0.0                 0.290244250821  1100.0  10.5495508643  -1.02974944751   -0.944709215163
-0.766666666667  0.433333333333  0.333333333333  0.355073298681  0.144926701319  0.5             -1.1  1.2  -8.32667268469e-17  0.289853402639  1110.0  10.4545098655  -1.02965957379   -0.944150323622
-0.766666666667  0.433333333333  0.333333333333  0.355086410647  0.144913589353  0.5             -1.1  1.2  -2.77555756156e-17  0.289827178707  1120.0  10.3611660275  -1.02950090681   -0.943960187925
-0.766666666667  0.433333333333  0.333333333333  0.35510273086   0.14489726914   0.5             -1.1  1.2  2.77555756156e-17   0.28979453828   1130.0  10.2694742927  -1.02943100337   -0.943851115975
-0.766666666667  0.433333333333  0.333333333333  0.355349207926  0.144650792074  0.5             -1.1  1.2  -5.55111512313e-17  0.289301584149  1140.0  10.1793911849  -1.02951634608   -0.943344913725
-0.766666666667  0.433333333333  0.333333333333  0.355272070508  0.144727929492  0.5             -1.1  1.2  2.77555756156e-17   0.289455858984  1150.0  10.0908747398  -1.02907867891   -0.943092376355
-0.766666666667  0.433333333333  0.333333333333  0.355832537316  0.144167462684  0.5             -1.1  1.2  0.0                 0.288334925368  1160.0  10.0038844403  -1.02973290687   -0.942401483974
-0.766666666667  0.433333333333  0.333333333333  0.355547840264  0.144452159736  0.5             -1.1  1.2  0.0                 0.288904319472  1170.0  9.91838115449  -1.02911851498   -0.942470365012
-0.766666666667  0.433333333333  0.333333333333  0.355830863448  0.144169136552  0.5             -1.1  1.2  2.77555756156e-17   0.288338273104  1180.0  9.83432707691  -1.0291708765    -0.941843470891
-0.766666666667  0.433333333333  0.333333333333  0.355992112734  0.144007887266  0.5             -1.1  1.2  2.77555756156e-17   0.288015774532  1190.0  9.7516856729   -1.0292056064    -0.94149120251
-0.766666666667  0.433333333333  0.333333333333  0.355992531201  0.144007468799  0.5             -1.1  1.2  -5.55111512313e-17  0.288014937598  1200.0  9.67042162562  -1.02883515041   -0.941119742199
-0.766666666667  0.433333333333  0.333333333333  0.356176377705  0.143823622295  0.5             -1.1  1.2  -2.77555756156e-17  0.28764724459   1210.0  9.59050078574  -1.02882634129   -0.940669701468
-0.766666666667  0.433333333333  0.333333333333  0.356291316642  0.143708683358  0.5             -1.1  1.2  2.77555756156e-17   0.287417366715  1220.0  9.51189012357  -1.0287169355    -0.940284442223
-0.766666666667  0.433333333333  0.333333333333  0.356741866117  0.143258133883  0.5             -1.1  1.2  0.0                 0.286516267765  1230.0  9.43455768354  -1.02900331422   -0.939489502203
-0.766666666667  0.433333333333  0.333333333333  0.356742005606  0.143257994394  0.5             -1.1  1.2  -5.55111512313e-17  0.286515988787  1240.0  9.35847254093  -1.02879730781   -0.939283161026
-0.766666666667  0.433333333333  0.333333333333  0.356633622652  0.143366377348  0.5             -1.1  1.2  8.32667268469e-17   0.286732754696  1250.0  9.2836047606   -1.02848272778   -0.939228700083
-0.766666666667  0.433333333333  0.333333333333  0.356879681251  0.143120318749  0.5             -1.1  1.2  -5.55111512313e-17  0.286240637498  1260.0  9.20992535774  -1.02835805987   -0.938513491537
-0.766666666667  0.433333333333  0.333333333333  0.35709491278   0.14290508722   0.5             -1.1  1.2  -2.77555756156e-17  0.285810174439  1270.0  9.13740626043  -1.02844214678   -0.938081022777
-0.766666666667  0.433333333333  0.333333333333  0.357056832283  0.142943167717  0.5             -1.1  1.2  5.55111512313e-17   0.285886335434  1280.0  9.06602027402  -1.02798984488   -0.937720114073
-0.766666666667  0.433333333333  0.333333333333  0.357420619599  0.142579380401  0.5             -1.1  1.2  8.32667268469e-17   0.285158760802  1290.0  8.99574104709  -1.02814188136   -0.936999060991
-0.766666666667  0.433333333333  0.333333333333  0.35733525233   0.14266474767   0.5             -1.1  1.2  -2.77555756156e-17  0.28532949534   1300.0  8.92654303904  -1.02768044656   -0.936742507636
-0.766666666667  0.433333333333  0.333333333333  0.357490643078  0.142509356922  0.5             -1.1  1.2  2.77555756156e-17   0.285018713844  1310.0  8.85840148912  -1.02758990912   -0.936279032405
-0.766666666667  0.433333333333  0.333333333333  0.357679650675  0.142320349325  0.5             -1.1  1.2  5.55111512313e-17   0.28464069865   1320.0  8.79129238693  -1.02736594888   -0.935601453927
-0.766666666667  0.433333333333  0.333333333333  0.357723031754  0.142276968246  0.5             -1.1  1.2  0.0                 0.284553936491  1330.0  8.72519244417  -1.02716695755   -0.935298348007
-0.766666666667  0.433333333333  0.333333333333  0.357914829132  0.142085170868  0.5             -1.1  1.2  8.32667268469e-17   0.284170341737  1340.0  8.66007906772  -1.02712005615   -0.934791132903
-0.766666666667  0.433333333333  0.333333333333  0.358191854289  0.141808145711  0.5             -1.1  1.2  0.0                 0.283616291423  1350.0  8.59593033389  -1.02697348585   -0.93397970222
-0.766666666667  0.433333333333  0.333333333333  0.358079426153  0.141920573847  0.5             -1.1  1.2  2.77555756156e-17   0.283841147693  1360.0  8.53272496379  -1.02662358639   -0.933899630292
-0.766666666667  0.433333333333  0.333333333333  0.358589397943  0.141410602057  0.5             -1.1  1.2  0.0                 0.282821204114  1370.0  8.47044229982  -1.02663870889   -0.93269082049
-0.766666666667  0.433333333333  0.333333333333  0.358370679189  0.141629320811  0.5             -1.1  1.2  -2.77555756156e-17  0.283258641623  1380.0  8.40906228315  -1.02596679155   -0.932543828165
-0.766666666667  0.433333333333  0.333333333333  0.358401087791  0.141598912209  0.5             -1.1  1.2  -8.32667268469e-17  0.283197824418  1390.0  8.34856543219  -1.0259238218    -0.932427877769
-0.766666666667  0.433333333333  0.333333333333  0.358710892864  0.141289107136  0.5             -1.1  1.2  0.0                 0.282578214273  1400.0  8.28893282196  -1.02589319548   -0.931653719278
-0.766666666667  0.433333333333  0.333333333333  0.358826808224  0.141173191776  0.5             -1.1  1.2  -2.77555756156e-17  0.282346383552  1410.0  8.23014606436  -1.02555376904   -0.931036095973
-0.766666666667  0.433333333333  0.333333333333  0.358817880928  0.141182119072  0.5             -1.1  1.2  0.0                 0.282364238145  1420.0  8.17218728926  -1.02520595025   -0.930709702694
-0.766666666667  0.433333333333  0.333333333333  0.358824994867  0.141175144622  0.499999860511  -1.1  1.2  2.7897800392e-07    0.282350289244  1430.0  8.1150391264   -1.02507720999   -0.930563916871
-0.766666666667  0.433333333333  0.333333333333  0.358907711845  0.141092288155  0.5             -1.1  1.2  2.77555756156e-17   0.282184576311  1440.0  8.05868468802  -1.02460960514   -0.929897763381
-0.766666666667  0.433333333333  0.333333333333  0.359010515239  0.140989484761  0.5             -1.1  1.2  -2.77555756156e-17  0.281978969522  1450.0  8.00310755224  -1.02426259925   -0.929304029342
-0.766666666667  0.433333333333  0.333333333333  0.359107320606  0.140892679394  0.5             -1.1  1.2  9.99200722163e-16   0.281785358788  1460.0  7.94829174709  -1.0242463429    -0.929055440117
-0.766666666667  0.433333333333  0.333333333333  0.359050688071  0.140949311929  0.5             -1.1  1.2  -2.77555756156e-17  0.281898623857  1470.0  7.8942217352   -1.02372325964   -0.928668274935
-0.766666666667  0.433333333333  0.333333333333  0.35917246197   0.14082753803   0.5             -1.1  1.2  0.0                 0.281655076061  1480.0  7.84088239916  -1.02354256474   -0.92819532268
-0.766666666667  0.433333333333  0.333333333333  0.359311950971  0.140688328007  0.499999721022  -1.1  1.2  5.57956005898e-07   0.281376656013  1490.0  7.78825902735  -1.02318691328   -0.927504953409
-0.766666666667  0.433333333333  0.333333333333  0.359294375357  0.140705624643  0.5             -1.1  1.2  5.55111512313e-17   0.281411249286  1500.0  7.7363373005   -1.02287559916   -0.927235764971
-0.766666666667  0.433333333333  0.333333333333  0.359268290914  0.140731709086  0.5             -1.1  1.2  0.0                 0.281463418172  1510.0  7.68510327864  -1.02250638796   -0.926929156435
-0.766666666667  0.433333333333  0.333333333333  0.359245414718  0.140754585282  0.5             -1.1  1.2  -2.77555756156e-17  0.281509170565  1520.0  7.63454338865  -1.02197930915   -0.926456980497
-0.766666666667  0.433333333333  0.333333333333  0.359327713228  0.140673542173  0.499998744599  -1.1  1.2  2.51080202826e-06   0.281347084345  1530.0  7.58464441225  -1.02189681384   -0.926177219835
-0.766666666667  0.433333333333  0.333333333333  0.359360911611  0.140639925323  0.499999163066  -1.1  1.2  1.67386801955e-06   0.281279850646  1540.0  7.53539347451  -1.02153542893   -0.925736075122
-0.766666666667  0.433333333333  0.333333333333  0.359362306501  0.140637832988  0.499999860511  -1.1  1.2  2.78978003865e-07   0.281275665976  1550.0  7.48677803274  -1.02088976497   -0.925086923931
-0.766666666667  0.433333333333  0.333333333333  0.359150701685  0.140849716782  0.499999581533  -1.1  1.2  8.36934009651e-07   0.281699433563  1560.0  7.43878586587  -1.02045377289   -0.925158839205
-0.766666666667  0.433333333333  0.333333333333  0.359332037388  0.140667962612  0.5             -1.1  1.2  0.0                 0.281335925225  1570.0  7.39140506417  -1.02056925571   -0.924839032651
-0.766666666667  0.433333333333  0.333333333333  0.359231186839  0.14076895265   0.499999860511  -1.1  1.2  2.7897800281e-07    0.281537905299  1580.0  7.34462401946  -1.01996237303   -0.924474219185
-0.766666666667  0.433333333333  0.333333333333  0.359258666173  0.140741752294  0.499999581533  -1.1  1.2  8.3693400979e-07    0.281483504589  1590.0  7.29843141557  -1.01972886033   -0.924174811877
-0.766666666667  0.433333333333  0.333333333333  0.359423542173  0.140576457827  0.5             -1.1  1.2  2.77555756156e-17   0.281152915655  1600.0  7.25281621922  -1.01949824348   -0.923548408932
-0.766666666667  0.433333333333  0.333333333333  0.359344172931  0.140656245536  0.499999581533  -1.1  1.2  8.36934008736e-07   0.281312491073  1610.0  7.20776767127  -1.01909773064   -0.923338465964
-0.766666666667  0.433333333333  0.333333333333  0.359244577784  0.140755561705  0.499999860511  -1.1  1.2  2.78978003865e-07   0.281511123411  1620.0  7.16327527824  -1.01855630633   -0.923036014218
-0.766666666667  0.433333333333  0.333333333333  0.35931348535   0.140686793628  0.499999721022  -1.1  1.2  5.57956005814e-07   0.281373587255  1630.0  7.11932880414  -1.01829909904   -0.922613456665
-0.766666666667  0.433333333333  0.333333333333  0.359125035709  0.140875243269  0.499999721022  -1.1  1.2  5.57956005925e-07   0.281750486538  1640.0  7.07591826265  -1.01755709304   -0.922323729801
-0.766666666667  0.433333333333  0.333333333333  0.359196035611  0.140805498768  0.499998465621  -1.1  1.2  3.06875803527e-06   0.281610997536  1650.0  7.03303390954  -1.01743849063   -0.922034978709
-0.766666666667  0.433333333333  0.333333333333  0.359228397059  0.140772439875  0.499999163066  -1.1  1.2  1.6738680195e-06    0.281544879749  1660.0  6.99066623539  -1.01732513092   -0.921843812031
-0.766666666667  0.433333333333  0.333333333333  0.35917664664   0.140823492849  0.499999860511  -1.1  1.2  2.78978002921e-07   0.281646985698  1670.0  6.94880595853  -1.01671447839   -0.921357221021
-0.766666666667  0.433333333333  0.333333333333  0.359132568115  0.140867850352  0.499999581533  -1.1  1.2  8.36934009679e-07   0.281735700703  1680.0  6.9074440183   -1.01633012527   -0.921078712149
-0.766666666667  0.433333333333  0.333333333333  0.359166184965  0.140833954524  0.499999860511  -1.1  1.2  2.78978002893e-07   0.281667909049  1690.0  6.86657156849  -1.01617072795   -0.920838578599
-0.766666666667  0.433333333333  0.333333333333  0.359052361939  0.140949032951  0.49999860511   -1.1  1.2  2.78978003121e-06   0.281898065901  1700.0  6.82617997103  -1.01576636712   -0.920707644111
-0.766666666667  0.433333333333  0.333333333333  0.359019024068  0.140981394399  0.499999581533  -1.1  1.2  8.36934009707e-07   0.281962788798  1710.0  6.78626078991  -1.01528170486   -0.92030279746
-0.766666666667  0.433333333333  0.333333333333  0.359168835256  0.140832001678  0.499999163066  -1.1  1.2  1.67386801947e-06   0.281664003357  1720.0  6.74680578532  -1.01533458838   -0.91999621782
-0.766666666667  0.433333333333  0.333333333333  0.358865865144  0.141135250768  0.499998884088  -1.1  1.2  2.23182402442e-06   0.282270501535  1730.0  6.70780690795  -1.01437904509   -0.919767858593
-0.766666666667  0.433333333333  0.333333333333  0.358755250366  0.141245865546  0.499998884088  -1.1  1.2  2.23182402537e-06   0.282491731092  1740.0  6.66925629353  -1.01391978312   -0.919574072087
-0.766666666667  0.433333333333  0.333333333333  0.358772128535  0.141228289932  0.499999581533  -1.1  1.2  8.36934009735e-07   0.282456579864  1750.0  6.63114625757  -1.01360165496   -0.919215296837
-0.766666666667  0.433333333333  0.333333333333  0.358809790566  0.141191464835  0.499998744599  -1.1  1.2  2.51080202823e-06   0.282382929671  1760.0  6.5934692902   -1.01334788899   -0.918871309379
-0.766666666667  0.433333333333  0.333333333333  0.358612413628  0.141387725861  0.499999860511  -1.1  1.2  2.78978003809e-07   0.282775451721  1770.0  6.55621805127  -1.01274808028   -0.918744982135
-0.766666666667  0.433333333333  0.333333333333  0.358664582515  0.141336393908  0.499999023577  -1.1  1.2  1.95284602147e-06   0.282672787816  1780.0  6.51938536559  -1.01265568962   -0.918527553536
-0.766666666667  0.433333333333  0.333333333333  0.358526069936  0.14147588291   0.499998047154  -1.1  1.2  3.90569204387e-06   0.282951765819  1790.0  6.4829642183   -1.01199421549   -0.91819870488
-0.766666666667  0.433333333333  0.333333333333  0.358690248491  0.14131100691   0.499998744599  -1.1  1.2  2.51080202818e-06   0.282622013819  1800.0  6.44694775042  -1.01211402692   -0.917924348289
-0.766666666667  0.433333333333  0.333333333333  0.358524535557  0.1414772778    0.499998186643  -1.1  1.2  3.62671404008e-06   0.282954555599  1810.0  6.41132925456  -1.01153057847   -0.917738722471
-0.766666666667  0.433333333333  0.333333333333  0.358444189893  0.141558041932  0.499997768176  -1.1  1.2  4.46364805082e-06   0.283116083863  1820.0  6.37610217074  -1.01091154534   -0.917312602627
-0.766666666667  0.433333333333  0.333333333333  0.35833692285   0.141665727441  0.499997349709  -1.1  1.2  5.30058205944e-06   0.283331454881  1830.0  6.34126008238  -1.01043936716   -0.917097949049
-0.766666666667  0.433333333333  0.333333333333  0.358326042708  0.141675352182  0.49999860511   -1.1  1.2  2.78978003124e-06   0.283350704364  1840.0  6.30679671236  -1.01028348127   -0.916967924411
-0.766666666667  0.433333333333  0.333333333333  0.358310559429  0.141691951373  0.499997489198  -1.1  1.2  5.02160405652e-06   0.283383902746  1850.0  6.27270591932  -1.01009270387   -0.916814530073
-0.766666666667  0.433333333333  0.333333333333  0.358159632329  0.141843157451  0.49999721022   -1.1  1.2  5.57956006347e-06   0.283686314901  1860.0  6.23898169395  -1.0094683736    -0.916552480636
-0.766666666667  0.433333333333  0.333333333333  0.358051807331  0.141950703471  0.499997489198  -1.1  1.2  5.02160405655e-06   0.283901406942  1870.0  6.20561815548  -1.00877136633   -0.916114197568
-0.766666666667  0.433333333333  0.333333333333  0.358076496884  0.141926432385  0.499997070731  -1.1  1.2  5.85853806645e-06   0.283852864769  1880.0  6.17260954827  -1.00874677972   -0.916030439714
-0.766666666667  0.433333333333  0.333333333333  0.357996290708  0.142007475495  0.499996233797  -1.1  1.2  7.53240608498e-06   0.284014950989  1890.0  6.13995023849  -1.00827094155   -0.915747263759
-0.766666666667  0.433333333333  0.333333333333  0.357943284888  0.142059365403  0.499997349709  -1.1  1.2  5.30058205941e-06   0.284118730806  1900.0  6.10763471092  -1.00808968742   -0.915693000413
-0.766666666667  0.433333333333  0.333333333333  0.357841457917  0.14216035544   0.499998186643  -1.1  1.2  3.62671404111e-06   0.284320710881  1910.0  6.07565756584  -1.00734037239   -0.915187902724
-0.766666666667  0.433333333333  0.333333333333  0.357809654424  0.142194390757  0.499995954819  -1.1  1.2  8.09036209182e-06   0.284388781513  1920.0  6.04401351602  -1.00719162027   -0.91511592535
-0.766666666667  0.433333333333  0.333333333333  0.357689833372  0.14231267743   0.499997489198  -1.1  1.2  5.0216040566e-06    0.28462535486   1930.0  6.01269738381  -1.00658872459   -0.914800293329
-0.766666666667  0.433333333333  0.333333333333  0.357593028005  0.142410180242  0.499996791753  -1.1  1.2  6.41649407229e-06   0.284820360484  1940.0  5.98170409833  -1.0062996047    -0.914743645806
-0.766666666667  0.433333333333  0.333333333333  0.357637106529  0.142367775586  0.499995117885  -1.1  1.2  9.76423011034e-06   0.284735551171  1950.0  5.95102869269  -1.00629790383   -0.914636491254
-0.766666666667  0.433333333333  0.333333333333  0.357445169663  0.142557899095  0.499996931242  -1.1  1.2  6.13751606926e-06   0.28511579819   1960.0  5.9206663014   -1.0055183693    -0.91431724253
-0.766666666667  0.433333333333  0.333333333333  0.357463303233  0.142541020926  0.499995675841  -1.1  1.2  8.64831809771e-06   0.285082041851  1970.0  5.89061215774  -1.00519014964   -0.913945753374
-0.766666666667  0.433333333333  0.333333333333  0.357296892855  0.142706175903  0.499996931242  -1.1  1.2  6.1375160684e-06    0.285412351807  1980.0  5.86086159129  -1.00466678413   -0.913821521696
-0.766666666667  0.433333333333  0.333333333333  0.357330788682  0.142673814455  0.499995396863  -1.1  1.2  9.20627410353e-06   0.28534762891   1990.0  5.8314100255   -1.00441194158   -0.913485636037
-0.766666666667  0.433333333333  0.333333333333  0.357173445088  0.142834505785  0.499992049127  -1.1  1.2  1.59017461797e-05   0.28566901157   2000.0  5.80225297537  -1.00379101121   -0.913242999838
-0.766666666667  0.433333333333  0.333333333333  0.357133411745  0.14287286526   0.499993722995  -1.1  1.2  1.25540101417e-05   0.285745730521  2010.0  5.77338604515  -1.00358666969   -0.91313440357
-0.766666666667  0.433333333333  0.333333333333  0.357150708381  0.142856266069  0.49999302555   -1.1  1.2  1.39489001563e-05   0.285712532138  2020.0  5.74480492611  -1.00330249836   -0.912808859806
-0.766666666667  0.433333333333  0.333333333333  0.35696504852   0.143042065419  0.499992886061  -1.1  1.2  1.42278781602e-05   0.286084130838  2030.0  5.71650539446  -1.00266744454   -0.912619417553
-0.766666666667  0.433333333333  0.333333333333  0.356819422002  0.143186855003  0.499993722995  -1.1  1.2  1.25540101407e-05   0.286373710006  2040.0  5.68848330919  -1.00215823371   -0.912459542978
-0.766666666667  0.433333333333  0.333333333333  0.356728056706  0.143276127964  0.49999581533   -1.1  1.2  8.36934009379e-06   0.286552255928  2050.0  5.66073461012  -1.0018680788    -0.912388246305
-0.766666666667  0.433333333333  0.333333333333  0.356837695061  0.143169837345  0.499992467594  -1.1  1.2  1.506481217e-05     0.286339674689  2060.0  5.6332553159   -1.00188919421   -0.912146899213
-0.766666666667  0.433333333333  0.333333333333  0.356644642283  0.143365958881  0.499989398836  -1.1  1.2  2.12023282384e-05   0.286731917762  2070.0  5.6060415221   -1.0012222057    -0.911943851117
-0.766666666667  0.433333333333  0.333333333333  0.356529563857  0.143478805483  0.49999163066   -1.1  1.2  1.67386801895e-05   0.286957610966  2080.0  5.5790893994   -1.00064490324   -0.911642290518
-0.766666666667  0.433333333333  0.333333333333  0.356514499045  0.143497915476  0.499987585479  -1.1  1.2  2.48290422793e-05   0.286995830953  2090.0  5.55239519175  -1.00049062179   -0.911524973659
-0.766666666667  0.433333333333  0.333333333333  0.356437780094  0.143572960559  0.499989259347  -1.1  1.2  2.14813062422e-05   0.287145921118  2100.0  5.52595521464  -1.00013828334   -0.911356425916
-0.766666666667  0.433333333333  0.333333333333  0.356242495492  0.143767966183  0.499989538325  -1.1  1.2  2.09233502364e-05   0.287535932367  2110.0  5.49976585344  -0.99945085501   -0.911137624833
-0.766666666667  0.433333333333  0.333333333333  0.356273601539  0.14373909196   0.499987306501  -1.1  1.2  2.53869982852e-05   0.28747818392   2120.0  5.47382356168  -0.999266800408  -0.910879362082
-0.766666666667  0.433333333333  0.333333333333  0.355969376027  0.14404373594   0.499986888034  -1.1  1.2  2.6223932295e-05    0.288087471879  2130.0  5.44812485951  -0.99833668749   -0.910679474087
-0.766666666667  0.433333333333  0.333333333333  0.356158383624  0.143854728342  0.499986888034  -1.1  1.2  2.6223932295e-05    0.287709456685  2140.0  5.42266633213  -0.998677464685  -0.910566633049
-0.766666666667  0.433333333333  0.333333333333  0.355945383918  0.144063961845  0.499990654237  -1.1  1.2  1.86915262109e-05   0.288127923689  2150.0  5.39744462826  -0.997944923187  -0.910344537604
-0.766666666667  0.433333333333  0.333333333333  0.356007038057  0.144008026755  0.499984935188  -1.1  1.2  3.01296243398e-05   0.28801605351   2160.0  5.37245645868  -0.997961295946  -0.910214084239
-0.766666666667  0.433333333333  0.333333333333  0.35582500491   0.144188246545  0.499986748545  -1.1  1.2  2.65029102988e-05   0.28837649309   2170.0  5.34769859482  -0.997141404837  -0.909830710011
-0.766666666667  0.433333333333  0.333333333333  0.355625675127  0.144389808152  0.499984516721  -1.1  1.2  3.09665583496e-05   0.288779616305  2180.0  5.32316786732  -0.996553828617  -0.909721971636
-0.766666666667  0.433333333333  0.333333333333  0.355620374545  0.144396224646  0.499983400809  -1.1  1.2  3.31983823739e-05   0.288792449293  2190.0  5.29886116473  -0.996422053024  -0.909603140622
-0.766666666667  0.433333333333  0.333333333333  0.355487023059  0.144531110511  0.49998186643   -1.1  1.2  3.62671404081e-05   0.289062221022  2200.0  5.27477543216  -0.995920039824  -0.909421477863
-0.766666666667  0.433333333333  0.333333333333  0.355428158701  0.144586627134  0.499985214166  -1.1  1.2  2.95716683341e-05   0.289173254267  2210.0  5.25090767002  -0.99552663387   -0.909168676823
-0.766666666667  0.433333333333  0.333333333333  0.355361482958  0.144657766524  0.499980750518  -1.1  1.2  3.84989644337e-05   0.289315533049  2220.0  5.22725493277  -0.99513121136   -0.908934168825
-0.766666666667  0.433333333333  0.333333333333  0.355122817276  0.144892526514  0.49998465621   -1.1  1.2  3.06875803457e-05   0.289785053028  2230.0  5.20381432769  -0.994419029073  -0.908794003035
-0.766666666667  0.433333333333  0.333333333333  0.354998114109  0.145024762088  0.499977123804  -1.1  1.2  4.57523925155e-05   0.290049524175  2240.0  5.18058301373  -0.993887821864  -0.90856358991
-0.766666666667  0.433333333333  0.333333333333  0.355107194508  0.144914844754  0.499977960738  -1.1  1.2  4.40785244971e-05   0.289829689509  2250.0  5.15755820033  -0.994097816813  -0.908511624514
-0.766666666667  0.433333333333  0.333333333333  0.354842723361  0.145177921011  0.499979355628  -1.1  1.2  4.12887444648e-05   0.290355842023  2260.0  5.13473714635  -0.993161431899  -0.908209691375
-0.766666666667  0.433333333333  0.333333333333  0.355036613073  0.144989750348  0.499973636579  -1.1  1.2  5.27268425948e-05   0.289979500696  2270.0  5.11211715892  -0.993507999423  -0.908092067399
-0.766666666667  0.433333333333  0.333333333333  0.354840910004  0.145184895461  0.499974194535  -1.1  1.2  5.16109305812e-05   0.290369790923  2280.0  5.08969559243  -0.992937474122  -0.907991117873
-0.766666666667  0.433333333333  0.333333333333  0.354783580024  0.145240691062  0.499975728914  -1.1  1.2  4.85421725469e-05   0.290481382124  2290.0  5.06746984749  -0.99246544558   -0.907656374407
-0.766666666667  0.433333333333  0.333333333333  0.354602941767  0.145425095522  0.499971962711  -1.1  1.2  5.60745786309e-05   0.290850191044  2300.0  5.04543736989  -0.991909540524  -0.907534754408
-0.766666666667  0.433333333333  0.333333333333  0.354521619679  0.145508370456  0.499970009865  -1.1  1.2  5.99802706758e-05   0.291016740912  2310.0  5.02359564968  -0.991647960836  -0.9074687383
-0.766666666667  0.433333333333  0.333333333333  0.354494558813  0.14553710519   0.499968335997  -1.1  1.2  6.33280067129e-05   0.291074210381  2320.0  5.00194222015  -0.991283847365  -0.907169905682
-0.766666666667  0.433333333333  0.333333333333  0.354274724147  0.145757497813  0.499967778041  -1.1  1.2  6.44439187265e-05   0.291514995626  2330.0  4.98047465697  -0.990561490086  -0.906975263194
-0.766666666667  0.433333333333  0.333333333333  0.354095759758  0.145932974977  0.499971265266  -1.1  1.2  5.74694686465e-05   0.291865949954  2340.0  4.95919057724  -0.989974906466  -0.906817496663
-0.766666666667  0.433333333333  0.333333333333  0.354184614252  0.145849002598  0.499966383151  -1.1  1.2  6.72336987568e-05   0.291698005196  2350.0  4.93808763862  -0.990096329597  -0.906726645431
-0.766666666667  0.433333333333  0.333333333333  0.354038987734  0.145991281379  0.499969730887  -1.1  1.2  6.05382266816e-05   0.291982562759  2360.0  4.91716353845  -0.989498787375  -0.906477937304
-0.766666666667  0.433333333333  0.333333333333  0.353981099798  0.146051819606  0.499967080596  -1.1  1.2  6.58388087421e-05   0.292103639212  2370.0  4.89641601298  -0.989132502292  -0.906251113325
-0.766666666667  0.433333333333  0.333333333333  0.353854304296  0.146188658317  0.499957037388  -1.1  1.2  8.59252249678e-05   0.292377316633  2380.0  4.87584283645  -0.988741596177  -0.906166525057
-0.766666666667  0.433333333333  0.333333333333  0.353670457792  0.146372923288  0.499956618921  -1.1  1.2  8.67621589766e-05   0.292745846575  2390.0  4.8554418204   -0.987984802748  -0.905851046932
-0.766666666667  0.433333333333  0.333333333333  0.353500560188  0.146539473156  0.499959966657  -1.1  1.2  8.00666869023e-05   0.293078946311  2400.0  4.83521081281  -0.987513551107  -0.905786879992
