#mu0             mu1             mu2             x0              x1              x2              mua   mub  xa                  xb              T       b              u                phi
-0.633333333333  0.566666666667  0.066666666667  0.360059890998  0.139940109002  0.5             -0.7  1.2  0.0                 0.279880218005  30.0    386.816865025  -1.04336801506   -0.812557609996
-0.633333333333  0.566666666667  0.066666666667  0.36027749384   0.13972250616   0.5             -0.7  1.2  2.77555756156e-17   0.27944501232   40.0    290.112648769  -1.04405246745   -0.812719815569
-0.633333333333  0.566666666667  0.066666666667  0.360216955613  0.139783044387  0.5             -0.7  1.2  -8.32667268469e-17  0.279566088773  50.0    232.090119015  -1.04390544688   -0.812718086738
-0.633333333333  0.566666666667  0.066666666667  0.360356026148  0.139643973852  0.5             -0.7  1.2  2.77555756156e-17   0.279287947704  60.0    193.408432513  -1.04479562916   -0.813274499736
-0.633333333333  0.566666666667  0.066666666667  0.359726233306  0.140273766694  0.5             -0.7  1.2  5.55111512313e-17   0.280547533388  70.0    165.778656439  -1.0445426937    -0.814533067095
-0.633333333333  0.566666666667  0.066666666667  0.357695831399  0.142304168601  0.5             -0.7  1.2  -5.55111512313e-17  0.284608337202  80.0    145.056324384  -1.04145449272   -0.8163178307
-0.633333333333  0.566666666667  0.066666666667  0.358375840282  0.141624159718  0.5             -0.7  1.2  5.55111512313e-17   0.283248319437  90.0    128.938955008  -1.04321161956   -0.816442936218
-0.633333333333  0.566666666667  0.066666666667  0.358324089862  0.141675910138  0.5             -0.7  1.2  2.77555756156e-17   0.283351820276  100.0   116.045059507  -1.04328695486   -0.816642472524
-0.633333333333  0.566666666667  0.066666666667  0.358366912986  0.141633087014  0.5             -0.7  1.2  8.32667268469e-17   0.283266174029  110.0   105.495508643  -1.04347675905   -0.816729501217
-0.633333333333  0.566666666667  0.066666666667  0.359065473906  0.140934526094  0.5             -0.7  1.2  2.77555756156e-17   0.281869052189  120.0   96.7042162563  -1.04534481265   -0.816921008609
-0.633333333333  0.566666666667  0.066666666667  0.361055842469  0.138944157531  0.5             -0.7  1.2  0.0                 0.277888315062  130.0   89.2654303904  -1.05072294475   -0.81752225616
-0.633333333333  0.566666666667  0.066666666667  0.360141352575  0.139858647425  0.5             -0.7  1.2  -8.32667268469e-17  0.279717294851  140.0   82.8893282196  -1.04870672418   -0.817700811333
-0.633333333333  0.566666666667  0.066666666667  0.359337616948  0.140662383052  0.5             -0.7  1.2  -5.55111512313e-17  0.281324766105  150.0   77.363373005   -1.04680703952   -0.817730092175
-0.633333333333  0.566666666667  0.066666666667  0.359239835157  0.140760164843  0.5             -0.7  1.2  -5.55111512313e-17  0.281520329685  160.0   72.5281621922  -1.04657754641   -0.817735275361
-0.633333333333  0.566666666667  0.066666666667  0.360068120849  0.139931879151  0.5             -0.7  1.2  5.55111512313e-17   0.279863758302  170.0   68.2617997103  -1.04851439082   -0.817684234118
-0.633333333333  0.566666666667  0.066666666667  0.36012517185   0.13987482815   0.5             -0.7  1.2  -8.32667268469e-17  0.279749656299  180.0   64.4694775042  -1.04863010351   -0.817663024403
-0.633333333333  0.566666666667  0.066666666667  0.359733905201  0.140266094799  0.5             -0.7  1.2  0.0                 0.280532189598  190.0   61.0763471092  -1.04770745729   -0.817679418145
-0.633333333333  0.566666666667  0.066666666667  0.358372632035  0.141627367965  0.5             -0.7  1.2  -5.55111512313e-17  0.283254735931  200.0   58.0225297537  -1.04439118899   -0.817630205438
-0.633333333333  0.566666666667  0.066666666667  0.358251974048  0.141748025952  0.5             -0.7  1.2  -5.55111512313e-17  0.283496051903  210.0   55.2595521464  -1.04451124834   -0.818039843956
-0.633333333333  0.566666666667  0.066666666667  0.359404153201  0.140595846799  0.5             -0.7  1.2  0.0                 0.281191693597  220.0   52.7477543216  -1.04792304374   -0.818686409393
-0.633333333333  0.566666666667  0.066666666667  0.360853443928  0.139146556072  0.5             -0.7  1.2  8.32667268469e-17   0.278293112145  230.0   50.4543736989  -1.05237208906   -0.819657156965
-0.633333333333  0.566666666667  0.066666666667  0.361048868019  0.138951131981  0.5             -0.7  1.2  0.0                 0.277902263962  240.0   48.3521081281  -1.05336050563   -0.820176555719
-0.633333333333  0.566666666667  0.066666666667  0.361114288361  0.138885711639  0.5             -0.7  1.2  0.0                 0.277771423279  250.0   46.418023803   -1.0534023267    -0.820061367968
-0.633333333333  0.566666666667  0.066666666667  0.360926257186  0.139073742814  0.5             -0.7  1.2  0.0                 0.278147485627  260.0   44.6327151952  -1.0530241771    -0.820134493188
-0.633333333333  0.566666666667  0.066666666667  0.361155995572  0.138844004428  0.5             -0.7  1.2  5.55111512313e-17   0.277688008856  270.0   42.9796516694  -1.05358589187   -0.820144835832
-0.633333333333  0.566666666667  0.066666666667  0.361028502625  0.138971497375  0.5             -0.7  1.2  -5.55111512313e-17  0.277942994751  280.0   41.4446641098  -1.05321014737   -0.8200750744
-0.633333333333  0.566666666667  0.066666666667  0.361118194053  0.138881805947  0.5             -0.7  1.2  5.55111512313e-17   0.277763611895  290.0   40.0155377612  -1.05343377536   -0.820083442964
-0.633333333333  0.566666666667  0.066666666667  0.362236895845  0.137763104155  0.5             -0.7  1.2  0.0                 0.27552620831   300.0   38.6816865025  -1.05623554025   -0.820200323554
-0.633333333333  0.566666666667  0.066666666667  0.361739617555  0.138260382445  0.5             -0.7  1.2  2.77555756156e-17   0.276520764891  310.0   37.4338901637  -1.05519796852   -0.820356219721
-0.633333333333  0.566666666667  0.066666666667  0.361116241207  0.138883758793  0.5             -0.7  1.2  5.55111512313e-17   0.277767517587  320.0   36.2640810961  -1.05369682715   -0.820351181588
-0.633333333333  0.566666666667  0.066666666667  0.361320732083  0.138679267917  0.5             -0.7  1.2  5.55111512313e-17   0.277358535834  330.0   35.1651695477  -1.05415579482   -0.820319371158
-0.633333333333  0.566666666667  0.066666666667  0.363468583729  0.136531416271  0.5             -0.7  1.2  -5.55111512313e-17  0.273062832542  340.0   34.1308998551  -1.05941784062   -0.820426572999
-0.633333333333  0.566666666667  0.066666666667  0.362871431313  0.137128568687  0.5             -0.7  1.2  5.55111512313e-17   0.274257137373  350.0   33.1557312879  -1.05858433893   -0.821026237116
-0.633333333333  0.566666666667  0.066666666667  0.363282505401  0.136717494599  0.5             -0.7  1.2  -8.32667268469e-17  0.273434989198  360.0   32.2347387521  -1.06412912564   -0.825584446007
-0.633333333333  0.566666666667  0.066666666667  0.3632673011    0.1367326989    0.5             -0.7  1.2  8.32667268469e-17   0.2734653978    370.0   31.3635295966  -1.06407858091   -0.825570391606
-0.633333333333  0.566666666667  0.066666666667  0.363277204819  0.136722795181  0.5             -0.7  1.2  0.0                 0.273445590362  380.0   30.5381735546  -1.06408280316   -0.825550844927
-0.633333333333  0.566666666667  0.066666666667  0.363269114457  0.136730885543  0.5             -0.7  1.2  0.0                 0.273461771086  390.0   29.7551434635  -1.06405349941   -0.82554095805
-0.633333333333  0.566666666667  0.066666666667  0.363276507374  0.136723492626  0.5             -0.7  1.2  5.55111512313e-17   0.273446985252  400.0   29.0112648769  -1.06404895213   -0.825518667771
-0.633333333333  0.566666666667  0.066666666667  0.363267022122  0.136732977878  0.5             -0.7  1.2  8.32667268469e-17   0.273465955756  410.0   28.3036730506  -1.06402101766   -0.825513497904
-0.633333333333  0.566666666667  0.066666666667  0.363257815848  0.136742184152  0.5             -0.7  1.2  -2.77555756156e-17  0.273484368305  420.0   27.6297760732  -1.06395822887   -0.825472804165
-0.633333333333  0.566666666667  0.066666666667  0.363267859056  0.136732140944  0.5             -0.7  1.2  -2.77555756156e-17  0.273464281888  430.0   26.9872231413  -1.06395324424   -0.825443715838
-0.633333333333  0.566666666667  0.066666666667  0.363243169503  0.136756830497  0.5             -0.7  1.2  0.0                 0.273513660995  440.0   26.3738771608  -1.06387161327   -0.8254213398
-0.633333333333  0.566666666667  0.066666666667  0.363255444535  0.136744555465  0.5             -0.7  1.2  -5.55111512313e-17  0.273489110931  450.0   25.7877910017  -1.06388178683   -0.825402053278
-0.633333333333  0.566666666667  0.066666666667  0.363228244179  0.136771755821  0.5             -0.7  1.2  -8.32667268469e-17  0.273543511641  460.0   25.2271868495  -1.06377825186   -0.825363799165
-0.633333333333  0.566666666667  0.066666666667  0.363210808054  0.136789191946  0.5             -0.7  1.2  -9.99200722163e-16  0.273578383892  470.0   24.6904381931  -1.06368100596   -0.825308399967
-0.633333333333  0.566666666667  0.066666666667  0.363214434768  0.136785565232  0.5             -0.7  1.2  2.77555756156e-17   0.273571130464  480.0   24.1760540641  -1.06366272002   -0.825281409911
-0.633333333333  0.566666666667  0.066666666667  0.363202717692  0.136797282308  0.5             -0.7  1.2  -2.77555756156e-17  0.273594564616  490.0   23.6826652056  -1.06357128543   -0.825218096305
-0.633333333333  0.566666666667  0.066666666667  0.363177470183  0.136822529817  0.5             -0.7  1.2  -8.32667268469e-17  0.273645059634  500.0   23.2090119015  -1.06344963224   -0.825157037137
-0.633333333333  0.566666666667  0.066666666667  0.363193511418  0.136806488582  0.5             -0.7  1.2  0.0                 0.273612977164  510.0   22.7539332368  -1.0634726264    -0.825141532329
-0.633333333333  0.566666666667  0.066666666667  0.363150967273  0.136849032727  0.5             -0.7  1.2  -8.32667268469e-17  0.273698065455  520.0   22.3163575976  -1.06331313904   -0.825084150917
-0.633333333333  0.566666666667  0.066666666667  0.363114142176  0.136885857824  0.5             -0.7  1.2  -2.77555756156e-17  0.273771715648  530.0   21.8952942467  -1.06316341958   -0.825022811686
-0.633333333333  0.566666666667  0.066666666667  0.36309963532   0.13690036468   0.5             -0.7  1.2  -5.55111512313e-17  0.27380072936   540.0   21.4898258347  -1.06305748573   -0.824951694293
-0.633333333333  0.566666666667  0.066666666667  0.363053743438  0.136946256562  0.5             -0.7  1.2  5.55111512313e-17   0.273892513123  550.0   21.0991017286  -1.06288022879   -0.824884577871
-0.633333333333  0.566666666667  0.066666666667  0.363075085256  0.136924914744  0.5             -0.7  1.2  -5.55111512313e-17  0.273849829489  560.0   20.7223320549  -1.06288181691   -0.824834945628
-0.633333333333  0.566666666667  0.066666666667  0.363012594183  0.136987405817  0.5             -0.7  1.2  -2.77555756156e-17  0.273974811634  570.0   20.3587823697  -1.0626424645    -0.824745571792
-0.633333333333  0.566666666667  0.066666666667  0.363026124616  0.136973875384  0.5             -0.7  1.2  -5.55111512313e-17  0.273947750768  580.0   20.0077688806  -1.06258286487   -0.824653499127
-0.633333333333  0.566666666667  0.066666666667  0.362920949909  0.137079050091  0.5             -0.7  1.2  0.0                 0.274158100182  590.0   19.6686541538  -1.06223830772   -0.824561361277
-0.633333333333  0.566666666667  0.066666666667  0.362931830051  0.137068169949  0.5             -0.7  1.2  0.0                 0.274136339898  600.0   19.3408432512  -1.06219065306   -0.824487594272
-0.633333333333  0.566666666667  0.066666666667  0.362916904728  0.137083095272  0.5             -0.7  1.2  2.77555756156e-17   0.274166190544  610.0   19.0237802471  -1.0620417618    -0.824374523788
-0.633333333333  0.566666666667  0.066666666667  0.362883427368  0.137116572632  0.5             -0.7  1.2  0.0                 0.274233145265  620.0   18.7169450819  -1.06185967752   -0.824272785167
-0.633333333333  0.566666666667  0.066666666667  0.362839488332  0.137160511668  0.5             -0.7  1.2  -2.77555756156e-17  0.274321023336  630.0   18.4198507155  -1.06169417133   -0.824212732669
-0.633333333333  0.566666666667  0.066666666667  0.362790248714  0.137209751286  0.5             -0.7  1.2  2.77555756156e-17   0.274419502571  640.0   18.132040548   -1.06144290029   -0.824079636707
-0.633333333333  0.566666666667  0.066666666667  0.36271548261   0.13728451739   0.5             -0.7  1.2  -2.77555756156e-17  0.274569034781  650.0   17.8530860781  -1.0611158007    -0.823931975769
-0.633333333333  0.566666666667  0.066666666667  0.362659687009  0.137340312991  0.5             -0.7  1.2  5.55111512313e-17   0.274680625982  660.0   17.5825847739  -1.0608858379    -0.823835922417
-0.633333333333  0.566666666667  0.066666666667  0.3625798993    0.1374201007    0.5             -0.7  1.2  -2.77555756156e-17  0.2748402014    670.0   17.3201581354  -1.06054722079   -0.823688795799
-0.633333333333  0.566666666667  0.066666666667  0.362621467023  0.137378532977  0.5             -0.7  1.2  0.0                 0.274757065955  680.0   17.0654499276  -1.06053685056   -0.823578663042
-0.633333333333  0.566666666667  0.066666666667  0.362497321811  0.137502678189  0.5             -0.7  1.2  8.32667268469e-17   0.275005356378  690.0   16.8181245663  -1.06009710115   -0.823436862133
-0.633333333333  0.566666666667  0.066666666667  0.362442223656  0.137557776344  0.5             -0.7  1.2  8.32667268469e-17   0.275115552689  700.0   16.5778656439  -1.05985443653   -0.823326433093
-0.633333333333  0.566666666667  0.066666666667  0.36240665396   0.13759334604   0.5             -0.7  1.2  5.55111512313e-17   0.27518669208   710.0   16.3443745785  -1.05960543346   -0.823162797293
-0.633333333333  0.566666666667  0.066666666667  0.362324076471  0.137675923529  0.5             -0.7  1.2  2.77555756156e-17   0.275351847058  720.0   16.117369376   -1.05921962906   -0.822975178864
-0.633333333333  0.566666666667  0.066666666667  0.362265212113  0.137734787887  0.5             -0.7  1.2  2.77555756156e-17   0.275469575775  730.0   15.8965834942  -1.05890062827   -0.822797452534
-0.633333333333  0.566666666667  0.066666666667  0.353070097129  0.146929902871  0.5             -0.7  1.2  8.32667268469e-17   0.293859805742  740.0   15.6817647983  -1.03354773895   -0.819512839172
-0.633333333333  0.566666666667  0.066666666667  0.352826967799  0.147173032201  0.5             -0.7  1.2  0.0                 0.294346064402  750.0   15.472674601   -1.03248093077   -0.819029541382
-0.633333333333  0.566666666667  0.066666666667  0.352862119028  0.147137880972  0.5             -0.7  1.2  -2.77555756156e-17  0.294275761945  760.0   15.2690867773  -1.03240078198   -0.818865029646
-0.633333333333  0.566666666667  0.066666666667  0.352837429474  0.147162570526  0.5             -0.7  1.2  0.0                 0.294325141051  770.0   15.070786949   -1.03219576521   -0.818719267807
-0.633333333333  0.566666666667  0.066666666667  0.352878020774  0.147121979226  0.5             -0.7  1.2  0.0                 0.294243958452  780.0   14.8775717317  -1.03208965037   -0.818515733849
-0.633333333333  0.566666666667  0.066666666667  0.35297496563   0.14702503437   0.5             -0.7  1.2  0.0                 0.29405006874   790.0   14.6892480389  -1.03209722681   -0.818290642635
-0.633333333333  0.566666666667  0.066666666667  0.353073305376  0.146926694624  0.5             -0.7  1.2  -2.77555756156e-17  0.293853389248  800.0   14.5056324384  -1.03204596389   -0.818003364323
-0.633333333333  0.566666666667  0.066666666667  0.353111943829  0.146888056171  0.5             -0.7  1.2  -2.77555756156e-17  0.293776112341  810.0   14.3265505565  -1.03194845435   -0.817813122495
-0.633333333333  0.566666666667  0.066666666667  0.353241250134  0.146758749866  0.5             -0.7  1.2  0.0                 0.293517499732  820.0   14.1518365253  -1.03207827812   -0.817632611128
-0.633333333333  0.566666666667  0.066666666667  0.353201914235  0.146798085765  0.5             -0.7  1.2  -2.77555756156e-17  0.293596171529  830.0   13.9813324708  -1.03173709974   -0.817385838912
-0.633333333333  0.566666666667  0.066666666667  0.353203030147  0.146796969853  0.5             -0.7  1.2  -5.55111512313e-17  0.293593939705  840.0   13.8148880366  -1.03157518911   -0.817221250085
-0.633333333333  0.566666666667  0.066666666667  0.353272216692  0.146727783308  0.5             -0.7  1.2  2.77555756156e-17   0.293455566615  850.0   13.6523599421  -1.03155825143   -0.817038264704
-0.633333333333  0.566666666667  0.066666666667  0.353375020086  0.146624979914  0.5             -0.7  1.2  5.55111512313e-17   0.293249959827  860.0   13.4936115706  -1.03156161623   -0.816794901357
-0.633333333333  0.566666666667  0.066666666667  0.353308623322  0.146691376678  0.5             -0.7  1.2  5.55111512313e-17   0.293382753357  870.0   13.3385125871  -1.03120941158   -0.816602048945
-0.633333333333  0.566666666667  0.066666666667  0.353447554367  0.146552445633  0.5             -0.7  1.2  0.0                 0.293104891266  880.0   13.1869385804  -1.03143006197   -0.816489264821
-0.633333333333  0.566666666667  0.066666666667  0.353438487582  0.146561512418  0.5             -0.7  1.2  -5.55111512313e-17  0.293123024836  890.0   13.0387707312  -1.03122123345   -0.816302196587
-0.633333333333  0.566666666667  0.066666666667  0.353473499322  0.146526500678  0.5             -0.7  1.2  0.0                 0.293053001357  900.0   12.8938955008  -1.03110034459   -0.816097279555
-0.633333333333  0.566666666667  0.066666666667  0.353598899934  0.146401100066  0.5             -0.7  1.2  8.32667268469e-17   0.292802200132  910.0   12.7522043415  -1.03104375515   -0.815739728645
-0.633333333333  0.566666666667  0.066666666667  0.353572536513  0.146427463487  0.5             -0.7  1.2  2.77555756156e-17   0.292854926975  920.0   12.6135934247  -1.03095675817   -0.815716003878
-0.633333333333  0.566666666667  0.066666666667  0.353657485315  0.146342514685  0.5             -0.7  1.2  8.32667268469e-17   0.292685029371  930.0   12.4779633879  -1.03091110216   -0.815466470739
-0.633333333333  0.566666666667  0.066666666667  0.35393618434   0.14606381566   0.5             -0.7  1.2  -2.77555756156e-17  0.292127631321  940.0   12.3452190965  -1.03125879617   -0.815145287091
-0.633333333333  0.566666666667  0.066666666667  0.35383421788   0.14616578212   0.5             -0.7  1.2  -8.32667268469e-17  0.292331564241  950.0   12.2152694218  -1.03082533849   -0.814956548915
-0.633333333333  0.566666666667  0.066666666667  0.35390675216   0.14609324784   0.5             -0.7  1.2  8.32667268469e-17   0.292186495679  960.0   12.088027032   -1.03076299528   -0.814720123428
-0.633333333333  0.566666666667  0.066666666667  0.353839936929  0.146160063071  0.5             -0.7  1.2  2.77555756156e-17   0.292320126143  970.0   11.9634081967  -1.03041198593   -0.814529470633
-0.633333333333  0.566666666667  0.066666666667  0.353913587121  0.146086412879  0.5             -0.7  1.2  5.55111512313e-17   0.292172825757  980.0   11.8413326028  -1.03045360648   -0.814394330725
-0.633333333333  0.566666666667  0.066666666667  0.353982355199  0.146017644801  0.5             -0.7  1.2  8.32667268469e-17   0.292035289601  990.0   11.7217231826  -1.03034956313   -0.814125243986
-0.633333333333  0.566666666667  0.066666666667  0.354132863832  0.145867136168  0.5             -0.7  1.2  -5.55111512313e-17  0.291734272336  1000.0  11.6045059507  -1.03042893054   -0.813843390673
-0.633333333333  0.566666666667  0.066666666667  0.354351443097  0.145648556903  0.5             -0.7  1.2  2.77555756156e-17   0.291297113805  1010.0  11.4896098522  -1.03052247558   -0.813412345484
-0.633333333333  0.566666666667  0.066666666667  0.354319500116  0.145680499884  0.5             -0.7  1.2  -5.55111512313e-17  0.291360999768  1020.0  11.3769666184  -1.03033729397   -0.813303827022
-0.633333333333  0.566666666667  0.066666666667  0.354360788861  0.145639211139  0.5             -0.7  1.2  5.55111512313e-17   0.291278422279  1030.0  11.2665106318  -1.03020733784   -0.813074777911
-0.633333333333  0.566666666667  0.066666666667  0.354449922333  0.145550077667  0.5             -0.7  1.2  5.55111512313e-17   0.291100155335  1040.0  11.1581787988  -1.03011528785   -0.812768807586
-0.633333333333  0.566666666667  0.066666666667  0.354740617412  0.145259382588  0.5             -0.7  1.2  0.0                 0.290518765176  1050.0  11.0519104293  -1.03048363913   -0.812439490673
-0.633333333333  0.566666666667  0.066666666667  0.354844397229  0.145155602771  0.5             -0.7  1.2  -9.99200722163e-16  0.290311205542  1060.0  10.9476471233  -1.03047816685   -0.812184946838
-0.633333333333  0.566666666667  0.066666666667  0.354677847361  0.145322152639  0.5             -0.7  1.2  -5.55111512313e-17  0.290644305278  1070.0  10.8453326643  -1.02996209864   -0.812068598304
-0.633333333333  0.566666666667  0.066666666667  0.354609637239  0.145390362761  0.5             -0.7  1.2  2.77555756156e-17   0.290780725521  1080.0  10.7449129174  -1.02965748654   -0.8119276905
-0.633333333333  0.566666666667  0.066666666667  0.354937715371  0.145062284629  0.5             -0.7  1.2  -8.32667268469e-17  0.290124569258  1090.0  10.6463357346  -1.03000784124   -0.811490657684
-0.633333333333  0.566666666667  0.066666666667  0.354926137784  0.145073862216  0.5             -0.7  1.2  0.0                 0.290147724432  1100.0  10.5495508643  -1.02969252387   -0.811203126524
-0.633333333333  0.566666666667  0.066666666667  0.355075530505  0.144924469495  0.5             -0.7  1.2  9.99200722163e-16   0.289848938991  1110.0  10.4545098655  -1.0297250947    -0.810877154826
-0.633333333333  0.566666666667  0.066666666667  0.355116819249  0.144883180751  0.5             -0.7  1.2  2.77555756156e-17   0.289766361502  1120.0  10.3611660275  -1.02960962796   -0.810662595097
-0.633333333333  0.566666666667  0.066666666667  0.355236082345  0.144763917655  0.5             -0.7  1.2  -5.55111512313e-17  0.289527835309  1130.0  10.2694742927  -1.0295914404    -0.810358176101
-0.633333333333  0.566666666667  0.066666666667  0.355439038843  0.144560961157  0.5             -0.7  1.2  0.0                 0.289121922315  1140.0  10.1793911849  -1.02964257939   -0.809922219504
-0.633333333333  0.566666666667  0.066666666667  0.355487302037  0.144512697963  0.5             -0.7  1.2  -8.32667268469e-17  0.289025395926  1150.0  10.0908747398  -1.02938705579   -0.809550864232
-0.633333333333  0.566666666667  0.066666666667  0.355562765587  0.144437234413  0.5             -0.7  1.2  -2.77555756156e-17  0.288874468826  1160.0  10.0038844403  -1.02920303341   -0.809185729339
-0.633333333333  0.566666666667  0.066666666667  0.355627348995  0.144372651005  0.5             -0.7  1.2  -2.77555756156e-17  0.28874530201   1170.0  9.91838115449  -1.02896452865   -0.808792224392
-0.633333333333  0.566666666667  0.066666666667  0.355560254785  0.144439884704  0.499999860511  -0.7  1.2  2.78978002893e-07   0.288879769408  1180.0  9.83432707691  -1.02887827041   -0.808867131749
-0.633333333333  0.566666666667  0.066666666667  0.356032704033  0.143967295967  0.5             -0.7  1.2  -2.77555756156e-17  0.287934591933  1190.0  9.7516856729   -1.02905918324   -0.807914026891
-0.633333333333  0.566666666667  0.066666666667  0.355988067553  0.144012211425  0.499999721022  -0.7  1.2  5.5795600587e-07    0.28802442285   1200.0  9.67042162562  -1.02880238496   -0.807764635145
-0.633333333333  0.566666666667  0.066666666667  0.356161312893  0.143838687107  0.5             -0.7  1.2  -5.55111512313e-17  0.287677374214  1210.0  9.59050078574  -1.02895706707   -0.807503249457
-0.633333333333  0.566666666667  0.066666666667  0.356362037566  0.143637962434  0.5             -0.7  1.2  -8.32667268469e-17  0.287275924868  1220.0  9.51189012357  -1.02885110513   -0.806915548306
-0.633333333333  0.566666666667  0.066666666667  0.356478092415  0.143521907585  0.5             -0.7  1.2  5.55111512313e-17   0.287043815169  1230.0  9.43455768354  -1.02867771214   -0.806463623672
-0.633333333333  0.566666666667  0.066666666667  0.356566249464  0.143433890025  0.499999860511  -0.7  1.2  2.78978003893e-07   0.286867780049  1240.0  9.35847254093  -1.0284882538    -0.806062727912
-0.633333333333  0.566666666667  0.066666666667  0.35674423743   0.14325576257   0.5             -0.7  1.2  2.77555756156e-17   0.286511525139  1250.0  9.2836047606   -1.02848017481   -0.80562733831
-0.633333333333  0.566666666667  0.066666666667  0.357118346933  0.142882071534  0.499999581533  -0.7  1.2  8.36934009707e-07   0.285764143069  1260.0  9.20992535774  -1.02856325078   -0.804812969941
-0.633333333333  0.566666666667  0.066666666667  0.357001036682  0.142999660763  0.499999302555  -0.7  1.2  1.3948900156e-06    0.285999321525  1270.0  9.13740626043  -1.02815683185   -0.804688374586
-0.633333333333  0.566666666667  0.066666666667  0.35725281433   0.142747604137  0.499999581533  -0.7  1.2  8.36934009707e-07   0.285495208274  1280.0  9.06602027402  -1.02817388603   -0.804100883438
-0.633333333333  0.566666666667  0.066666666667  0.357350456631  0.142649822347  0.499999721022  -0.7  1.2  5.57956005898e-07   0.285299644694  1290.0  8.99574104709  -1.02809298245   -0.803785498847
-0.633333333333  0.566666666667  0.066666666667  0.357463024255  0.142537115234  0.499999860511  -0.7  1.2  2.78978003948e-07   0.285074230467  1300.0  8.92654303904  -1.02781105508   -0.80323326969
-0.633333333333  0.566666666667  0.066666666667  0.357847734922  0.142152404567  0.499999860511  -0.7  1.2  2.78978003865e-07   0.284304809134  1310.0  8.85840148912  -1.02787379177   -0.802372700783
-0.633333333333  0.566666666667  0.066666666667  0.357770876482  0.142229820963  0.499999302555  -0.7  1.2  1.39489001652e-06   0.284459641926  1320.0  8.79129238693  -1.02760579322   -0.802289720441
-0.633333333333  0.566666666667  0.066666666667  0.357803377419  0.142196622581  0.5             -0.7  1.2  -8.32667268469e-17  0.284393245161  1330.0  8.72519244417  -1.02692967152   -0.801534899046
-0.633333333333  0.566666666667  0.066666666667  0.358055434045  0.141944984422  0.499999581533  -0.7  1.2  8.36934009735e-07   0.283889968844  1340.0  8.66007906772  -1.02710919402   -0.801109904116
-0.633333333333  0.566666666667  0.066666666667  0.357898927385  0.14210177006   0.499999302555  -0.7  1.2  1.3948900166e-06    0.284203540119  1350.0  8.59593033389  -1.02655346011   -0.80093006516
-0.633333333333  0.566666666667  0.066666666667  0.358045669815  0.141955725075  0.49999860511   -0.7  1.2  2.78978003126e-06   0.28391145015   1360.0  8.53272496379  -1.02638685605   -0.800411976717
-0.633333333333  0.566666666667  0.066666666667  0.358291030969  0.141710363921  0.49999860511   -0.7  1.2  2.78978003129e-06   0.283420727842  1370.0  8.47044229982  -1.02627531667   -0.799711570564
-0.633333333333  0.566666666667  0.066666666667  0.358284474986  0.141716501437  0.499999023577  -0.7  1.2  1.95284602139e-06   0.283433002875  1380.0  8.40906228315  -1.0261616393    -0.799613209087
-0.633333333333  0.566666666667  0.066666666667  0.358591769256  0.141408509722  0.499999721022  -0.7  1.2  5.5795600587e-07    0.282817019444  1390.0  8.34856543219  -1.02609745051   -0.798810816604
-0.633333333333  0.566666666667  0.066666666667  0.358635289825  0.141366244554  0.499998465621  -0.7  1.2  3.06875803519e-06   0.282732489109  1400.0  8.28893282196  -1.02583962802   -0.798449800149
-0.633333333333  0.566666666667  0.066666666667  0.358774639337  0.141227034531  0.499998326132  -0.7  1.2  3.34773603719e-06   0.282454069062  1410.0  8.23014606436  -1.02556544528   -0.797841318072
-0.633333333333  0.566666666667  0.066666666667  0.358838385811  0.141162032656  0.499999581533  -0.7  1.2  8.36934008708e-07   0.282324065312  1420.0  8.17218728926  -1.02527382167   -0.797395447529
-0.633333333333  0.566666666667  0.066666666667  0.358820112752  0.141181700605  0.499998186643  -0.7  1.2  3.62671404114e-06   0.282363401211  1430.0  8.1150391264   -1.02469845847   -0.796865334558
-0.633333333333  0.566666666667  0.066666666667  0.35884828953   0.141152686893  0.499999023577  -0.7  1.2  1.95284602231e-06   0.282305373786  1440.0  8.05868468802  -1.02444857981   -0.796546994692
-0.633333333333  0.566666666667  0.066666666667  0.359064218504  0.140937036897  0.499998744599  -0.7  1.2  2.51080202723e-06   0.281874073793  1450.0  8.00310755224  -1.02463964841   -0.796220112731
-0.633333333333  0.566666666667  0.066666666667  0.359000053564  0.141000504392  0.499999442044  -0.7  1.2  1.11591201163e-06   0.282001008784  1460.0  7.94829174709  -1.02398702572   -0.795720788461
-0.633333333333  0.566666666667  0.066666666667  0.359114574034  0.140886402389  0.499999023577  -0.7  1.2  1.95284602145e-06   0.281772804778  1470.0  7.8942217352   -1.0238977707    -0.795357102775
-0.633333333333  0.566666666667  0.066666666667  0.359093511195  0.140909139096  0.499997349709  -0.7  1.2  5.30058205953e-06   0.281818278192  1480.0  7.84088239916  -1.02318956369   -0.794701120443
-0.633333333333  0.566666666667  0.066666666667  0.359428982244  0.140574783959  0.499996233797  -0.7  1.2  7.53240608498e-06   0.281149567919  1490.0  7.78825902735  -1.02337841918   -0.79408596133
-0.633333333333  0.566666666667  0.066666666667  0.359284471638  0.140718178653  0.499997349709  -0.7  1.2  5.3005820605e-06    0.281436357306  1500.0  7.7363373005   -1.02286030591   -0.7939135576
-0.633333333333  0.566666666667  0.066666666667  0.35929535178   0.140706740555  0.499997907665  -0.7  1.2  4.1846700469e-06    0.28141348111   1510.0  7.68510327864  -1.02248331608   -0.793509897476
-0.633333333333  0.566666666667  0.066666666667  0.359313764328  0.14068930443   0.499996931242  -0.7  1.2  6.13751606926e-06   0.281378608859  1520.0  7.63454338865  -1.0222043711    -0.793187738799
-0.633333333333  0.566666666667  0.066666666667  0.359355750518  0.140647457729  0.499996791753  -0.7  1.2  6.41649407221e-06   0.281294915459  1530.0  7.58464441225  -1.02184444815   -0.792727188484
-0.633333333333  0.566666666667  0.066666666667  0.359298978494  0.14070604311   0.499994978396  -0.7  1.2  1.00432081133e-05   0.28141208622   1540.0  7.53539347451  -1.02156110623   -0.792581912785
-0.633333333333  0.566666666667  0.066666666667  0.359193943276  0.140809962416  0.499996094308  -0.7  1.2  7.81138408801e-06   0.281619924832  1550.0  7.48677803274  -1.02102466849   -0.792296443652
-0.633333333333  0.566666666667  0.066666666667  0.359340406728  0.140663359475  0.499996233797  -0.7  1.2  7.532406084e-06     0.281326718951  1560.0  7.43878586587  -1.02088152984   -0.791801653235
-0.633333333333  0.566666666667  0.066666666667  0.359359516721  0.140643691526  0.499996791753  -0.7  1.2  6.41649407232e-06   0.281287383052  1570.0  7.39140506417  -1.02041358424   -0.791287285695
-0.633333333333  0.566666666667  0.066666666667  0.359320320311  0.140683306403  0.499996373286  -0.7  1.2  7.25342808203e-06   0.281366612805  1580.0  7.34462401946  -1.02010809163   -0.791076282926
-0.633333333333  0.566666666667  0.066666666667  0.359250157344  0.140757793529  0.499992049127  -0.7  1.2  1.59017461798e-05   0.281515587059  1590.0  7.29843141557  -1.01952715311   -0.790668059692
-0.633333333333  0.566666666667  0.066666666667  0.359307208345  0.140698092237  0.499994699418  -0.7  1.2  1.06011641191e-05   0.281396184474  1600.0  7.25281621922  -1.01923937      -0.790240703886
-0.633333333333  0.566666666667  0.066666666667  0.359244019828  0.140761280755  0.499994699418  -0.7  1.2  1.06011641191e-05   0.281522561509  1610.0  7.20776767127  -1.01887728385   -0.790030270184
-0.633333333333  0.566666666667  0.066666666667  0.359370675841  0.140633508829  0.49999581533   -0.7  1.2  8.36934009379e-06   0.281267017658  1620.0  7.16327527824  -1.01875907709   -0.789606973077
-0.633333333333  0.566666666667  0.066666666667  0.359315438196  0.140692373188  0.499992188616  -0.7  1.2  1.56227681757e-05   0.281384746376  1630.0  7.11932880414  -1.01827865568   -0.789262748731
-0.633333333333  0.566666666667  0.066666666667  0.359170509124  0.140836744304  0.499992746572  -0.7  1.2  1.45068561631e-05   0.281673488609  1640.0  7.07591826265  -1.01774820939   -0.789079574257
-0.633333333333  0.566666666667  0.066666666667  0.359242066982  0.140765465425  0.499992467594  -0.7  1.2  1.50648121699e-05   0.281530930849  1650.0  7.03303390954  -1.01756451139   -0.788724416371
-0.633333333333  0.566666666667  0.066666666667  0.359227699614  0.140780530237  0.499991770149  -0.7  1.2  1.64597021857e-05   0.281561060474  1660.0  6.99066623539  -1.01733795056   -0.788533034673
-0.633333333333  0.566666666667  0.066666666667  0.359234116108  0.140777461479  0.499988422413  -0.7  1.2  2.31551742618e-05   0.281554922957  1670.0  6.94880595853  -1.01699322441   -0.788176256672
-0.633333333333  0.566666666667  0.066666666667  0.359103275425  0.140907604717  0.499989119858  -0.7  1.2  2.17602842452e-05   0.281815209434  1680.0  6.9074440183   -1.01613060495   -0.787626957403
-0.633333333333  0.566666666667  0.066666666667  0.359035065303  0.140974838416  0.499990096281  -0.7  1.2  1.98074382226e-05   0.281949676832  1690.0  6.86657156849  -1.01608464805   -0.787743728378
-0.633333333333  0.566666666667  0.066666666667  0.358965739269  0.141046535763  0.499987724968  -0.7  1.2  2.45500642765e-05   0.282093071525  1700.0  6.82617997103  -1.01537708023   -0.787204914351
-0.633333333333  0.566666666667  0.066666666667  0.359079004339  0.140934526094  0.499986469567  -0.7  1.2  2.70608663047e-05   0.281869052189  1710.0  6.78626078991  -1.015460954     -0.787018207355
-0.633333333333  0.566666666667  0.066666666667  0.358966576203  0.14104834912   0.499985074677  -0.7  1.2  2.98506463359e-05   0.28209669824   1720.0  6.74680578532  -1.01482777433   -0.786656250104
-0.633333333333  0.566666666667  0.066666666667  0.358978432769  0.141035655621  0.499985911611  -0.7  1.2  2.81767783174e-05   0.282071311241  1730.0  6.70780690795  -1.01475780902   -0.786556992098
-0.633333333333  0.566666666667  0.066666666667  0.358872700105  0.141143899086  0.499983400809  -0.7  1.2  3.3198382373e-05    0.282287798172  1740.0  6.66925629353  -1.01405045314   -0.786105905411
-0.633333333333  0.566666666667  0.066666666667  0.358853450623  0.141159382365  0.499987167012  -0.7  1.2  2.56659762891e-05   0.28231876473   1750.0  6.63114625757  -1.0138026115    -0.785900496328
-0.633333333333  0.566666666667  0.066666666667  0.35873516395   0.141287851735  0.499976984315  -0.7  1.2  4.60313705185e-05   0.282575703471  1760.0  6.5934692902   -1.01313648649   -0.785528442028
-0.633333333333  0.566666666667  0.066666666667  0.358648401791  0.141370429224  0.499981168985  -0.7  1.2  3.76620304238e-05   0.282740858449  1770.0  6.55621805127  -1.01280962555   -0.785405625604
-0.633333333333  0.566666666667  0.066666666667  0.358630965666  0.141387586372  0.499981447963  -0.7  1.2  3.71040744179e-05   0.282775172743  1780.0  6.51938536559  -1.01256174693   -0.785199314706
-0.633333333333  0.566666666667  0.066666666667  0.358686761266  0.141334022595  0.499979216139  -0.7  1.2  4.15677224688e-05   0.28266804519   1790.0  6.4829642183   -1.01225601164   -0.784761901793
-0.633333333333  0.566666666667  0.066666666667  0.35859260619   0.141427061759  0.499980332051  -0.7  1.2  3.93358984434e-05   0.282854123518  1800.0  6.44694775042  -1.01185305825   -0.784583804679
-0.633333333333  0.566666666667  0.066666666667  0.358533881321  0.141492342612  0.499973776068  -0.7  1.2  5.24478645899e-05   0.282984685224  1810.0  6.41132925456  -1.01145200961   -0.784330251712
-0.633333333333  0.566666666667  0.066666666667  0.358542250661  0.141479091157  0.499978658183  -0.7  1.2  4.26836344805e-05   0.282958182313  1820.0  6.37610217074  -1.01122819058   -0.784081464145
-0.633333333333  0.566666666667  0.066666666667  0.358372353057  0.14165052314   0.499977123804  -0.7  1.2  4.57523925155e-05   0.283301046279  1830.0  6.34126008238  -1.01077080845   -0.784033370648
-0.633333333333  0.566666666667  0.066666666667  0.3582741528    0.141755558358  0.499970288843  -0.7  1.2  5.9422314669e-05    0.283511116715  1840.0  6.30679671236  -1.01008671226   -0.783591790032
-0.633333333333  0.566666666667  0.066666666667  0.358233282522  0.141792104476  0.499974613002  -0.7  1.2  5.07739965723e-05   0.283584208952  1850.0  6.27270591932  -1.00974487019   -0.783343712472
-0.633333333333  0.566666666667  0.066666666667  0.358259645943  0.141767275434  0.499973078623  -0.7  1.2  5.38427546064e-05   0.283534550868  1860.0  6.23898169395  -1.00965060261   -0.783187707053
-0.633333333333  0.566666666667  0.066666666667  0.358187948597  0.141839670226  0.499972381178  -0.7  1.2  5.5237644622e-05    0.283679340451  1870.0  6.20561815548  -1.00920456514   -0.782914440662
-0.633333333333  0.566666666667  0.066666666667  0.358108718844  0.141925176984  0.499966104173  -0.7  1.2  6.77916547637e-05   0.283850353967  1880.0  6.17260954827  -1.00857623972   -0.782482543657
-0.633333333333  0.566666666667  0.066666666667  0.358062966451  0.141973300689  0.49996373286   -0.7  1.2  7.25342808173e-05   0.283946601378  1890.0  6.13995023849  -1.00822803669   -0.782246517678
-0.633333333333  0.566666666667  0.066666666667  0.357990013703  0.142048066794  0.499961919503  -0.7  1.2  7.61609948573e-05   0.284096133588  1900.0  6.10763471092  -1.00797267266   -0.782168053606
-0.633333333333  0.566666666667  0.066666666667  0.35790659928   0.14212966786   0.49996373286   -0.7  1.2  7.25342808164e-05   0.28425933572   1910.0  6.07565756584  -1.00762906384   -0.78202282604
-0.633333333333  0.566666666667  0.066666666667  0.357890697534  0.14215338099   0.499955921476  -0.7  1.2  8.81570489933e-05   0.28430676198   1920.0  6.04401351602  -1.00721307611   -0.781652813883
-0.633333333333  0.566666666667  0.066666666667  0.357772829328  0.142273481021  0.499953689651  -0.7  1.2  9.26206970431e-05   0.284546962041  1930.0  6.01269738381  -1.00682174594   -0.78154659924
-0.633333333333  0.566666666667  0.066666666667  0.357661098638  0.142384793244  0.499954108118  -0.7  1.2  9.17837630332e-05   0.284769586488  1940.0  5.98170409833  -1.00622053473   -0.78121312322
-0.633333333333  0.566666666667  0.066666666667  0.357717870661  0.142328997643  0.499953131695  -0.7  1.2  9.37366090556e-05   0.284657995286  1950.0  5.95102869269  -1.00602305884   -0.780880370892
-0.633333333333  0.566666666667  0.066666666667  0.357519517301  0.142531117206  0.499949365492  -0.7  1.2  0.000101269015141   0.285062234413  1960.0  5.9206663014   -1.00530769839   -0.780644824707
-0.633333333333  0.566666666667  0.066666666667  0.357424525291  0.142628201552  0.499947273157  -0.7  1.2  0.000105453685188   0.285256403103  1970.0  5.89061215774  -1.00494627956   -0.780513479043
-0.633333333333  0.566666666667  0.066666666667  0.357360639328  0.142691390069  0.499947970602  -0.7  1.2  0.000104058795172   0.285382780139  1980.0  5.86086159129  -1.00457186696   -0.780291695303
-0.633333333333  0.566666666667  0.066666666667  0.357337623643  0.142715382178  0.499946994179  -0.7  1.2  0.000106011641193   0.285430764355  1990.0  5.8314100255   -1.00426133797   -0.78003738038
-0.633333333333  0.566666666667  0.066666666667  0.357268018631  0.142795030397  0.499936950971  -0.7  1.2  0.00012609805742    0.285590060795  2000.0  5.80225297537  -1.00387472609   -0.779827863739
-0.633333333333  0.566666666667  0.066666666667  0.357054879437  0.143013051707  0.499932068856  -0.7  1.2  0.000135862287531   0.286026103414  2010.0  5.77338604515  -1.00312027182   -0.779589825645
-0.633333333333  0.566666666667  0.066666666667  0.357013590692  0.143057548698  0.499928860609  -0.7  1.2  0.000142278781603   0.286115097397  2020.0  5.74480492611  -1.00270676116   -0.779278616226
-0.633333333333  0.566666666667  0.066666666667  0.357061993376  0.142998126384  0.49993988024   -0.7  1.2  0.000120239519353   0.285996252767  2030.0  5.71650539446  -1.00271076824   -0.779155437236
-0.633333333333  0.566666666667  0.066666666667  0.356848435715  0.143235257686  0.499916306599  -0.7  1.2  0.000167386801886   0.286470515373  2040.0  5.68848330919  -1.00200602418   -0.778986805195
-0.633333333333  0.566666666667  0.066666666667  0.356847877759  0.143228562214  0.499923560027  -0.7  1.2  0.000152879945722   0.286457124429  2050.0  5.66073461012  -1.00171152389   -0.778686390578
-0.633333333333  0.566666666667  0.066666666667  0.356736984002  0.143345872465  0.499917143533  -0.7  1.2  0.000165712933866   0.286691744929  2060.0  5.6332553159   -1.00138238996   -0.778629818153
-0.633333333333  0.566666666667  0.066666666667  0.356665007677  0.143425520685  0.499909471638  -0.7  1.2  0.000181056724039   0.286851041369  2070.0  5.6060415221   -1.00092793453   -0.778355777799
-0.633333333333  0.566666666667  0.066666666667  0.356550487207  0.143548410495  0.499901102298  -0.7  1.2  0.000197795404228   0.28709682099   2080.0  5.5790893994   -1.00029279527   -0.778003857012
-0.633333333333  0.566666666667  0.066666666667  0.35651938116   0.14356724151   0.49991337733   -0.7  1.2  0.000173245339951   0.28713448302   2090.0  5.55239519175  -1.00008136394   -0.777854805162
-0.633333333333  0.566666666667  0.066666666667  0.356487438178  0.143602671717  0.499909890105  -0.7  1.2  0.000180219790029   0.287205343433  2100.0  5.52595521464  -0.999887402356  -0.777740993957
-0.633333333333  0.566666666667  0.066666666667  0.356509198463  0.143578121652  0.499912679885  -0.7  1.2  0.000174640229967   0.287156243305  2110.0  5.49976585344  -0.999810708436  -0.777609285575
-0.633333333333  0.566666666667  0.066666666667  0.356107470138  0.144001889239  0.499890640623  -0.7  1.2  0.000218718754463   0.288003778478  2120.0  5.47382356168  -0.99845101847   -0.77723578285
-0.633333333333  0.566666666667  0.066666666667  0.35615057224   0.143958647649  0.499890780112  -0.7  1.2  0.00021843977646    0.287917295297  2130.0  5.44812485951  -0.998497419067  -0.777178598915
-0.633333333333  0.566666666667  0.066666666667  0.356137878741  0.14397524684   0.49988687442   -0.7  1.2  0.000226251160549   0.287950493679  2140.0  5.42266633213  -0.997986410349  -0.776701960286
-0.633333333333  0.566666666667  0.066666666667  0.35602475316   0.144100786941  0.499874459899  -0.7  1.2  0.000251080202828   0.288201573882  2150.0  5.39744462826  -0.997655056158  -0.776654522009
-0.633333333333  0.566666666667  0.066666666667  0.356033261989  0.144083071838  0.499883666173  -0.7  1.2  0.000232667654621   0.288166143676  2160.0  5.37245645868  -0.997270974756  -0.776240813143
-0.633333333333  0.566666666667  0.066666666667  0.355897120724  0.144239996965  0.499862882311  -0.7  1.2  0.00027423537709    0.288479993929  2170.0  5.34769859482  -0.996997186462  -0.776314547747
-0.633333333333  0.566666666667  0.066666666667  0.355742985377  0.14438869224   0.499868322383  -0.7  1.2  0.000263355234967   0.288777384481  2180.0  5.32316786732  -0.996442512836  -0.776124358882
-0.633333333333  0.566666666667  0.066666666667  0.355616747831  0.144520369858  0.499862882311  -0.7  1.2  0.00027423537709    0.289040739716  2190.0  5.29886116473  -0.995812880493  -0.775803136723
-0.633333333333  0.566666666667  0.066666666667  0.355462751973  0.144676318562  0.499860929465  -0.7  1.2  0.000278141069133   0.289352637123  2200.0  5.27477543216  -0.995215144491  -0.775576943625
-0.633333333333  0.566666666667  0.066666666667  0.355537378589  0.14460113399   0.499861487421  -0.7  1.2  0.000277025157121   0.28920226798   2210.0  5.25090767002  -0.995177885745  -0.775360023045
-0.633333333333  0.566666666667  0.066666666667  0.355517571151  0.144636703685  0.499845725164  -0.7  1.2  0.000308549671475   0.28927340737   2220.0  5.22725493277  -0.995060441132  -0.77530587854
-0.633333333333  0.566666666667  0.066666666667  0.355218506731  0.144950832917  0.499830660352  -0.7  1.2  0.000338679295815   0.289901665833  2230.0  5.20381432769  -0.99392734525   -0.774905602077
-0.633333333333  0.566666666667  0.066666666667  0.355273046931  0.144881506883  0.499845446186  -0.7  1.2  0.000309107627482   0.289763013766  2240.0  5.18058301373  -0.994133082491  -0.774965657005
-0.633333333333  0.566666666667  0.066666666667  0.355198699293  0.144978591228  0.499822709479  -0.7  1.2  0.000354581041994   0.289957182456  2250.0  5.15755820033  -0.993514949377  -0.774548694929
-0.633333333333  0.566666666667  0.066666666667  0.355145275005  0.145027691357  0.499827033638  -0.7  1.2  0.000345932723897   0.290055382713  2260.0  5.13473714635  -0.993276321974  -0.774433961657
-0.633333333333  0.566666666667  0.066666666667  0.354940505151  0.145230508365  0.499828986484  -0.7  1.2  0.000342027031853   0.29046101673   2270.0  5.11211715892  -0.992657966576  -0.774305101063
-0.633333333333  0.566666666667  0.066666666667  0.354834214532  0.145362185982  0.499803599486  -0.7  1.2  0.000392801028424   0.290724371965  2280.0  5.08969559243  -0.992067140177  -0.773994759149
-0.633333333333  0.566666666667  0.066666666667  0.354713696034  0.145467081712  0.499819222254  -0.7  1.2  0.000361555492072   0.290934163423  2290.0  5.06746984749  -0.991676547089  -0.773877787686
-0.633333333333  0.566666666667  0.066666666667  0.354740617412  0.145463733976  0.499795648613  -0.7  1.2  0.000408702774604   0.290927467951  2300.0  5.04543736989  -0.991524259106  -0.773684462039
-0.633333333333  0.566666666667  0.066666666667  0.354604336657  0.145613126696  0.499782536647  -0.7  1.2  0.000434926706899   0.291226253392  2310.0  5.02359564968  -0.990918831281  -0.773419219991
-0.633333333333  0.566666666667  0.066666666667  0.354529291574  0.145699888855  0.49977081957   -0.7  1.2  0.000458360859162   0.29139977771   2320.0  5.00194222015  -0.990490217482  -0.773182431467
-0.633333333333  0.566666666667  0.066666666667  0.354407517676  0.145817059616  0.499775422707  -0.7  1.2  0.000449154585059   0.291634119233  2330.0  4.98047465697  -0.990116595548  -0.773096463753
-0.633333333333  0.566666666667  0.066666666667  0.354358696525  0.145880108645  0.499761194829  -0.7  1.2  0.000477610341379   0.29176021729   2340.0  4.95919057724  -0.989768807105  -0.772880073949
-0.633333333333  0.566666666667  0.066666666667  0.354213627964  0.146030756767  0.499755615269  -0.7  1.2  0.000488769461506   0.292061513534  2350.0  4.93808763862  -0.989253691677  -0.772718702629
-0.633333333333  0.566666666667  0.066666666667  0.354179592647  0.146066047484  0.499754359868  -0.7  1.2  0.000491280263533   0.292132094969  2360.0  4.91716353845  -0.988897737113  -0.772445688225
-0.633333333333  0.566666666667  0.066666666667  0.354129516096  0.14613648943   0.499733994474  -0.7  1.2  0.000532011051992   0.29227297886   2370.0  4.89641601298  -0.988641438881  -0.772329939111
-0.633333333333  0.566666666667  0.066666666667  0.353952783531  0.146317546154  0.499729670315  -0.7  1.2  0.00054065937009    0.292635092308  2380.0  4.87584283645  -0.987853941635  -0.77197092418
-0.633333333333  0.566666666667  0.066666666667  0.353912750187  0.146370830953  0.49971641886   -0.7  1.2  0.000567162280389   0.292741661905  2390.0  4.8554418204   -0.987709605024  -0.771935919049
-0.633333333333  0.566666666667  0.066666666667  0.353603503071  0.146698211639  0.49969828529   -0.7  1.2  0.000603429420797   0.293396423279  2400.0  4.83521081281  -0.986746477632  -0.771733118306
