#mu0            mu1             mu2              x0              x1                 x2              mua  mub   xa              xb                 T       b              u                phi
0.466666666667  0.166666666667  -0.633333333333  0.638040129312  0.0                0.361959870688  1.1  -0.3  0.276080258624  0.0                30.0    386.816865025  -1.0424169418    -1.17943855962
0.466666666667  0.166666666667  -0.633333333333  0.639548563375  0.0                0.360451436625  1.1  -0.3  0.27909712675   0.0                40.0    290.112648769  -1.03960671638   -1.17994688914
0.466666666667  0.166666666667  -0.633333333333  0.639338213961  0.0                0.360661786039  1.1  -0.3  0.278676427921  0.0                50.0    232.090119015  -1.04043204127   -1.18030944532
0.466666666667  0.166666666667  -0.633333333333  0.639870503991  0.0                0.360129496009  1.1  -0.3  0.279741007981  0.0                60.0    193.408432513  -1.03947295223   -1.18052139434
0.466666666667  0.166666666667  -0.633333333333  0.640256888525  0.0                0.359743111475  1.1  -0.3  0.28051377705   0.0                70.0    165.778656439  -1.0397157201    -1.18161420818
0.466666666667  0.166666666667  -0.633333333333  0.638521366367  0.0                0.361478633633  1.1  -0.3  0.277042732735  0.0                80.0    145.056324384  -1.04414772481   -1.18222806415
0.466666666667  0.166666666667  -0.633333333333  0.638088950462  0.0                0.361911049538  1.1  -0.3  0.276177900925  0.0                90.0    128.938955008  -1.04539853986   -1.18252756421
0.466666666667  0.166666666667  -0.633333333333  0.637564611306  0.0                0.362435388694  1.1  -0.3  0.275129222611  0.0                100.0   116.045059507  -1.04679426145   -1.18276973965
0.466666666667  0.166666666667  -0.633333333333  0.638257034709  0.0                0.361742965291  1.1  -0.3  0.276514069419  0.0                110.0   105.495508643  -1.0456793542    -1.18317816389
0.466666666667  0.166666666667  -0.633333333333  0.641740493546  0.0                0.358259506454  1.1  -0.3  0.283480987091  0.0                120.0   96.7042162563  -1.0394750991    -1.18463751824
0.466666666667  0.166666666667  -0.633333333333  0.646994904746  0.0                0.353005095254  1.1  -0.3  0.293989809492  0.0                130.0   89.2654303904  -1.02875572992   -1.18547785369
0.466666666667  0.166666666667  -0.633333333333  0.65479568767   0.0                0.34520431233   1.1  -0.3  0.309591375339  0.0                140.0   82.8893282196  -1.01228588042   -1.18616972663
0.466666666667  0.166666666667  -0.633333333333  0.659944087229  0.0                0.340055912771  1.1  -0.3  0.319888174457  0.0                150.0   77.363373005   -1.00160485752   -1.18681518276
0.466666666667  0.166666666667  -0.633333333333  0.664527416842  0.0                0.335472583158  1.1  -0.3  0.329054833684  0.0                160.0   72.5281621922  -0.99195317057   -1.18724682096
0.466666666667  0.166666666667  -0.633333333333  0.664109647283  0.0                0.335890352717  1.1  -0.3  0.328219294565  0.0                170.0   68.2617997103  -0.992824375881  -1.18719893324
0.466666666667  0.166666666667  -0.633333333333  0.66233297587   0.0                0.33766702413   1.1  -0.3  0.324665951739  0.0                180.0   64.4694775042  -0.996638336964  -1.18710421721
0.466666666667  0.166666666667  -0.633333333333  0.662263370858  0.0                0.337736629142  1.1  -0.3  0.324526741715  0.0                190.0   61.0763471092  -0.996739261104  -1.18705201032
0.466666666667  0.166666666667  -0.633333333333  0.662380123152  0.0                0.337619876848  1.1  -0.3  0.324760246304  0.0                200.0   58.0225297537  -0.996464055752  -1.18703366002
0.466666666667  0.166666666667  -0.633333333333  0.662222082113  0.0                0.337777917887  1.1  -0.3  0.324444164227  0.0                210.0   55.2595521464  -0.996783171808  -1.18700508579
0.466666666667  0.166666666667  -0.633333333333  0.66197811585   0.0                0.33802188415   1.1  -0.3  0.323956231699  0.0                220.0   52.7477543216  -0.997270920615  -1.18695610882
0.466666666667  0.166666666667  -0.633333333333  0.660970447302  0.0                0.339029552698  1.1  -0.3  0.321940894604  0.0                230.0   50.4543736989  -0.999389579309  -1.18685789671
0.466666666667  0.166666666667  -0.633333333333  0.660997089701  0.0                0.339002910299  1.1  -0.3  0.321994179403  0.0                240.0   48.3521081281  -0.999286875626  -1.1868138063
0.466666666667  0.166666666667  -0.633333333333  0.659479728342  0.0                0.340520271658  1.1  -0.3  0.318959456685  0.0                250.0   46.418023803   -1.00248346194   -1.18667219763
0.466666666667  0.166666666667  -0.633333333333  0.659290441767  0.0                0.340709558233  1.1  -0.3  0.318580883534  0.0                260.0   44.6327151952  -1.00281223799   -1.18658454322
0.466666666667  0.166666666667  -0.633333333333  0.658036017176  0.0                0.341963982824  1.1  -0.3  0.316072034352  0.0                270.0   42.9796516694  -1.00540678237   -1.18641935349
0.466666666667  0.166666666667  -0.633333333333  0.657441375562  0.0                0.342558624438  1.1  -0.3  0.314882751125  0.0                280.0   41.4446641098  -1.00658659594   -1.18629095552
0.466666666667  0.166666666667  -0.633333333333  0.656619645854  0.0                0.343380354146  1.1  -0.3  0.313239291708  0.0                290.0   40.0155377612  -1.00813648016   -1.18603303437
0.466666666667  0.166666666667  -0.633333333333  0.655545999009  0.0                0.344454000991  1.1  -0.3  0.311091998018  0.0                300.0   38.6816865025  -1.01043081298   -1.18596534414
0.466666666667  0.166666666667  -0.633333333333  0.654939640319  0.0                0.345060359681  1.1  -0.3  0.309879280638  0.0                310.0   37.4338901637  -1.01155815206   -1.18575869409
0.466666666667  0.166666666667  -0.633333333333  0.653067697918  0.0                0.346932302082  1.1  -0.3  0.306135395836  0.0                320.0   36.2640810961  -1.01544985721   -1.18553212596
0.466666666667  0.166666666667  -0.633333333333  0.651610177341  0.0                0.348389822659  1.1  -0.3  0.303220354681  0.0                330.0   35.1651695477  -1.018008818     -1.18488454148
0.466666666667  0.166666666667  -0.633333333333  0.650466367528  0.0                0.349533632472  1.1  -0.3  0.300932735056  0.0                340.0   34.1308998551  -1.02042084816   -1.18478019006
0.466666666667  0.166666666667  -0.633333333333  0.650996286245  0.0                0.349003713755  1.1  -0.3  0.30199257249   0.0                350.0   33.1557312879  -1.01939095546   -1.18491611853
0.466666666667  0.166666666667  -0.633333333333  0.649027259499  0.0                0.350972740501  1.1  -0.3  0.298054518997  0.0                360.0   32.2347387521  -1.02301925058   -1.18421255481
0.466666666667  0.166666666667  -0.633333333333  0.64800159687   0.0                0.35199840313   1.1  -0.3  0.29600319374   0.0                370.0   31.3635295966  -1.02501605458   -1.18395290103
0.466666666667  0.166666666667  -0.633333333333  0.647616328248  0.0                0.352383671752  1.1  -0.3  0.295232656496  0.0                380.0   30.5381735546  -1.02558273311   -1.18367198859
0.466666666667  0.166666666667  -0.633333333333  0.646443086256  0.0                0.353556913744  1.1  -0.3  0.292886172511  0.0                390.0   29.7551434635  -1.02759492501   -1.18310304811
0.466666666667  0.166666666667  -0.633333333333  0.645570861529  0.0                0.354429138471  1.1  -0.3  0.291141723057  0.0                400.0   29.0112648769  -1.02938104103   -1.18297026973
0.466666666667  0.166666666667  -0.633333333333  0.644852772149  0.0                0.355147227851  1.1  -0.3  0.289705544297  0.0                410.0   28.3036730506  -1.03068317428   -1.18269260634
0.466666666667  0.166666666667  -0.633333333333  0.644306812196  0.0                0.355693187804  1.1  -0.3  0.288613624393  0.0                420.0   27.6297760732  -1.03166210147   -1.18247042163
0.466666666667  0.166666666667  -0.633333333333  0.643138173341  0.0                0.356861826659  1.1  -0.3  0.286276346683  0.0                430.0   26.9872231413  -1.03404292685   -1.18228024154
0.466666666667  0.166666666667  -0.633333333333  0.643196340255  0.0                0.356803659745  1.1  -0.3  0.28639268051   0.0                440.0   26.3738771608  -1.03372077733   -1.18208605922
0.466666666667  0.166666666667  -0.633333333333  0.642819440973  0.0                0.357180559027  1.1  -0.3  0.285638881945  0.0                450.0   25.7877910017  -1.03416610287   -1.18170220634
0.466666666667  0.166666666667  -0.633333333333  0.641498480128  0.0                0.358501519872  1.1  -0.3  0.282996960256  0.0                460.0   25.2271868495  -1.03688771799   -1.1815177076
0.466666666667  0.166666666667  -0.633333333333  0.640412139784  0.0                0.359587860216  1.1  -0.3  0.280824279567  0.0                470.0   24.6904381931  -1.03893770157   -1.18117774243
0.466666666667  0.166666666667  -0.633333333333  0.640213367956  0.0                0.359786632044  1.1  -0.3  0.280426735913  0.0                480.0   24.1760540641  -1.03914843304   -1.18095117588
0.466666666667  0.166666666667  -0.633333333333  0.63995294199   0.0                0.36004705801   1.1  -0.3  0.279905883981  0.0                490.0   23.6826652056  -1.03950063632   -1.18073044203
0.466666666667  0.166666666667  -0.633333333333  0.639211557947  0.0                0.360788442053  1.1  -0.3  0.278423115894  0.0                500.0   23.2090119015  -1.04081709468   -1.1804158555
0.466666666667  0.166666666667  -0.633333333333  0.63842316611   0.0                0.36157683389   1.1  -0.3  0.27684633222   0.0                510.0   22.7539332368  -1.04233141694   -1.18019571571
0.466666666667  0.166666666667  -0.633333333333  0.638296370608  0.0                0.361703629392  1.1  -0.3  0.276592741216  0.0                520.0   22.3163575976  -1.04242908492   -1.18001443359
0.466666666667  0.166666666667  -0.633333333333  0.637416892453  0.0                0.362583107547  1.1  -0.3  0.274833784906  0.0                530.0   21.8952942467  -1.04399582732   -1.17964632405
0.466666666667  0.166666666667  -0.633333333333  0.637103042199  0.0                0.362896957801  1.1  -0.3  0.274206084399  0.0                540.0   21.4898258347  -1.04445890353   -1.1794189297
0.466666666667  0.166666666667  -0.633333333333  0.636643704917  0.0                0.363356295083  1.1  -0.3  0.273287409834  0.0                550.0   21.0991017286  -1.04516948838   -1.17911897253
0.466666666667  0.166666666667  -0.633333333333  0.635848757097  0.0                0.364151242903  1.1  -0.3  0.271697514194  0.0                560.0   20.7223320549  -1.04669064715   -1.17889124609
0.466666666667  0.166666666667  -0.633333333333  0.635266390516  0.0                0.364733609484  1.1  -0.3  0.270532781031  0.0                570.0   20.3587823697  -1.04763261012   -1.17855200259
0.466666666667  0.166666666667  -0.633333333333  0.635162889676  0.0                0.364837110324  1.1  -0.3  0.270325779353  0.0                580.0   20.0077688806  -1.04771907324   -1.17841076387
0.466666666667  0.166666666667  -0.633333333333  0.634611489653  0.0                0.365388510347  1.1  -0.3  0.269222979307  0.0                590.0   19.6686541538  -1.04858764322   -1.17806625379
0.466666666667  0.166666666667  -0.633333333333  0.634274763203  0.0                0.365725236797  1.1  -0.3  0.268549526407  0.0                600.0   19.3408432512  -1.04900745357   -1.17774526595
0.466666666667  0.166666666667  -0.633333333333  0.633819331613  0.0                0.366180668387  1.1  -0.3  0.267638663227  0.0                610.0   19.0237802471  -1.04981298151   -1.17754884439
0.466666666667  0.166666666667  -0.633333333333  0.633675099986  0.0                0.366324900014  1.1  -0.3  0.267350199971  0.0                620.0   18.7169450819  -1.04992968546   -1.17734823876
0.466666666667  0.166666666667  -0.633333333333  0.633343255651  0.0                0.366656744349  1.1  -0.3  0.266686511302  0.0                630.0   18.4198507155  -1.05038895306   -1.17707744883
0.466666666667  0.166666666667  -0.633333333333  0.632663525746  0.0                0.367336474254  1.1  -0.3  0.265327051493  0.0                640.0   18.132040548   -1.05153893441   -1.17673202438
0.466666666667  0.166666666667  -0.633333333333  0.6327579598    0.0                0.3672420402    1.1  -0.3  0.265515919601  0.0                650.0   17.8530860781  -1.05124060873   -1.17664145362
0.466666666667  0.166666666667  -0.633333333333  0.632352604762  0.0                0.367647395238  1.1  -0.3  0.264705209524  0.0                660.0   17.5825847739  -1.05178967112   -1.17629873493
0.466666666667  0.166666666667  -0.633333333333  0.632306015435  0.0                0.367693984565  1.1  -0.3  0.264612030871  0.0                670.0   17.3201581354  -1.05175726379   -1.17616383108
0.466666666667  0.166666666667  -0.633333333333  0.632008345906  0.0                0.367991654094  1.1  -0.3  0.264016691812  0.0                680.0   17.0654499276  -1.05214332901   -1.17589502334
0.466666666667  0.166666666667  -0.633333333333  0.631689474048  0.0                0.368310525952  1.1  -0.3  0.263378948097  0.0                690.0   16.8181245663  -1.05262840335   -1.17567857959
0.466666666667  0.166666666667  -0.633333333333  0.631673432813  0.0                0.368326567187  1.1  -0.3  0.263346865626  0.0                700.0   16.5778656439  -1.05250526262   -1.17552014814
0.466666666667  0.166666666667  -0.633333333333  0.63144202056   0.0                0.36855797944   1.1  -0.3  0.262884041119  0.0                710.0   16.3443745785  -1.05280603991   -1.17531181847
0.466666666667  0.166666666667  -0.633333333333  0.631231950123  0.0                0.368768049877  1.1  -0.3  0.262463900246  0.0                720.0   16.117369376   -1.0529669441    -1.17501056771
0.466666666667  0.166666666667  -0.633333333333  0.631253152451  0.0                0.368746847549  1.1  -0.3  0.262506304903  0.0                730.0   15.8965834942  -1.05277096322   -1.17486123194
0.466666666667  0.166666666667  -0.633333333333  0.630859514489  0.0                0.369140485511  1.1  -0.3  0.261719028978  0.0                740.0   15.6817647983  -1.05340053953   -1.17462480474
0.466666666667  0.166666666667  -0.633333333333  0.630794512614  0.0                0.369205487386  1.1  -0.3  0.261589025229  0.0                750.0   15.472674601   -1.05338357462   -1.17446483571
0.466666666667  0.166666666667  -0.633333333333  0.630620151362  0.0                0.369379848638  1.1  -0.3  0.261240302725  0.0                760.0   15.2690867773  -1.05347359369   -1.17417126002
0.466666666667  0.166666666667  -0.633333333333  0.630514976655  0.0                0.369485023345  1.1  -0.3  0.26102995331   0.0                770.0   15.070786949   -1.0535030156    -1.17396929758
0.466666666667  0.166666666667  -0.633333333333  0.630533947159  0.0                0.369466052841  1.1  -0.3  0.261067894319  0.0                780.0   14.8775717317  -1.05335604522   -1.1738640623
0.466666666667  0.166666666667  -0.633333333333  0.630413568151  0.0                0.369586431849  1.1  -0.3  0.260827136302  0.0                790.0   14.6892480389  -1.05335326075   -1.17359644401
0.466666666667  0.166666666667  -0.633333333333  0.630302255928  0.0                0.369697744072  1.1  -0.3  0.260604511855  0.0                800.0   14.5056324384  -1.05341343996   -1.17341173633
0.466666666667  0.166666666667  -0.633333333333  0.630052710104  0.0                0.369947289896  1.1  -0.3  0.260105420208  0.0                810.0   14.3265505565  -1.05376086702   -1.17321016258
0.466666666667  0.166666666667  -0.633333333333  0.630121338693  0.0                0.369878661307  1.1  -0.3  0.260242677385  0.0                820.0   14.1518365253  -1.0535206305    -1.17312090896
0.466666666667  0.166666666667  -0.633333333333  0.630157884811  0.0                0.369842115189  1.1  -0.3  0.260315769622  0.0                830.0   13.9813324708  -1.05320322041   -1.17288390033
0.466666666667  0.166666666667  -0.633333333333  0.629931075695  4.18467004883e-07  0.370068505838  1.1  -0.3  0.259862988323  8.36934009766e-07  840.0   13.8148880366  -1.05347230961   -1.17265467902
0.466666666667  0.166666666667  -0.633333333333  0.629988266185  0.0                0.370011733815  1.1  -0.3  0.25997653237   0.0                850.0   13.6523599421  -1.05320576086   -1.1725132798
0.466666666667  0.166666666667  -0.633333333333  0.629884904835  0.0                0.370115095165  1.1  -0.3  0.25976980967   0.0                860.0   13.4936115706  -1.0532154193    -1.17229554327
0.466666666667  0.166666666667  -0.633333333333  0.629763270426  0.0                0.370236729574  1.1  -0.3  0.259526540851  0.0                870.0   13.3385125871  -1.05329547098   -1.17210799925
0.466666666667  0.166666666667  -0.633333333333  0.629870397979  0.0                0.370129602021  1.1  -0.3  0.259740795958  0.0                880.0   13.1869385804  -1.0528894666    -1.17193767549
0.466666666667  0.166666666667  -0.633333333333  0.629746392256  0.0                0.370253607744  1.1  -0.3  0.259492784513  0.0                890.0   13.0387707312  -1.05305348268   -1.17182887898
0.466666666667  0.166666666667  -0.633333333333  0.629733977735  0.0                0.370266022265  1.1  -0.3  0.259467955471  0.0                900.0   12.8938955008  -1.05288855657   -1.17163664092
0.466666666667  0.166666666667  -0.633333333333  0.629718773434  0.0                0.370281226566  1.1  -0.3  0.259437546868  0.0                910.0   12.7522043415  -1.05273248212   -1.17144711701
0.466666666667  0.166666666667  -0.633333333333  0.62977945115   1.39489001953e-07  0.370220409361  1.1  -0.3  0.259559181278  2.78978003906e-07  920.0   12.6135934247  -1.05237972144   -1.17122807049
0.466666666667  0.166666666667  -0.633333333333  0.629785867644  1.39489001953e-07  0.370213992867  1.1  -0.3  0.259572014266  2.78978003906e-07  930.0   12.4779633879  -1.05226184364   -1.17112430897
0.466666666667  0.166666666667  -0.633333333333  0.629731327444  0.0                0.370268672556  1.1  -0.3  0.259462654889  0.0                940.0   12.3452190965  -1.05216435386   -1.17090660757
0.466666666667  0.166666666667  -0.633333333333  0.629775126991  2.7897800293e-07   0.370224594031  1.1  -0.3  0.259550811938  5.57956005859e-07  950.0   12.2152694218  -1.05196302718   -1.17080208625
0.466666666667  0.166666666667  -0.633333333333  0.62959783647   0.0                0.37040216353   1.1  -0.3  0.25919567294   0.0                960.0   12.088027032   -1.05211917351   -1.17056774708
0.466666666667  0.166666666667  -0.633333333333  0.629721423725  0.0                0.370278576275  1.1  -0.3  0.25944284745   0.0                970.0   11.9634081967  -1.05172302734   -1.17044349287
0.466666666667  0.166666666667  -0.633333333333  0.629761875536  0.0                0.370238124464  1.1  -0.3  0.259523751071  0.0                980.0   11.8413326028  -1.05145403498   -1.17026349449
0.466666666667  0.166666666667  -0.633333333333  0.629679298047  0.0                0.370320701953  1.1  -0.3  0.259358596093  0.0                990.0   11.7217231826  -1.05147833783   -1.17010612687
0.466666666667  0.166666666667  -0.633333333333  0.629794655451  6.97445007813e-07  0.370204647104  1.1  -0.3  0.259590705792  1.39489001563e-06  1000.0  11.6045059507  -1.05106538059   -1.16994807182
0.466666666667  0.166666666667  -0.633333333333  0.629927170002  0.0                0.370072829998  1.1  -0.3  0.259854340005  0.0                1010.0  11.4896098522  -1.05061558681   -1.16978869415
0.466666666667  0.166666666667  -0.633333333333  0.629775824436  0.0                0.370224175564  1.1  -0.3  0.259551648872  0.0                1020.0  11.3769666184  -1.0508253703    -1.16966551739
0.466666666667  0.166666666667  -0.633333333333  0.629773313634  6.97445007813e-07  0.370225988921  1.1  -0.3  0.259548022158  1.39489001563e-06  1030.0  11.2665106318  -1.05066672611   -1.16950246535
0.466666666667  0.166666666667  -0.633333333333  0.629869979512  1.39489001953e-07  0.370129880999  1.1  -0.3  0.259740238002  2.78978003906e-07  1040.0  11.1581787988  -1.05033932681   -1.16938683826
0.466666666667  0.166666666667  -0.633333333333  0.630008213112  5.57956005859e-07  0.369991228932  1.1  -0.3  0.260017542137  1.11591201172e-06  1050.0  11.0519104293  -1.04978751158   -1.16913980649
0.466666666667  0.166666666667  -0.633333333333  0.630040295583  2.7897800293e-07   0.369959425439  1.1  -0.3  0.260081149122  5.57956005859e-07  1060.0  10.9476471233  -1.04961598681   -1.16903841679
0.466666666667  0.166666666667  -0.633333333333  0.629913639569  4.18467004883e-07  0.370085941964  1.1  -0.3  0.259828116073  8.36934009766e-07  1070.0  10.8453326643  -1.04968726324   -1.16883127317
0.466666666667  0.166666666667  -0.633333333333  0.630076841701  5.57956005859e-07  0.369922600343  1.1  -0.3  0.260154799314  1.11591201172e-06  1080.0  10.7449129174  -1.04920835032   -1.16871162812
0.466666666667  0.166666666667  -0.633333333333  0.630157466344  8.36934009766e-07  0.369841696722  1.1  -0.3  0.260316606556  1.67386801953e-06  1090.0  10.6463357346  -1.04889370028   -1.16857479867
0.466666666667  0.166666666667  -0.633333333333  0.630084653085  1.53437901758e-06  0.369913812536  1.1  -0.3  0.260172374929  3.06875803516e-06  1100.0  10.5495508643  -1.04893021849   -1.16845224362
0.466666666667  0.166666666667  -0.633333333333  0.630287470094  2.7897800293e-07   0.369712250928  1.1  -0.3  0.260575498143  5.57956005859e-07  1110.0  10.4545098655  -1.04832863871   -1.16829485261
0.466666666667  0.166666666667  -0.633333333333  0.630193036039  2.7897800293e-07   0.369806684983  1.1  -0.3  0.260386630035  5.57956005859e-07  1120.0  10.3611660275  -1.04838170843   -1.16814016741
0.466666666667  0.166666666667  -0.633333333333  0.630296536879  5.57956005859e-07  0.369702905165  1.1  -0.3  0.260594189669  1.11591201172e-06  1130.0  10.2694742927  -1.04802164604   -1.16800825324
0.466666666667  0.166666666667  -0.633333333333  0.63041510253   2.09233502344e-06  0.369582805135  1.1  -0.3  0.26083438973   4.18467004688e-06  1140.0  10.1793911849  -1.04756780651   -1.16781771315
0.466666666667  0.166666666667  -0.633333333333  0.630432259677  1.67386801855e-06  0.369566066455  1.1  -0.3  0.26086786709   3.34773603711e-06  1150.0  10.0908747398  -1.04739372731   -1.16768071012
0.466666666667  0.166666666667  -0.633333333333  0.630621964719  3.06875803418e-06  0.369374966523  1.1  -0.3  0.261250066955  6.13751606836e-06  1160.0  10.0038844403  -1.04680387275   -1.16751043847
0.466666666667  0.166666666667  -0.633333333333  0.630592811518  1.1159120127e-06   0.36940607257   1.1  -0.3  0.26118785486   2.23182402539e-06  1170.0  9.91838115449  -1.04677827409   -1.16741757823
0.466666666667  0.166666666667  -0.633333333333  0.630647630696  1.25540101367e-06  0.369351113903  1.1  -0.3  0.261297772193  2.51080202734e-06  1180.0  9.83432707691  -1.04646649021   -1.16722661971
0.466666666667  0.166666666667  -0.633333333333  0.63081180925   1.1159120127e-06   0.369187074838  1.1  -0.3  0.261625850325  2.23182402539e-06  1190.0  9.7516856729   -1.04599358551   -1.16711468465
0.466666666667  0.166666666667  -0.633333333333  0.630758942919  2.09233502344e-06  0.369238964746  1.1  -0.3  0.261522070508  4.18467004688e-06  1200.0  9.67042162562  -1.04595010293   -1.16695645842
0.466666666667  0.166666666667  -0.633333333333  0.630916007535  3.76620304199e-06  0.369080226262  1.1  -0.3  0.261839547475  7.53240608398e-06  1210.0  9.59050078574  -1.04546903045   -1.16682360629
0.466666666667  0.166666666667  -0.633333333333  0.631019926841  2.51080202832e-06  0.368977562357  1.1  -0.3  0.262044875286  5.02160405664e-06  1220.0  9.51189012357  -1.04510901157   -1.16669020124
0.466666666667  0.166666666667  -0.633333333333  0.631077675287  4.18467004688e-06  0.368918140042  1.1  -0.3  0.262163719915  8.36934009375e-06  1230.0  9.43455768354  -1.04478169407   -1.16649260851
0.466666666667  0.166666666667  -0.633333333333  0.6311345868    2.37131302637e-06  0.368863041887  1.1  -0.3  0.262273916226  4.74262605273e-06  1240.0  9.35847254093  -1.04458117094   -1.16641438933
0.466666666667  0.166666666667  -0.633333333333  0.631307274184  2.23182402539e-06  0.368690493992  1.1  -0.3  0.262619012016  4.46364805078e-06  1250.0  9.2836047606   -1.04409606692   -1.16630897438
0.466666666667  0.166666666667  -0.633333333333  0.631323873375  3.76620304199e-06  0.368672360422  1.1  -0.3  0.262655279157  7.53240608398e-06  1260.0  9.20992535774  -1.04388078461   -1.16613266529
0.466666666667  0.166666666667  -0.633333333333  0.631486517551  4.18467004688e-06  0.368509297779  1.1  -0.3  0.262981404442  8.36934009375e-06  1270.0  9.13740626043  -1.04343396359   -1.16604433101
0.466666666667  0.166666666667  -0.633333333333  0.631476195365  4.74262605371e-06  0.368519062009  1.1  -0.3  0.262961875982  9.48525210742e-06  1280.0  9.06602027402  -1.04332225885   -1.16591081019
0.466666666667  0.166666666667  -0.633333333333  0.631538546949  5.44007106152e-06  0.36845601298   1.1  -0.3  0.263087974039  1.0880142123e-05   1290.0  8.99574104709  -1.04297852609   -1.16570536683
0.466666666667  0.166666666667  -0.633333333333  0.631718766739  7.53240608496e-06  0.368273700855  1.1  -0.3  0.26345259829   1.50648121699e-05  1300.0  8.92654303904  -1.0424372614    -1.16556393341
0.466666666667  0.166666666667  -0.633333333333  0.631713187179  5.44007106152e-06  0.36828137275   1.1  -0.3  0.263437254499  1.0880142123e-05   1310.0  8.85840148912  -1.04228809157   -1.16539914081
0.466666666667  0.166666666667  -0.633333333333  0.631747361984  5.44007106152e-06  0.368247197945  1.1  -0.3  0.26350560411   1.0880142123e-05   1320.0  8.79129238693  -1.04215918417   -1.16534541798
0.466666666667  0.166666666667  -0.633333333333  0.631776654674  1.07406531211e-05  0.368212604673  1.1  -0.3  0.263574790655  2.14813062422e-05  1330.0  8.72519244417  -1.04193887571   -1.16519803437
0.466666666667  0.166666666667  -0.633333333333  0.631995373429  8.22985109277e-06  0.36799639672   1.1  -0.3  0.26400720656   1.64597021855e-05  1340.0  8.66007906772  -1.04125943803   -1.16499576067
0.466666666667  0.166666666667  -0.633333333333  0.632050332095  1.00432081133e-05  0.367939624696  1.1  -0.3  0.264120750607  2.00864162266e-05  1350.0  8.59593033389  -1.04106544455   -1.16492557763
0.466666666667  0.166666666667  -0.633333333333  0.632161783808  7.81138408789e-06  0.367830404808  1.1  -0.3  0.264339190384  1.56227681758e-05  1360.0  8.53272496379  -1.04070060717   -1.16480236309
0.466666666667  0.166666666667  -0.633333333333  0.632292903469  1.17170761318e-05  0.367695379455  1.1  -0.3  0.264609241091  2.34341522637e-05  1370.0  8.47044229982  -1.04023321631   -1.1646296846
0.466666666667  0.166666666667  -0.633333333333  0.6324548502    1.39489001572e-05  0.3675312009    1.1  -0.3  0.2649375982    2.78978003145e-05  1380.0  8.40906228315  -1.03975697715   -1.16451329916
0.466666666667  0.166666666667  -0.633333333333  0.632543844183  1.24145211396e-05  0.367443741296  1.1  -0.3  0.265112517408  2.48290422793e-05  1390.0  8.34856543219  -1.03948531788   -1.16443497165
0.466666666667  0.166666666667  -0.633333333333  0.632593920735  1.18565651338e-05  0.3673942227    1.1  -0.3  0.265211554599  2.37131302676e-05  1400.0  8.28893282196  -1.03914432237   -1.16420325182
0.466666666667  0.166666666667  -0.633333333333  0.632760052135  1.18565651338e-05  0.367228091299  1.1  -0.3  0.265543817401  2.37131302676e-05  1410.0  8.23014606436  -1.03870421067   -1.1641286292
0.466666666667  0.166666666667  -0.633333333333  0.632788647381  1.63202131836e-05  0.367195032406  1.1  -0.3  0.265609935188  3.26404263672e-05  1420.0  8.17218728926  -1.03845341225   -1.16394788216
0.466666666667  0.166666666667  -0.633333333333  0.632933297475  1.31119661475e-05  0.367053590558  1.1  -0.3  0.265892818883  2.62239322949e-05  1430.0  8.1150391264   -1.03806981364   -1.16387738056
0.466666666667  0.166666666667  -0.633333333333  0.633129279523  1.63202131836e-05  0.366854400264  1.1  -0.3  0.266291199472  3.26404263672e-05  1440.0  8.05868468802  -1.0374677792    -1.16371163982
0.466666666667  0.166666666667  -0.633333333333  0.633253145756  1.36699221543e-05  0.366733184322  1.1  -0.3  0.266533631356  2.73398443086e-05  1450.0  8.00310755224  -1.03702887072   -1.16354099659
0.466666666667  0.166666666667  -0.633333333333  0.63337547761   1.56227681758e-05  0.366608899621  1.1  -0.3  0.266782200757  3.12455363516e-05  1460.0  7.94829174709  -1.03663037244   -1.16341475295
0.466666666667  0.166666666667  -0.633333333333  0.633288157495  1.86915262109e-05  0.366693150978  1.1  -0.3  0.266613698043  3.73830524219e-05  1470.0  7.8942217352   -1.03674597781   -1.16334316407
0.466666666667  0.166666666667  -0.633333333333  0.633444803644  1.78545922012e-05  0.366537341764  1.1  -0.3  0.266925316473  3.57091844023e-05  1480.0  7.84088239916  -1.03628151018   -1.16322197888
0.466666666667  0.166666666667  -0.633333333333  0.633493485306  2.49685312813e-05  0.366481546163  1.1  -0.3  0.267036907674  4.99370625625e-05  1490.0  7.78825902735  -1.03604327688   -1.16310222753
0.466666666667  0.166666666667  -0.633333333333  0.633660872108  2.27367072559e-05  0.366316391185  1.1  -0.3  0.26736721763   4.54734145117e-05  1500.0  7.7363373005   -1.03548640128   -1.16291003198
0.466666666667  0.166666666667  -0.633333333333  0.633736614635  2.30156852588e-05  0.366240369679  1.1  -0.3  0.267519260641  4.60313705176e-05  1510.0  7.68510327864  -1.03527435429   -1.16286506492
0.466666666667  0.166666666667  -0.633333333333  0.633893121295  2.17602842451e-05  0.366085118421  1.1  -0.3  0.267829763159  4.35205684902e-05  1520.0  7.63454338865  -1.03473389378   -1.16266691041
0.466666666667  0.166666666667  -0.633333333333  0.633997459068  2.42710862734e-05  0.365978269845  1.1  -0.3  0.268043460309  4.85421725469e-05  1530.0  7.58464441225  -1.03441095603   -1.16257753305
0.466666666667  0.166666666667  -0.633333333333  0.634115745742  2.41315972715e-05  0.365860122661  1.1  -0.3  0.268279754678  4.8263194543e-05   1540.0  7.53539347451  -1.03402100449   -1.16244758901
0.466666666667  0.166666666667  -0.633333333333  0.634272810357  3.06875803457e-05  0.365696502062  1.1  -0.3  0.268606995876  6.13751606914e-05  1550.0  7.48677803274  -1.03348014084   -1.16226275709
0.466666666667  0.166666666667  -0.633333333333  0.634316330926  3.45932723896e-05  0.365649075802  1.1  -0.3  0.268701848397  6.91865447793e-05  1560.0  7.43878586587  -1.03328556924   -1.16217017984
0.466666666667  0.166666666667  -0.633333333333  0.634306985163  3.6825096415e-05   0.365656189741  1.1  -0.3  0.268687620518  7.36501928301e-05  1570.0  7.39140506417  -1.03317175398   -1.16203937483
0.466666666667  0.166666666667  -0.633333333333  0.634641061322  3.52907173975e-05  0.365323647961  1.1  -0.3  0.269352704078  7.05814347949e-05  1580.0  7.34462401946  -1.03228522569   -1.16188535908
0.466666666667  0.166666666667  -0.633333333333  0.634786269372  4.21256784746e-05  0.365171604949  1.1  -0.3  0.269656790101  8.42513569492e-05  1590.0  7.29843141557  -1.03181137343   -1.16174190047
0.466666666667  0.166666666667  -0.633333333333  0.634808169145  4.36600574922e-05  0.365148170797  1.1  -0.3  0.269703658406  8.73201149844e-05  1600.0  7.25281621922  -1.03161989515   -1.16160105669
0.466666666667  0.166666666667  -0.633333333333  0.634801752651  4.31021014854e-05  0.365155145247  1.1  -0.3  0.269689709506  8.62042029707e-05  1610.0  7.20776767127  -1.03155910128   -1.1615252538
0.466666666667  0.166666666667  -0.633333333333  0.635049764096  5.00765515645e-05  0.364900159352  1.1  -0.3  0.270199681296  0.000100153103129  1620.0  7.16327527824  -1.03085105004   -1.16137398686
0.466666666667  0.166666666667  -0.633333333333  0.635152149023  4.57523925156e-05  0.364802098584  1.1  -0.3  0.270395802832  9.15047850313e-05  1630.0  7.11932880414  -1.03047132382   -1.16121258884
0.466666666667  0.166666666667  -0.633333333333  0.635293590871  6.03987376807e-05  0.364646010391  1.1  -0.3  0.270707979217  0.000120797475361  1640.0  7.07591826265  -1.03007008799   -1.16114595922
0.466666666667  0.166666666667  -0.633333333333  0.635430429581  5.57956006289e-05  0.364513774818  1.1  -0.3  0.270972450364  0.000111591201258  1650.0  7.03303390954  -1.02961687858   -1.16098642996
0.466666666667  0.166666666667  -0.633333333333  0.635439775345  5.83064026572e-05  0.364501918253  1.1  -0.3  0.270996163495  0.000116612805314  1660.0  6.99066623539  -1.02949212183   -1.16088625117
0.466666666667  0.166666666667  -0.633333333333  0.635601582586  6.06777156836e-05  0.364337739698  1.1  -0.3  0.271324520604  0.000121355431367  1670.0  6.94880595853  -1.02898670311   -1.16074060248
0.466666666667  0.166666666667  -0.633333333333  0.635751254285  7.42081488359e-05  0.364174537566  1.1  -0.3  0.271650924868  0.000148416297672  1680.0  6.9074440183   -1.02841745618   -1.16052228198
0.466666666667  0.166666666667  -0.633333333333  0.635853778701  6.79311437656e-05  0.364078290155  1.1  -0.3  0.27184341969   0.000135862287531  1690.0  6.86657156849  -1.02811142249   -1.1604317588
0.466666666667  0.166666666667  -0.633333333333  0.635936077212  7.50450828457e-05  0.363988877705  1.1  -0.3  0.27202224459   0.000150090165691  1700.0  6.82617997103  -1.02785267127   -1.1603654466
0.466666666667  0.166666666667  -0.633333333333  0.636044739144  7.15578578057e-05  0.363883702998  1.1  -0.3  0.272232594004  0.000143115715611  1710.0  6.78626078991  -1.02746780314   -1.16021405516
0.466666666667  0.166666666667  -0.633333333333  0.636287589496  7.99271979004e-05  0.363632483306  1.1  -0.3  0.272735033388  0.000159854395801  1720.0  6.74680578532  -1.02679910901   -1.16009302275
0.466666666667  0.166666666667  -0.633333333333  0.636329715175  9.06678510215e-05  0.363579616974  1.1  -0.3  0.272840766051  0.000181335702043  1730.0  6.70780690795  -1.02652060226   -1.15992437754
0.466666666667  0.166666666667  -0.633333333333  0.636557082247  9.59684330811e-05  0.36334694932   1.1  -0.3  0.273306101361  0.000191936866162  1740.0  6.66925629353  -1.02586355931   -1.15977602308
0.466666666667  0.166666666667  -0.633333333333  0.636600881794  9.45735430654e-05  0.363304544663  1.1  -0.3  0.273390910673  0.000189147086131  1750.0  6.63114625757  -1.02567411071   -1.15968070166
0.466666666667  0.166666666667  -0.633333333333  0.636655561482  0.000116612805313  0.363227825712  1.1  -0.3  0.273544348575  0.000233225610627  1760.0  6.5934692902   -1.02533757249   -1.15949972157
0.466666666667  0.166666666667  -0.633333333333  0.63683187558   0.000101826971147  0.363066297449  1.1  -0.3  0.273867405103  0.000203653942295  1770.0  6.55621805127  -1.02489650796   -1.15942289072
0.466666666667  0.166666666667  -0.633333333333  0.636888926582  0.000110893756249  0.363000179662  1.1  -0.3  0.273999640676  0.000221787512498  1780.0  6.51938536559  -1.02464308885   -1.15930949067
0.466666666667  0.166666666667  -0.633333333333  0.636974712318  0.000115496893301  0.362909790789  1.1  -0.3  0.274180418422  0.000230993786602  1790.0  6.4829642183   -1.02432540051   -1.15918789597
0.466666666667  0.166666666667  -0.633333333333  0.637070401773  0.000124982145408  0.362804616082  1.1  -0.3  0.274390767837  0.000249964290816  1800.0  6.44694775042  -1.02397042631   -1.15905861497
0.466666666667  0.166666666667  -0.633333333333  0.637233464416  0.000132235573489  0.362634300011  1.1  -0.3  0.274731399979  0.000264471146979  1810.0  6.41132925456  -1.02343885705   -1.15889738902
0.466666666667  0.166666666667  -0.633333333333  0.637361236341  0.000131538128481  0.36250722553   1.1  -0.3  0.274985548939  0.000263076256963  1820.0  6.37610217074  -1.023004472     -1.15874298629
0.466666666667  0.166666666667  -0.633333333333  0.637465992581  0.000152879945722  0.362381127473  1.1  -0.3  0.275237745054  0.000305759891443  1830.0  6.34126008238  -1.02258975162   -1.15859287654
0.466666666667  0.166666666667  -0.633333333333  0.637686385204  0.000147300385659  0.36216631441   1.1  -0.3  0.275667371179  0.000294600771318  1840.0  6.30679671236  -1.02203433954   -1.15851340093
0.466666666667  0.166666666667  -0.633333333333  0.637787096263  0.000153437901729  0.362059465835  1.1  -0.3  0.27588106833   0.000306875803457  1850.0  6.27270591932  -1.02167277213   -1.15838321789
0.466666666667  0.166666666667  -0.633333333333  0.638006512463  0.000150229654692  0.361843257883  1.1  -0.3  0.276313484234  0.000300459309385  1860.0  6.23898169395  -1.0210897126    -1.1582777408
0.466666666667  0.166666666667  -0.633333333333  0.637874555867  0.000176872053992  0.361948572079  1.1  -0.3  0.276102855842  0.000353744107984  1870.0  6.20561815548  -1.02112435611   -1.15806470764
0.466666666667  0.166666666667  -0.633333333333  0.638151441535  0.000185938839095  0.361662619626  1.1  -0.3  0.276674760748  0.000371877678189  1880.0  6.17260954827  -1.02037654187   -1.15794054872
0.466666666667  0.166666666667  -0.633333333333  0.63829609163   0.000180498768033  0.361523409602  1.1  -0.3  0.276953180796  0.000360997536066  1890.0  6.13995023849  -1.01994507108   -1.15781860402
0.466666666667  0.166666666667  -0.633333333333  0.638373368537  0.000189565553136  0.36143706591   1.1  -0.3  0.27712586818   0.000379131106271  1900.0  6.10763471092  -1.01959374495   -1.15765179394
0.466666666667  0.166666666667  -0.633333333333  0.638560702266  0.000183707015069  0.361255590719  1.1  -0.3  0.277488818562  0.000367414030139  1910.0  6.07565756584  -1.019101468     -1.15756227754
0.466666666667  0.166666666667  -0.633333333333  0.638671456533  0.000200864162263  0.361127679305  1.1  -0.3  0.277744641391  0.000401728324525  1920.0  6.04401351602  -1.01874698756   -1.15747890793
0.466666666667  0.166666666667  -0.633333333333  0.638838285379  0.000217881820454  0.360943832801  1.1  -0.3  0.278112334399  0.000435763640908  1930.0  6.01269738381  -1.01815478764   -1.15728095972
0.466666666667  0.166666666667  -0.633333333333  0.638705770827  0.000218439776461  0.361075789396  1.1  -0.3  0.277848421208  0.000436879552922  1940.0  5.98170409833  -1.01832899995   -1.15716453275
0.466666666667  0.166666666667  -0.633333333333  0.63880313415   0.000242292395729  0.360954573454  1.1  -0.3  0.278090853092  0.000484584791459  1950.0  5.95102869269  -1.01792238765   -1.15701028395
0.466666666667  0.166666666667  -0.633333333333  0.639149485341  0.00024243188473   0.360608082774  1.1  -0.3  0.278783834452  0.000484863769461  1960.0  5.9206663014   -1.01699748388   -1.15684757598
0.466666666667  0.166666666667  -0.633333333333  0.639287160986  0.000252475092844  0.360460363921  1.1  -0.3  0.279079272158  0.000504950185687  1970.0  5.89061215774  -1.01653588916   -1.15670493681
0.466666666667  0.166666666667  -0.633333333333  0.639358439866  0.000267539905014  0.360374020229  1.1  -0.3  0.279251959541  0.000535079810027  1980.0  5.86086159129  -1.01617392305   -1.15652388794
0.466666666667  0.166666666667  -0.633333333333  0.639382013507  0.000267121438009  0.360350865055  1.1  -0.3  0.27929826989   0.000534242876018  1990.0  5.8314100255   -1.01608309039   -1.15648424774
0.466666666667  0.166666666667  -0.633333333333  0.639605474888  0.00029836697436   0.360096158138  1.1  -0.3  0.279807683724  0.000596733948721  2000.0  5.80225297537  -1.01529165312   -1.15623441837
0.466666666667  0.166666666667  -0.633333333333  0.639613146783  0.000305062446437  0.360081790771  1.1  -0.3  0.279836418458  0.000610124892873  2010.0  5.77338604515  -1.01516096308   -1.15613131925
0.466666666667  0.166666666667  -0.633333333333  0.639933831997  0.000308270693473  0.359757897309  1.1  -0.3  0.280484205381  0.000616541386945  2020.0  5.74480492611  -1.01429237163   -1.15597336846
0.466666666667  0.166666666667  -0.633333333333  0.639898680769  0.000335889515783  0.359765429715  1.1  -0.3  0.280469140569  0.000671779031566  2030.0  5.71650539446  -1.01424282997   -1.15589068422
0.466666666667  0.166666666667  -0.633333333333  0.639986698329  0.000306178358449  0.359707123313  1.1  -0.3  0.280585753375  0.000612356716898  2040.0  5.68848330919  -1.01398249728   -1.15577645231
0.466666666667  0.166666666667  -0.633333333333  0.640169707899  0.000331286378731  0.359499005722  1.1  -0.3  0.281001988555  0.000662572757463  2050.0  5.66073461012  -1.01346683208   -1.155703581
0.466666666667  0.166666666667  -0.633333333333  0.640342674261  0.000349559437938  0.359307766301  1.1  -0.3  0.281384467398  0.000699118875875  2060.0  5.6332553159   -1.01276537387   -1.15541188568
0.466666666667  0.166666666667  -0.633333333333  0.640460681956  0.000365879651121  0.359173438393  1.1  -0.3  0.281653123215  0.000731759302242  2070.0  5.6060415221   -1.01233394515   -1.15526618623
0.466666666667  0.166666666667  -0.633333333333  0.640619699418  0.000366019140123  0.359014281442  1.1  -0.3  0.281971437116  0.000732038280246  2080.0  5.5790893994   -1.01194252901   -1.15522483169
0.466666666667  0.166666666667  -0.633333333333  0.640684282826  0.000387918913369  0.358927798261  1.1  -0.3  0.282144403478  0.000775837826738  2090.0  5.55239519175  -1.01153723446   -1.15499666027
0.466666666667  0.166666666667  -0.633333333333  0.640757096084  0.000399078033495  0.358843825882  1.1  -0.3  0.282312348236  0.00079815606699   2100.0  5.52595521464  -1.01124065178   -1.15487812135
0.466666666667  0.166666666667  -0.633333333333  0.640922390551  0.000416095691687  0.358661513757  1.1  -0.3  0.282676972486  0.000832191383373  2110.0  5.49976585344  -1.01066591882   -1.15469426447
0.466666666667  0.166666666667  -0.633333333333  0.641207924538  0.000404936571562  0.358387138891  1.1  -0.3  0.283225722218  0.000809873143123  2120.0  5.47382356168  -1.00998299988   -1.15462166571
0.466666666667  0.166666666667  -0.633333333333  0.640984323668  0.000441064222968  0.358574612109  1.1  -0.3  0.282850775782  0.000882128445936  2130.0  5.44812485951  -1.01032403276   -1.15452858092
0.466666666667  0.166666666667  -0.633333333333  0.641098844138  0.000455292101128  0.358445863761  1.1  -0.3  0.283108272479  0.000910584202256  2140.0  5.42266633213  -1.00982589134   -1.15430514914
0.466666666667  0.166666666667  -0.633333333333  0.641302777059  0.000477749830382  0.358219473111  1.1  -0.3  0.283561053778  0.000955499660764  2150.0  5.39744462826  -1.00913526925   -1.15409911184
0.466666666667  0.166666666667  -0.633333333333  0.641526656906  0.00048472428046   0.357988618813  1.1  -0.3  0.284022762373  0.00096944856092   2160.0  5.37245645868  -1.00848172859   -1.15394926596
0.466666666667  0.166666666667  -0.633333333333  0.641518287566  0.000485979681474  0.357995732752  1.1  -0.3  0.284008534495  0.000971959362947  2170.0  5.34769859482  -1.00850431241   -1.15395544588
0.466666666667  0.166666666667  -0.633333333333  0.641672562402  0.000523083755892  0.357804353842  1.1  -0.3  0.284391292315  0.00104616751178   2180.0  5.32316786732  -1.00783847829   -1.15368838292
0.466666666667  0.166666666667  -0.633333333333  0.641803961041  0.000519457041852  0.357676581917  1.1  -0.3  0.284646836166  0.0010389140837    2190.0  5.29886116473  -1.00745543064   -1.15358860953
0.466666666667  0.166666666667  -0.633333333333  0.64213524742   0.000552794913227  0.357311957667  1.1  -0.3  0.285376084666  0.00110558982645   2200.0  5.27477543216  -1.00644433191   -1.15335968143
0.466666666667  0.166666666667  -0.633333333333  0.642099259258  0.000575950087487  0.357324790655  1.1  -0.3  0.28535041869   0.00115190017497   2210.0  5.25090767002  -1.00635678408   -1.15323000792
0.466666666667  0.166666666667  -0.633333333333  0.642206386811  0.000596036503714  0.357197576685  1.1  -0.3  0.285604846629  0.00119207300743   2220.0  5.22725493277  -1.00592219069   -1.15306323341
0.466666666667  0.166666666667  -0.633333333333  0.642252278692  0.000605103288815  0.357142618019  1.1  -0.3  0.285714763962  0.00121020657763   2230.0  5.20381432769  -1.00570717845   -1.15296369016
0.466666666667  0.166666666667  -0.633333333333  0.642408924841  0.000623934304028  0.356967140855  1.1  -0.3  0.28606571829   0.00124786860806   2240.0  5.18058301373  -1.00511563955   -1.15274690242
0.466666666667  0.166666666667  -0.633333333333  0.642575474709  0.000646949989287  0.356777575302  1.1  -0.3  0.286444849397  0.00129389997857   2250.0  5.15755820033  -1.00453093753   -1.15256543521
0.466666666667  0.166666666667  -0.633333333333  0.642696132695  0.000644439187259  0.356659428117  1.1  -0.3  0.286681143765  0.00128887837452   2260.0  5.13473714635  -1.00422139779   -1.15251732576
0.466666666667  0.166666666667  -0.633333333333  0.642793914485  0.000658109109413  0.356547976405  1.1  -0.3  0.28690404719   0.00131621821883   2270.0  5.11211715892  -1.00384214545   -1.15237506523
0.466666666667  0.166666666667  -0.633333333333  0.642814698347  0.000712091353021  0.3564732103    1.1  -0.3  0.287053579399  0.00142418270604   2280.0  5.08969559243  -1.00346040788   -1.15212542375
0.466666666667  0.166666666667  -0.633333333333  0.642934658888  0.000717391935081  0.356347949177  1.1  -0.3  0.287304101646  0.00143478387016   2290.0  5.06746984749  -1.00302405975   -1.15196146974
0.466666666667  0.166666666667  -0.633333333333  0.643086562411  0.000748219004428  0.356165218585  1.1  -0.3  0.28766956283   0.00149643800886   2300.0  5.04543736989  -1.00248843139   -1.15180935243
0.466666666667  0.166666666667  -0.633333333333  0.643281847013  0.000726458720183  0.355991694267  1.1  -0.3  0.288016611466  0.00145291744037   2310.0  5.02359564968  -1.00199007939   -1.15170581011
0.466666666667  0.166666666667  -0.633333333333  0.643277801832  0.000784207166833  0.355937991001  1.1  -0.3  0.288124017997  0.00156841433367   2320.0  5.00194222015  -1.00171834924   -1.15151757807
0.466666666667  0.166666666667  -0.633333333333  0.643400831131  0.000797179643979  0.355801989225  1.1  -0.3  0.28839602155   0.00159435928796   2330.0  4.98047465697  -1.00127322251   -1.15136387176
0.466666666667  0.166666666667  -0.633333333333  0.643610204123  0.000821729708256  0.355568066169  1.1  -0.3  0.288863867662  0.00164345941651   2340.0  4.95919057724  -1.00052766077   -1.15111821071
0.466666666667  0.166666666667  -0.633333333333  0.643589699239  0.000875014506856  0.355535286254  1.1  -0.3  0.288929427493  0.00175002901371   2350.0  4.93808763862  -1.00026581912   -1.15089651399
0.466666666667  0.166666666667  -0.633333333333  0.643613830837  0.000862181518712  0.355523987645  1.1  -0.3  0.288952024711  0.00172436303742   2360.0  4.91716353845  -1.00032902622   -1.15099227783
0.466666666667  0.166666666667  -0.633333333333  0.643837431706  0.000904028219183  0.355258540075  1.1  -0.3  0.289482919851  0.00180805643837   2370.0  4.89641601298  -0.999441925033  -1.15066405327
0.466666666667  0.166666666667  -0.633333333333  0.644051407835  0.000906120554206  0.355042471611  1.1  -0.3  0.289915056778  0.00181224110841   2380.0  4.87584283645  -0.998889046005  -1.15058526946
0.466666666667  0.166666666667  -0.633333333333  0.644048199588  0.000956755061777  0.354995045351  1.1  -0.3  0.290009909299  0.00191351012355   2390.0  4.8554418204   -0.998499858137  -1.15027003866
0.466666666667  0.166666666667  -0.633333333333  0.644217678724  0.000975446587987  0.354806874688  1.1  -0.3  0.290386250625  0.00195089317597   2400.0  4.83521081281  -0.997933670255  -1.15010661132
