#mu0             mu1              mu2             x0              x1                 x2              mua   mub  xa                  xb                 T       b              u               phi
-0.333333333333  -0.233333333333  0.566666666667  0.5             0.0                0.5             -0.9  0.1  0.0                 0.0                30.0    386.816865025  -1.31774118     -1.55107451333
-0.333333333333  -0.233333333333  0.566666666667  0.5             0.0                0.5             -0.9  0.1  0.0                 0.0                40.0    290.112648769  -1.31774118     -1.55107451333
-0.333333333333  -0.233333333333  0.566666666667  0.5             0.0                0.5             -0.9  0.1  0.0                 0.0                50.0    232.090119015  -1.31774118     -1.55107451333
-0.333333333333  -0.233333333333  0.566666666667  0.5             0.0                0.5             -0.9  0.1  0.0                 0.0                60.0    193.408432513  -1.31774118     -1.55107451333
-0.333333333333  -0.233333333333  0.566666666667  0.5             0.0                0.5             -0.9  0.1  0.0                 0.0                70.0    165.778656439  -1.31774118     -1.55107451333
-0.333333333333  -0.233333333333  0.566666666667  0.5             0.0                0.5             -0.9  0.1  0.0                 0.0                80.0    145.056324384  -1.31774118     -1.55107451333
-0.333333333333  -0.233333333333  0.566666666667  0.5             0.0                0.5             -0.9  0.1  0.0                 0.0                90.0    128.938955008  -1.31774118     -1.55107451333
-0.333333333333  -0.233333333333  0.566666666667  0.5             0.0                0.5             -0.9  0.1  0.0                 0.0                100.0   116.045059507  -1.31774118     -1.55107451333
-0.333333333333  -0.233333333333  0.566666666667  0.5             0.0                0.5             -0.9  0.1  0.0                 0.0                110.0   105.495508643  -1.31774118     -1.55107451333
-0.333333333333  -0.233333333333  0.566666666667  0.5             0.0                0.5             -0.9  0.1  0.0                 0.0                120.0   96.7042162563  -1.31774118     -1.55107451333
-0.333333333333  -0.233333333333  0.566666666667  0.5             0.0                0.5             -0.9  0.1  0.0                 0.0                130.0   89.2654303904  -1.31774118     -1.55107451333
-0.333333333333  -0.233333333333  0.566666666667  0.5             0.0                0.5             -0.9  0.1  0.0                 0.0                140.0   82.8893282196  -1.31774118     -1.55107451333
-0.333333333333  -0.233333333333  0.566666666667  0.5             0.0                0.5             -0.9  0.1  0.0                 0.0                150.0   77.363373005   -1.31774118     -1.55107451333
-0.333333333333  -0.233333333333  0.566666666667  0.5             0.0                0.5             -0.9  0.1  0.0                 0.0                160.0   72.5281621922  -1.31774118     -1.55107451333
-0.333333333333  -0.233333333333  0.566666666667  0.5             0.0                0.5             -0.9  0.1  0.0                 0.0                170.0   68.2617997103  -1.31774118     -1.55107451333
-0.333333333333  -0.233333333333  0.566666666667  0.5             0.0                0.5             -0.9  0.1  0.0                 0.0                180.0   64.4694775042  -1.31774118     -1.55107451333
-0.333333333333  -0.233333333333  0.566666666667  0.5             0.0                0.5             -0.9  0.1  0.0                 0.0                190.0   61.0763471092  -1.31774118     -1.55107451333
-0.333333333333  -0.233333333333  0.566666666667  0.5             0.0                0.5             -0.9  0.1  0.0                 0.0                200.0   58.0225297537  -1.31774118     -1.55107451333
-0.333333333333  -0.233333333333  0.566666666667  0.5             0.0                0.5             -0.9  0.1  0.0                 0.0                210.0   55.2595521464  -1.31774118     -1.55107451333
-0.333333333333  -0.233333333333  0.566666666667  0.5             0.0                0.5             -0.9  0.1  0.0                 0.0                220.0   52.7477543216  -1.31774118     -1.55107451333
-0.333333333333  -0.233333333333  0.566666666667  0.5             0.0                0.5             -0.9  0.1  0.0                 0.0                230.0   50.4543736989  -1.31774118     -1.55107451333
-0.333333333333  -0.233333333333  0.566666666667  0.5             0.0                0.5             -0.9  0.1  0.0                 0.0                240.0   48.3521081281  -1.31774118     -1.55107451333
-0.333333333333  -0.233333333333  0.566666666667  0.5             0.0                0.5             -0.9  0.1  0.0                 0.0                250.0   46.418023803   -1.31774118     -1.55107451333
-0.333333333333  -0.233333333333  0.566666666667  0.5             0.0                0.5             -0.9  0.1  0.0                 0.0                260.0   44.6327151952  -1.31774118     -1.55107451333
-0.333333333333  -0.233333333333  0.566666666667  0.5             0.0                0.5             -0.9  0.1  0.0                 0.0                270.0   42.9796516694  -1.31774118     -1.55107451333
-0.333333333333  -0.233333333333  0.566666666667  0.5             0.0                0.5             -0.9  0.1  0.0                 0.0                280.0   41.4446641098  -1.31774118     -1.55107451333
-0.333333333333  -0.233333333333  0.566666666667  0.5             0.0                0.5             -0.9  0.1  0.0                 0.0                290.0   40.0155377612  -1.31774118     -1.55107451333
-0.333333333333  -0.233333333333  0.566666666667  0.5             0.0                0.5             -0.9  0.1  0.0                 0.0                300.0   38.6816865025  -1.31774118     -1.55107451333
-0.333333333333  -0.233333333333  0.566666666667  0.5             0.0                0.5             -0.9  0.1  0.0                 0.0                310.0   37.4338901637  -1.31774118     -1.55107451333
-0.333333333333  -0.233333333333  0.566666666667  0.5             0.0                0.5             -0.9  0.1  0.0                 0.0                320.0   36.2640810961  -1.31774118     -1.55107451333
-0.333333333333  -0.233333333333  0.566666666667  0.5             0.0                0.5             -0.9  0.1  0.0                 0.0                330.0   35.1651695477  -1.31774118     -1.55107451333
-0.333333333333  -0.233333333333  0.566666666667  0.5             0.0                0.5             -0.9  0.1  0.0                 0.0                340.0   34.1308998551  -1.31774118     -1.55107451333
-0.333333333333  -0.233333333333  0.566666666667  0.5             0.0                0.5             -0.9  0.1  0.0                 0.0                350.0   33.1557312879  -1.31774118     -1.55107451333
-0.333333333333  -0.233333333333  0.566666666667  0.5             0.0                0.5             -0.9  0.1  0.0                 0.0                360.0   32.2347387521  -1.31774118     -1.55107451333
-0.333333333333  -0.233333333333  0.566666666667  0.5             0.0                0.5             -0.9  0.1  0.0                 0.0                370.0   31.3635295966  -1.31774118     -1.55107451333
-0.333333333333  -0.233333333333  0.566666666667  0.5             0.0                0.5             -0.9  0.1  0.0                 0.0                380.0   30.5381735546  -1.31774118     -1.55107451333
-0.333333333333  -0.233333333333  0.566666666667  0.5             0.0                0.5             -0.9  0.1  0.0                 0.0                390.0   29.7551434635  -1.31774118     -1.55107451333
-0.333333333333  -0.233333333333  0.566666666667  0.5             0.0                0.5             -0.9  0.1  0.0                 0.0                400.0   29.0112648769  -1.31774118     -1.55107451333
-0.333333333333  -0.233333333333  0.566666666667  0.5             0.0                0.5             -0.9  0.1  0.0                 0.0                410.0   28.3036730506  -1.31774118     -1.55107451333
-0.333333333333  -0.233333333333  0.566666666667  0.5             0.0                0.5             -0.9  0.1  0.0                 0.0                420.0   27.6297760732  -1.31774118     -1.55107451333
-0.333333333333  -0.233333333333  0.566666666667  0.5             0.0                0.5             -0.9  0.1  0.0                 0.0                430.0   26.9872231413  -1.31774118     -1.55107451333
-0.333333333333  -0.233333333333  0.566666666667  0.5             0.0                0.5             -0.9  0.1  0.0                 0.0                440.0   26.3738771608  -1.31774118     -1.55107451333
-0.333333333333  -0.233333333333  0.566666666667  0.5             0.0                0.5             -0.9  0.1  0.0                 0.0                450.0   25.7877910017  -1.31774118     -1.55107451333
-0.333333333333  -0.233333333333  0.566666666667  0.5             0.0                0.5             -0.9  0.1  0.0                 0.0                460.0   25.2271868495  -1.31774118     -1.55107451333
-0.333333333333  -0.233333333333  0.566666666667  0.5             0.0                0.5             -0.9  0.1  0.0                 0.0                470.0   24.6904381931  -1.31774118     -1.55107451333
-0.333333333333  -0.233333333333  0.566666666667  0.5             0.0                0.5             -0.9  0.1  0.0                 0.0                480.0   24.1760540641  -1.31774118     -1.55107451333
-0.333333333333  -0.233333333333  0.566666666667  0.5             0.0                0.5             -0.9  0.1  0.0                 0.0                490.0   23.6826652056  -1.31774118     -1.55107451333
-0.333333333333  -0.233333333333  0.566666666667  0.5             0.0                0.5             -0.9  0.1  0.0                 0.0                500.0   23.2090119015  -1.31774118     -1.55107451333
-0.333333333333  -0.233333333333  0.566666666667  0.5             0.0                0.5             -0.9  0.1  0.0                 0.0                510.0   22.7539332368  -1.31774118     -1.55107451333
-0.333333333333  -0.233333333333  0.566666666667  0.5             0.0                0.5             -0.9  0.1  0.0                 0.0                520.0   22.3163575976  -1.31774118     -1.55107451333
-0.333333333333  -0.233333333333  0.566666666667  0.5             0.0                0.5             -0.9  0.1  0.0                 0.0                530.0   21.8952942467  -1.31774118     -1.55107451333
-0.333333333333  -0.233333333333  0.566666666667  0.5             0.0                0.5             -0.9  0.1  0.0                 0.0                540.0   21.4898258347  -1.31774118     -1.55107451333
-0.333333333333  -0.233333333333  0.566666666667  0.5             0.0                0.5             -0.9  0.1  0.0                 0.0                550.0   21.0991017286  -1.31774118     -1.55107451333
-0.333333333333  -0.233333333333  0.566666666667  0.5             0.0                0.5             -0.9  0.1  0.0                 0.0                560.0   20.7223320549  -1.31774118     -1.55107451333
-0.333333333333  -0.233333333333  0.566666666667  0.5             0.0                0.5             -0.9  0.1  0.0                 0.0                570.0   20.3587823697  -1.31774118     -1.55107451333
-0.333333333333  -0.233333333333  0.566666666667  0.5             0.0                0.5             -0.9  0.1  0.0                 0.0                580.0   20.0077688806  -1.31774118     -1.55107451333
-0.333333333333  -0.233333333333  0.566666666667  0.5             0.0                0.5             -0.9  0.1  0.0                 0.0                590.0   19.6686541538  -1.31774118     -1.55107451333
-0.333333333333  -0.233333333333  0.566666666667  0.5             0.0                0.5             -0.9  0.1  0.0                 0.0                600.0   19.3408432512  -1.31774118     -1.55107451333
-0.333333333333  -0.233333333333  0.566666666667  0.5             0.0                0.5             -0.9  0.1  0.0                 0.0                610.0   19.0237802471  -1.31774118     -1.55107451333
-0.333333333333  -0.233333333333  0.566666666667  0.5             0.0                0.5             -0.9  0.1  0.0                 0.0                620.0   18.7169450819  -1.31774118     -1.55107451333
-0.333333333333  -0.233333333333  0.566666666667  0.5             0.0                0.5             -0.9  0.1  0.0                 0.0                630.0   18.4198507155  -1.31774118     -1.55107451333
-0.333333333333  -0.233333333333  0.566666666667  0.5             0.0                0.5             -0.9  0.1  0.0                 0.0                640.0   18.132040548   -1.31774118     -1.55107451333
-0.333333333333  -0.233333333333  0.566666666667  0.5             0.0                0.5             -0.9  0.1  0.0                 0.0                650.0   17.8530860781  -1.31774118     -1.55107451333
-0.333333333333  -0.233333333333  0.566666666667  0.5             0.0                0.5             -0.9  0.1  0.0                 0.0                660.0   17.5825847739  -1.31774118     -1.55107451333
-0.333333333333  -0.233333333333  0.566666666667  0.5             0.0                0.5             -0.9  0.1  0.0                 0.0                670.0   17.3201581354  -1.31774118     -1.55107451333
-0.333333333333  -0.233333333333  0.566666666667  0.5             0.0                0.5             -0.9  0.1  0.0                 0.0                680.0   17.0654499276  -1.31774118     -1.55107451333
-0.333333333333  -0.233333333333  0.566666666667  0.5             0.0                0.5             -0.9  0.1  0.0                 0.0                690.0   16.8181245663  -1.31774118     -1.55107451333
-0.333333333333  -0.233333333333  0.566666666667  0.499999860511  1.39489001953e-07  0.5             -0.9  0.1  4.84892480985e-17   2.78978003906e-07  700.0   16.5778656439  -1.3177408845   -1.55107424573
-0.333333333333  -0.233333333333  0.566666666667  0.5             0.0                0.5             -0.9  0.1  0.0                 0.0                710.0   16.3443745785  -1.31774118     -1.55107451333
-0.333333333333  -0.233333333333  0.566666666667  0.499999860511  1.39489001953e-07  0.5             -0.9  0.1  4.84892480985e-17   2.78978003906e-07  720.0   16.117369376   -1.3177408845   -1.55107424573
-0.333333333333  -0.233333333333  0.566666666667  0.5             0.0                0.5             -0.9  0.1  0.0                 0.0                730.0   15.8965834942  -1.31774118     -1.55107451333
-0.333333333333  -0.233333333333  0.566666666667  0.499999163066  8.36934009766e-07  0.5             -0.9  0.1  3.14503333316e-18   1.67386801953e-06  740.0   15.6817647983  -1.317739407    -1.55107290772
-0.333333333333  -0.233333333333  0.566666666667  0.5             0.0                0.5             -0.9  0.1  0.0                 0.0                750.0   15.472674601   -1.31774118     -1.55107451333
-0.333333333333  -0.233333333333  0.566666666667  0.499999860511  1.39489001953e-07  0.5             -0.9  0.1  4.84892480985e-17   2.78978003906e-07  760.0   15.2690867773  -1.3177408845   -1.55107424573
-0.333333333333  -0.233333333333  0.566666666667  0.499999860511  1.39489001953e-07  0.5             -0.9  0.1  4.84892480985e-17   2.78978003906e-07  770.0   15.070786949   -1.3177408845   -1.55107424573
-0.333333333333  -0.233333333333  0.566666666667  0.499999581533  4.18467004883e-07  0.5             -0.9  0.1  5.70836678978e-17   8.36934009766e-07  780.0   14.8775717317  -1.3177402935   -1.55107371053
-0.333333333333  -0.233333333333  0.566666666667  0.499999721022  2.7897800293e-07   0.5             -0.9  0.1  8.59441979932e-18   5.57956005859e-07  790.0   14.6892480389  -1.317740589    -1.55107397813
-0.333333333333  -0.233333333333  0.566666666667  0.499999302555  6.97445007813e-07  0.5             -0.9  0.1  6.56780876972e-17   1.39489001563e-06  800.0   14.5056324384  -1.3177397025   -1.55107317532
-0.333333333333  -0.233333333333  0.566666666667  0.499999721022  2.7897800293e-07   0.5             -0.9  0.1  8.59441979932e-18   5.57956005859e-07  810.0   14.3265505565  -1.317740589    -1.55107397813
-0.333333333333  -0.233333333333  0.566666666667  0.499999721022  2.7897800293e-07   0.5             -0.9  0.1  8.59441979932e-18   5.57956005859e-07  820.0   14.1518365253  -1.317740589    -1.55107397813
-0.333333333333  -0.233333333333  0.566666666667  0.499999163066  8.36934009766e-07  0.5             -0.9  0.1  3.14503333316e-18   1.67386801953e-06  830.0   13.9813324708  -1.317739407    -1.55107290772
-0.333333333333  -0.233333333333  0.566666666667  0.499999302555  6.97445007813e-07  0.5             -0.9  0.1  6.56780876972e-17   1.39489001563e-06  840.0   13.8148880366  -1.3177397025   -1.55107317532
-0.333333333333  -0.233333333333  0.566666666667  0.499999721022  2.7897800293e-07   0.5             -0.9  0.1  8.59441979932e-18   5.57956005859e-07  850.0   13.6523599421  -1.317740589    -1.55107397813
-0.333333333333  -0.233333333333  0.566666666667  0.499997349709  2.65029103027e-06  0.5             -0.9  0.1  8.05625741628e-17   5.30058206055e-06  860.0   13.4936115706  -1.31773556549  -1.55106942889
-0.333333333333  -0.233333333333  0.566666666667  0.499999023577  9.76423010742e-07  0.5             -0.9  0.1  7.42725074965e-17   1.95284602148e-06  870.0   13.3385125871  -1.3177391115   -1.55107264012
-0.333333333333  -0.233333333333  0.566666666667  0.499998744599  1.25540101367e-06  0.5             -0.9  0.1  8.28669272958e-17   2.51080202734e-06  880.0   13.1869385804  -1.3177385205   -1.55107210491
-0.333333333333  -0.233333333333  0.566666666667  0.499998744599  1.25540101367e-06  0.5             -0.9  0.1  8.28669272958e-17   2.51080202734e-06  890.0   13.0387707312  -1.3177385205   -1.55107210491
-0.333333333333  -0.233333333333  0.566666666667  0.499997907665  2.09233502344e-06  0.5             -0.9  0.1  -2.50103418336e-17  4.18467004688e-06  900.0   12.8938955008  -1.3177367475   -1.5510704993
-0.333333333333  -0.233333333333  0.566666666667  0.499996791753  3.20824703613e-06  0.5             -0.9  0.1  -1.32708887011e-17  6.41649407227e-06  910.0   12.7522043415  -1.31773438349  -1.55106835848
-0.333333333333  -0.233333333333  0.566666666667  0.499997349709  2.65029103027e-06  0.5             -0.9  0.1  8.05625741628e-17   5.30058206055e-06  920.0   12.6135934247  -1.31773556549  -1.55106942889
-0.333333333333  -0.233333333333  0.566666666667  0.49999581533   4.18467004688e-06  0.5             -0.9  0.1  -5.00206836672e-17  8.36934009375e-06  930.0   12.4779633879  -1.31773231499  -1.55106648526
-0.333333333333  -0.233333333333  0.566666666667  0.499997349709  2.65029103027e-06  0.5             -0.9  0.1  8.05625741628e-17   5.30058206055e-06  940.0   12.3452190965  -1.31773556549  -1.55106942889
-0.333333333333  -0.233333333333  0.566666666667  0.499997628687  2.37131302637e-06  0.5             -0.9  0.1  -1.64159220343e-17  4.74262605273e-06  950.0   12.2152694218  -1.3177361565   -1.55106996409
-0.333333333333  -0.233333333333  0.566666666667  0.499994559929  5.44007106152e-06  0.5             -0.9  0.1  1.02075940474e-17   1.0880142123e-05   960.0   12.088027032   -1.31772965549  -1.55106407684
-0.333333333333  -0.233333333333  0.566666666667  0.499993862484  6.13751606934e-06  0.5             -0.9  0.1  -3.5136620718e-17   1.22750321387e-05  970.0   11.9634081967  -1.31772817799  -1.55106273882
-0.333333333333  -0.233333333333  0.566666666667  0.499994001973  5.99802706738e-06  0.5             -0.9  0.1  2.7396433646e-17    1.19960541348e-05  980.0   11.8413326028  -1.31772847349  -1.55106300643
-0.333333333333  -0.233333333333  0.566666666667  0.499994838907  5.16109305859e-06  0.5             -0.9  0.1  1.61359776452e-18   1.03221861172e-05  990.0   11.7217231826  -1.31773024649  -1.55106461204
-0.333333333333  -0.233333333333  0.566666666667  0.499991491171  8.5088290957e-06   0.5             -0.9  0.1  -5.15521192358e-17  1.70176581914e-05  1000.0  11.6045059507  -1.31772315448  -1.55105818958
-0.333333333333  -0.233333333333  0.566666666667  0.499990514748  9.48525210645e-06  0.5             -0.9  0.1  2.27208117771e-17   1.89705042129e-05  1010.0  11.4896098522  -1.31772108598  -1.55105631637
-0.333333333333  -0.233333333333  0.566666666667  0.499991212193  8.78780709863e-06  0.5             -0.9  0.1  -4.29581229529e-17  1.75756141973e-05  1020.0  11.3769666184  -1.31772256348  -1.55105765438
-0.333333333333  -0.233333333333  0.566666666667  0.499989119858  1.08801421221e-05  0.5             -0.9  0.1  -6.79693118195e-17  2.17602842441e-05  1030.0  11.2665106318  -1.31771813098  -1.55105364034
-0.333333333333  -0.233333333333  0.566666666667  0.499987864457  1.21355431367e-05  0.5             -0.9  0.1  -7.74018707201e-18  2.42710862734e-05  1040.0  11.1581787988  -1.31771547148  -1.55105123192
-0.333333333333  -0.233333333333  0.566666666667  0.499988282924  1.17170761318e-05  0.5             -0.9  0.1  4.61988710091e-17   2.34341522637e-05  1050.0  11.0519104293  -1.31771635765  -1.5510520344
-0.333333333333  -0.233333333333  0.566666666667  0.499983679787  1.63202131836e-05  0.5             -0.9  0.1  5.32614317234e-17   3.26404263672e-05  1060.0  10.9476471233  -1.31770660647  -1.55104320384
-0.333333333333  -0.233333333333  0.566666666667  0.49998326132   1.67386801885e-05  0.5             -0.9  0.1  -6.77626357803e-19  3.3477360377e-05   1070.0  10.8453326643  -1.31770571997  -1.55104240104
-0.333333333333  -0.233333333333  0.566666666667  0.499982982342  1.70176581914e-05  0.5             -0.9  0.1  7.91806399093e-18   3.40353163828e-05  1080.0  10.7449129174  -1.31770512897  -1.55104186583
-0.333333333333  -0.233333333333  0.566666666667  0.499979216139  2.07838612344e-05  0.5             -0.9  0.1  -1.08047522752e-17  4.15677224687e-05  1090.0  10.6463357346  -1.31769715046  -1.55103464057
-0.333333333333  -0.233333333333  0.566666666667  0.499980053073  1.99469272246e-05  0.5             -0.9  0.1  -1.39489385754e-17  3.98938544492e-05  1100.0  10.5495508643  -1.31769892072  -1.55103624344
-0.333333333333  -0.233333333333  0.566666666667  0.499981168985  1.88310152119e-05  0.5             -0.9  0.1  -2.56888152243e-17  3.76620304238e-05  1110.0  10.4545098655  -1.31770128746  -1.551038387
-0.333333333333  -0.233333333333  0.566666666667  0.499977263293  2.27367072559e-05  0.5             -0.9  0.1  2.67188072882e-17   4.54734145117e-05  1120.0  10.3611660275  -1.31769301346  -1.55103089413
-0.333333333333  -0.233333333333  0.566666666667  0.49997628687   2.37131302676e-05  0.5             -0.9  0.1  -3.26683667097e-17  4.74262605352e-05  1130.0  10.2694742927  -1.31769095389  -1.55102902985
-0.333333333333  -0.233333333333  0.566666666667  0.499973636579  2.63634212969e-05  0.5             -0.9  0.1  -4.04915630105e-17  5.27268425937e-05  1140.0  10.1793911849  -1.31768533045  -1.55102393647
-0.333333333333  -0.233333333333  0.566666666667  0.499971404755  2.85952453223e-05  0.5             -0.9  0.1  -1.70118097127e-17  5.71904906445e-05  1150.0  10.0908747398  -1.31768061603  -1.55101966841
-0.333333333333  -0.233333333333  0.566666666667  0.499962895926  3.7104074418e-05   0.5             -0.9  0.1  -6.85622348826e-17  7.42081488359e-05  1160.0  10.0038844403  -1.31766259834  -1.55100335249
-0.333333333333  -0.233333333333  0.566666666667  0.499963453882  3.65461184121e-05  0.5             -0.9  0.1  2.52686868825e-17   7.30922368242e-05  1170.0  9.91838115449  -1.3176637607   -1.55100440325
-0.333333333333  -0.233333333333  0.566666666667  0.49996512775   3.48722503926e-05  0.5             -0.9  0.1  1.89803142821e-17   6.97445007852e-05  1180.0  9.83432707691  -1.31766730577  -1.55100761356
-0.333333333333  -0.233333333333  0.566666666667  0.499954108118  4.58918815166e-05  0.5             -0.9  0.1  -5.01443504775e-19  9.17837630332e-05  1190.0  9.7516856729   -1.31764395774  -1.55098646945
-0.333333333333  -0.233333333333  0.566666666667  0.499955084541  4.49154585059e-05  0.5             -0.9  0.1  3.62530101425e-17   8.98309170117e-05  1200.0  9.67042162562  -1.31764603697  -1.5509883534
-0.333333333333  -0.233333333333  0.566666666667  0.499939322284  6.06777156836e-05  0.5             -0.9  0.1  7.23230611684e-17   0.000121355431367  1210.0  9.59050078574  -1.31761264239  -1.55095811127
-0.333333333333  -0.233333333333  0.566666666667  0.499939601262  6.03987376807e-05  0.5             -0.9  0.1  6.37307589514e-17   0.000120797475361  1220.0  9.51189012357  -1.31761323105  -1.55095864413
-0.333333333333  -0.233333333333  0.566666666667  0.499939043306  6.09566936865e-05  0.5             -0.9  0.1  8.09153633853e-17   0.000121913387373  1230.0  9.43455768354  -1.31761204677  -1.55095757144
-0.333333333333  -0.233333333333  0.566666666667  0.499945738778  5.42612216113e-05  0.5             -0.9  0.1  -1.2156616859e-17   0.000108522443223  1240.0  9.35847254093  -1.31762624565  -1.55097043123
-0.333333333333  -0.233333333333  0.566666666667  0.499929139587  7.08604127979e-05  0.5             -0.9  0.1  -6.13251853812e-17  0.000141720825596  1250.0  9.2836047606   -1.31759106689  -1.55093857231
-0.333333333333  -0.233333333333  0.566666666667  0.499930952944  6.90470557773e-05  0.5             -0.9  0.1  -2.77149180342e-17  0.000138094111555  1260.0  9.20992535774  -1.31759492352  -1.55094206627
-0.333333333333  -0.233333333333  0.566666666667  0.499928163164  7.18368358096e-05  0.5             -0.9  0.1  -9.69005691659e-18  0.000143673671619  1270.0  9.13740626043  -1.31758897102  -1.55093667172
-0.333333333333  -0.233333333333  0.566666666667  0.499918398934  8.16010659189e-05  0.5             -0.9  0.1  2.16298333411e-17   0.000163202131838  1280.0  9.06602027402  -1.31756832466  -1.5509179782
-0.333333333333  -0.233333333333  0.566666666667  0.499912540396  8.74596039854e-05  0.5             -0.9  0.1  -2.21041717915e-17  0.000174919207971  1290.0  8.99574104709  -1.3175559038   -1.55090672905
-0.333333333333  -0.233333333333  0.566666666667  0.499912121929  8.78780709902e-05  0.5             -0.9  0.1  -7.60432298727e-17  0.00017575614198   1300.0  8.92654303904  -1.31755503373  -1.55090594268
-0.333333333333  -0.233333333333  0.566666666667  0.499897057117  0.000102942883159  0.5             -0.9  0.1  2.80130736316e-17   0.000205885766318  1310.0  8.85840148912  -1.31752315866  -1.55087708057
-0.333333333333  -0.233333333333  0.566666666667  0.499891198579  0.000108801421226  0.5             -0.9  0.1  -1.5720931501e-17   0.000217602842451  1320.0  8.79129238693  -1.31751071761  -1.55086581123
-0.333333333333  -0.233333333333  0.566666666667  0.499887432376  0.000112567624268  0.5             -0.9  0.1  -1.18042511529e-17  0.000225135248535  1330.0  8.72519244417  -1.3175027117   -1.55085855856
-0.333333333333  -0.233333333333  0.566666666667  0.49988687442   0.000113404558277  0.499999721022  -0.9  0.1  5.57956005834e-07   0.000226809116555  1340.0  8.66007906772  -1.31750038323  -1.55085589531
-0.333333333333  -0.233333333333  0.566666666667  0.499877528657  0.00012247134338   0.5             -0.9  0.1  4.53738609185e-17   0.00024494268676   1350.0  8.59593033389  -1.31748174089  -1.55083956849
-0.333333333333  -0.233333333333  0.566666666667  0.499860789976  0.000139210023568  0.5             -0.9  0.1  -6.63260679018e-17  0.000278420047137  1360.0  8.53272496379  -1.31744623374  -1.55080740908
-0.333333333333  -0.233333333333  0.566666666667  0.499852699614  0.000147300385659  0.5             -0.9  0.1  4.70814793402e-17   0.000294600771318  1370.0  8.47044229982  -1.31742916771  -1.55079196112
-0.333333333333  -0.233333333333  0.566666666667  0.499841401005  0.000158598994786  0.5             -0.9  0.1  3.61852475067e-17   0.000317197989572  1380.0  8.40906228315  -1.31740522445  -1.55077027759
-0.333333333333  -0.233333333333  0.566666666667  0.49983930867   0.00016069132981   0.5             -0.9  0.1  1.11672823766e-17   0.000321382659619  1390.0  8.34856543219  -1.31740071342  -1.55076618502
-0.333333333333  -0.233333333333  0.566666666667  0.49983093933   0.000169060669904  0.5             -0.9  0.1  -4.87890977618e-19  0.000338121339809  1400.0  8.28893282196  -1.31738308415  -1.55075022961
-0.333333333333  -0.233333333333  0.566666666667  0.499811829337  0.000188170663119  0.5             -0.9  0.1  -1.75640751943e-17  0.000376341326238  1410.0  8.23014606436  -1.31734254929  -1.55071351676
-0.333333333333  -0.233333333333  0.566666666667  0.499810852914  0.000189426064134  0.499999721022  -0.9  0.1  5.57956005885e-07   0.000378852128268  1420.0  8.17218728926  -1.31733937303  -1.55071008941
-0.333333333333  -0.233333333333  0.566666666667  0.499786442339  0.000213697150407  0.499999860511  -0.9  0.1  2.78978003836e-07   0.000427394300814  1430.0  8.1150391264   -1.31728825321  -1.55066407489
-0.333333333333  -0.233333333333  0.566666666667  0.499783931537  0.000216068463434  0.5             -0.9  0.1  1.07607065619e-17   0.000432136926867  1440.0  8.05868468802  -1.31728342307  -1.5506599701
-0.333333333333  -0.233333333333  0.566666666667  0.499770540592  0.000229459407585  0.5             -0.9  0.1  6.32360917102e-17   0.00045891881517   1450.0  8.00310755224  -1.31725517749  -1.55063440271
-0.333333333333  -0.233333333333  0.566666666667  0.499756033736  0.00024410575275   0.499999860511  -0.9  0.1  2.78978003786e-07   0.0004882115055    1460.0  7.94829174709  -1.317223787    -1.5506056904
-0.333333333333  -0.233333333333  0.566666666667  0.499757428626  0.000242989840737  0.499999581533  -0.9  0.1  8.36934009727e-07   0.000485979681475  1470.0  7.8942217352   -1.31722571144  -1.5506068895
-0.333333333333  -0.233333333333  0.566666666667  0.499733715496  0.000266284503999  0.5             -0.9  0.1  8.72782748851e-18   0.000532569007998  1480.0  7.84088239916  -1.31717720105  -1.55056379128
-0.333333333333  -0.233333333333  0.566666666667  0.499701214559  0.000298924930367  0.499999860511  -0.9  0.1  2.78978003902e-07   0.000597849860734  1490.0  7.78825902735  -1.31710770861  -1.55050057585
-0.333333333333  -0.233333333333  0.566666666667  0.499698982735  0.000301017265391  0.5             -0.9  0.1  6.76000054545e-17   0.000602034530781  1500.0  7.7363373005   -1.31710360499  -1.55049714177
-0.333333333333  -0.233333333333  0.566666666667  0.499705957185  0.000294182304313  0.499999860511  -0.9  0.1  2.78978002958e-07   0.000588364608627  1510.0  7.68510327864  -1.31711790427  -1.55050982299
-0.333333333333  -0.233333333333  0.566666666667  0.499656717567  0.000343979877875  0.499999302555  -0.9  0.1  1.39489001556e-06   0.00068795975575   1520.0  7.63454338865  -1.31701107055  -1.55041194446
-0.333333333333  -0.233333333333  0.566666666667  0.499651556474  0.000349140970933  0.499999302555  -0.9  0.1  1.39489001558e-06   0.000698281941865  1530.0  7.58464441225  -1.31700028285  -1.55040218898
-0.333333333333  -0.233333333333  0.566666666667  0.49963816553   0.000362113448079  0.499999721022  -0.9  0.1  5.57956005817e-07   0.000724226896158  1540.0  7.53539347451  -1.31697366422  -1.55037891809
-0.333333333333  -0.233333333333  0.566666666667  0.499616126268  0.000383873732324  0.5             -0.9  0.1  -7.25873354479e-17  0.000767747464648  1550.0  7.48677803274  -1.31692806127  -1.55033816935
-0.333333333333  -0.233333333333  0.566666666667  0.49961724218   0.000382897309312  0.499999860511  -0.9  0.1  2.78978002908e-07   0.000765794618625  1560.0  7.43878586587  -1.31692994867  -1.55033961039
-0.333333333333  -0.233333333333  0.566666666667  0.499574837523  0.000425859921797  0.499999302555  -0.9  0.1  1.39489001559e-06   0.000851719843594  1570.0  7.39140506417  -1.31683783435  -1.55025508427
-0.333333333333  -0.233333333333  0.566666666667  0.499565212782  0.000435763640908  0.499999023577  -0.9  0.1  1.9528460214e-06    0.000871527281816  1580.0  7.34462401946  -1.3168162293   -1.5502349578
-0.333333333333  -0.233333333333  0.566666666667  0.49954317352   0.000456826480146  0.5             -0.9  0.1  6.31005664387e-17   0.000913652960291  1590.0  7.29843141557  -1.31677368664  -1.55019838527
-0.333333333333  -0.233333333333  0.566666666667  0.499527411263  0.000472728226325  0.499999860511  -0.9  0.1  2.78978003846e-07   0.00094545645265   1600.0  7.25281621922  -1.31673966819  -1.55016729609
-0.333333333333  -0.233333333333  0.566666666667  0.499491144122  0.000509832300743  0.499999023577  -0.9  0.1  1.95284602241e-06   0.00101966460149   1610.0  7.20776767127  -1.31665944575  -1.55009298798
-0.333333333333  -0.233333333333  0.566666666667  0.49947328953   0.000527547403942  0.499999163066  -0.9  0.1  1.67386801946e-06   0.00105509480788   1620.0  7.16327527824  -1.31662234267  -1.550059679
-0.333333333333  -0.233333333333  0.566666666667  0.499456271872  0.000546238930153  0.499997489198  -0.9  0.1  5.02160405663e-06   0.00109247786031   1630.0  7.11932880414  -1.31657926291  -1.55001732459
-0.333333333333  -0.233333333333  0.566666666667  0.499419586264  0.000580971691544  0.499999442044  -0.9  0.1  1.11591201171e-06   0.00116194338309   1640.0  7.07591826265  -1.31650958591  -1.54995810926
-0.333333333333  -0.233333333333  0.566666666667  0.499429768962  0.000571346950436  0.499998884088  -0.9  0.1  2.23182402543e-06   0.00114269390087   1650.0  7.03303390954  -1.31652918361  -1.54997477769
-0.333333333333  -0.233333333333  0.566666666667  0.499381505767  0.00061974963398   0.499998744599  -0.9  0.1  2.51080202728e-06   0.00123949926796   1660.0  6.99066623539  -1.31642581191  -1.54988083545
-0.333333333333  -0.233333333333  0.566666666667  0.499357653148  0.00064360225325   0.499998744599  -0.9  0.1  2.51080202818e-06   0.0012872045065    1670.0  6.94880595853  -1.31637585062  -1.54983564468
-0.333333333333  -0.233333333333  0.566666666667  0.499343146292  0.000657551153406  0.499999302555  -0.9  0.1  1.39489001559e-06   0.00131510230681   1680.0  6.9074440183   -1.31634711877  -1.54981070693
-0.333333333333  -0.233333333333  0.566666666667  0.499320409584  0.000681403772676  0.499998186643  -0.9  0.1  3.62671404097e-06   0.00136280754535   1690.0  6.86657156849  -1.3162949514   -1.54976130145
-0.333333333333  -0.233333333333  0.566666666667  0.499285816312  0.000715718067062  0.499998465621  -0.9  0.1  3.06875803427e-06   0.00143143613412   1700.0  6.82617997103  -1.31622204922  -1.54969576429
-0.333333333333  -0.233333333333  0.566666666667  0.499261824204  0.000739152219326  0.499999023577  -0.9  0.1  1.95284602232e-06   0.00147830443865   1710.0  6.78626078991  -1.31617423918  -1.54965364539
-0.333333333333  -0.233333333333  0.566666666667  0.499223046261  0.000778627606771  0.499998326132  -0.9  0.1  3.34773603717e-06   0.00155725521354   1720.0  6.74680578532  -1.31608870081  -1.5495747467
-0.333333333333  -0.233333333333  0.566666666667  0.499206307581  0.000795087308956  0.49999860511   -0.9  0.1  2.78978003121e-06   0.00159017461791   1730.0  6.70780690795  -1.31605436975  -1.54954420974
-0.333333333333  -0.233333333333  0.566666666667  0.499171853798  0.000829541092344  0.49999860511   -0.9  0.1  2.78978003128e-06   0.00165908218469   1740.0  6.66925629353  -1.31598156498  -1.54947829573
-0.333333333333  -0.233333333333  0.566666666667  0.499118011043  0.000884360269962  0.499997628687  -0.9  0.1  4.74262605371e-06   0.00176872053992   1750.0  6.63114625757  -1.31586380377  -1.54936974079
-0.333333333333  -0.233333333333  0.566666666667  0.499104062143  0.000899564571133  0.499996373286  -0.9  0.1  7.25342808204e-06   0.00179912914227   1760.0  6.5934692902   -1.31582924662  -1.54933596478
-0.333333333333  -0.233333333333  0.566666666667  0.499045337273  0.000955778638766  0.499998884088  -0.9  0.1  2.23182402538e-06   0.00191155727753   1770.0  6.55621805127  -1.31571499459  -1.54923747501
-0.333333333333  -0.233333333333  0.566666666667  0.49903180684   0.000972517318954  0.499995675841  -0.9  0.1  8.64831809767e-06   0.00194503463791   1780.0  6.51938536559  -1.31567295655  -1.54919300986
-0.333333333333  -0.233333333333  0.566666666667  0.499031388373  0.000971122428938  0.499997489198  -0.9  0.1  5.02160405668e-06   0.00194224485788   1790.0  6.4829642183   -1.31567927761  -1.54920231599
-0.333333333333  -0.233333333333  0.566666666667  0.498979916932  0.00102147795851   0.49999860511   -0.9  0.1  2.78978003125e-06   0.00204295591701   1800.0  6.44694775042  -1.31557524309  -1.54911036122
-0.333333333333  -0.233333333333  0.566666666667  0.498937512275  0.001064998527     0.499997489198  -0.9  0.1  5.02160405663e-06   0.00212999705399   1810.0  6.41132925456  -1.31548067648  -1.54902249007
-0.333333333333  -0.233333333333  0.566666666667  0.49885577172   0.00114659959292   0.499997628687  -0.9  0.1  4.74262605273e-06   0.00229319918583   1820.0  6.37610217074  -1.31530928143  -1.54886766632
-0.333333333333  -0.233333333333  0.566666666667  0.49888506441   0.00111730690258   0.499997628687  -0.9  0.1  4.74262605279e-06   0.00223461380517   1830.0  6.34126008238  -1.3153703743   -1.54892290065
-0.333333333333  -0.233333333333  0.566666666667  0.498830105744  0.0011718471022    0.499998047154  -0.9  0.1  3.90569204391e-06   0.0023436942044    1840.0  6.30679671236  -1.31525622138  -1.54882040901
-0.333333333333  -0.233333333333  0.566666666667  0.498774589121  0.00122806116983   0.499997349709  -0.9  0.1  5.30058206041e-06   0.00245612233967   1850.0  6.27270591932  -1.31513559034  -1.54870976538
-0.333333333333  -0.233333333333  0.566666666667  0.498761616644  0.00124214955899   0.499996233797  -0.9  0.1  7.53240608392e-06   0.00248429911798   1860.0  6.23898169395  -1.31510298369  -1.54867796777
-0.333333333333  -0.233333333333  0.566666666667  0.498683781781  0.00131970544387   0.499996512775  -0.9  0.1  6.97445007809e-06   0.00263941088773   1870.0  6.20561815548  -1.31494008419  -1.5485310816
-0.333333333333  -0.233333333333  0.566666666667  0.498715027318  0.00128845990751   0.499996512775  -0.9  0.1  6.97445007911e-06   0.00257691981503   1880.0  6.17260954827  -1.31500606946  -1.54859081777
-0.333333333333  -0.233333333333  0.566666666667  0.498620732752  0.00138359140658   0.499995675841  -0.9  0.1  8.64831809767e-06   0.00276718281317   1890.0  6.13995023849  -1.31480304278  -1.54840531091
-0.333333333333  -0.233333333333  0.566666666667  0.498582791744  0.00142264832702   0.499994559929  -0.9  0.1  1.08801421221e-05   0.00284529665405   1900.0  6.10763471092  -1.31471821594  -1.54832628681
-0.333333333333  -0.233333333333  0.566666666667  0.49857219058   0.00143338898015   0.49999442044   -0.9  0.1  1.11591201249e-05   0.00286677796029   1910.0  6.07565756584  -1.31469562104  -1.54830558896
-0.333333333333  -0.233333333333  0.566666666667  0.498495053162  0.00150982895301   0.499995117885  -0.9  0.1  9.76423010929e-06   0.00301965790601   1920.0  6.04401351602  -1.31453485006  -1.54816136137
-0.333333333333  -0.233333333333  0.566666666667  0.498448603325  0.00155460492251   0.499996791753  -0.9  0.1  6.41649407234e-06   0.00310920984502   1930.0  6.01269738381  -1.31444328919  -1.54808176866
-0.333333333333  -0.233333333333  0.566666666667  0.498417915744  0.00158738483788   0.499994699418  -0.9  0.1  1.06011641191e-05   0.00317476967576   1940.0  5.98170409833  -1.31436915323  -1.54801042248
-0.333333333333  -0.233333333333  0.566666666667  0.498363515034  0.0016420645265    0.49999442044   -0.9  0.1  1.11591201249e-05   0.00328412905299   1950.0  5.95102869269  -1.31425257743  -1.54790428046
-0.333333333333  -0.233333333333  0.566666666667  0.498293212577  0.00171445931831   0.499992328105  -0.9  0.1  1.53437901729e-05   0.00342891863662   1960.0  5.9206663014   -1.31409552255  -1.54775793833
-0.333333333333  -0.233333333333  0.566666666667  0.498273684117  0.0017311979985    0.499995117885  -0.9  0.1  9.76423010938e-06   0.003462395997     1970.0  5.89061215774  -1.31406598186  -1.54773676698
-0.333333333333  -0.233333333333  0.566666666667  0.498210774577  0.00179410753821   0.499995117885  -0.9  0.1  9.76423010936e-06   0.00358821507642   1980.0  5.86086159129  -1.31393315521  -1.54761652224
-0.333333333333  -0.233333333333  0.566666666667  0.498197104655  0.00180861439437   0.499994280951  -0.9  0.1  1.14380981289e-05   0.00361722878874   1990.0  5.8314100255   -1.31390001179  -1.54758477371
-0.333333333333  -0.233333333333  0.566666666667  0.498079794404  0.00192494822168   0.499995257374  -0.9  0.1  9.48525210738e-06   0.00384989644337   2000.0  5.80225297537  -1.31365518673  -1.54736497298
-0.333333333333  -0.233333333333  0.566666666667  0.498093185349  0.00191629990358   0.499990514748  -0.9  0.1  1.89705042129e-05   0.00383259980717   2010.0  5.77338604515  -1.31366400614  -1.547363526
-0.333333333333  -0.233333333333  0.566666666667  0.498026928073  0.00198395206935   0.499989119858  -0.9  0.1  2.17602842452e-05   0.0039679041387    2020.0  5.74480492611  -1.31351941167  -1.54722995116
-0.333333333333  -0.233333333333  0.566666666667  0.49795188299   0.0020598340862    0.499988282924  -0.9  0.1  2.34341522636e-05   0.0041196681724    2030.0  5.71650539446  -1.31335694331  -1.54708115272
-0.333333333333  -0.233333333333  0.566666666667  0.497925101102  0.00208340772747   0.499991491171  -0.9  0.1  1.70176581914e-05   0.00416681545494   2040.0  5.68848330919  -1.31331362557  -1.54704832456
-0.333333333333  -0.233333333333  0.566666666667  0.497819228949  0.00219430148372   0.499986469567  -0.9  0.1  2.70608663047e-05   0.00438860296743   2050.0  5.66073461012  -1.31306761692  -1.54681545577
-0.333333333333  -0.233333333333  0.566666666667  0.497797050198  0.00221550381196   0.49998744599   -0.9  0.1  2.51080202823e-05   0.00443100762391   2060.0  5.6332553159   -1.31302648796  -1.54678032484
-0.333333333333  -0.233333333333  0.566666666667  0.497787425457  0.00222443110806   0.499988143435  -0.9  0.1  2.37131302666e-05   0.00444886221611   2070.0  5.6060415221   -1.31300771805  -1.54676459578
-0.333333333333  -0.233333333333  0.566666666667  0.497669557251  0.00234481011641   0.499985632633  -0.9  0.1  2.87347343242e-05   0.00468962023282   2080.0  5.5790893994   -1.31274893203  -1.54652536613
-0.333333333333  -0.233333333333  0.566666666667  0.497597162459  0.0024151125732    0.499987724968  -0.9  0.1  2.45500642774e-05   0.00483022514641   2090.0  5.55239519175  -1.31260469555  -1.54639895634
-0.333333333333  -0.233333333333  0.566666666667  0.497571078016  0.00244440526353   0.499984516721  -0.9  0.1  3.09665583496e-05   0.00488881052707   2100.0  5.52595521464  -1.31253610564  -1.54633045013
-0.333333333333  -0.233333333333  0.566666666667  0.497498404246  0.0025126153853    0.499988980369  -0.9  0.1  2.20392622481e-05   0.0050252307706    2110.0  5.49976585344  -1.31239907735  -1.54621509843
-0.333333333333  -0.233333333333  0.566666666667  0.497461160682  0.0025569728878    0.49998186643   -0.9  0.1  3.62671404083e-05   0.0051139457756    2120.0  5.47382356168  -1.31229115311  -1.5461032406
-0.333333333333  -0.233333333333  0.566666666667  0.497393369028  0.00262462505356   0.499982005919  -0.9  0.1  3.59881624052e-05   0.00524925010713   2130.0  5.44812485951  -1.31214834969  -1.54597421869
-0.333333333333  -0.233333333333  0.566666666667  0.497330598977  0.00269074284031   0.499978658183  -0.9  0.1  4.26836344805e-05   0.00538148568062   2140.0  5.42266633213  -1.3120028103   -1.54583587693
-0.333333333333  -0.233333333333  0.566666666667  0.497284986073  0.00272979976075   0.499985214166  -0.9  0.1  2.95716683331e-05   0.0054595995215    2150.0  5.39744462826  -1.31193272864  -1.54578540742
-0.333333333333  -0.233333333333  0.566666666667  0.497204779898  0.00281530651871   0.499979913584  -0.9  0.1  4.01728324531e-05   0.00563061303742   2160.0  5.37245645868  -1.31174138584  -1.54560162493
-0.333333333333  -0.233333333333  0.566666666667  0.497098768256  0.00292271304992   0.499978518694  -0.9  0.1  4.29626124845e-05   0.00584542609984   2170.0  5.34769859482  -1.31151014773  -1.54538935732
-0.333333333333  -0.233333333333  0.566666666667  0.497042833167  0.0029736265355    0.499983540298  -0.9  0.1  3.29194043712e-05   0.00594725307099   2180.0  5.32316786732  -1.31141267269  -1.54531110387
-0.333333333333  -0.233333333333  0.566666666667  0.497011029674  0.00301449681296   0.499974473513  -0.9  0.1  5.10529745741e-05   0.00602899362591   2190.0  5.29886116473  -1.31130795151  -1.54519823653
-0.333333333333  -0.233333333333  0.566666666667  0.496902088764  0.00311897407513   0.499978937161  -0.9  0.1  4.21256784746e-05   0.00623794815026   2200.0  5.27477543216  -1.3110955793   -1.54501479434
-0.333333333333  -0.233333333333  0.566666666667  0.496812397336  0.00321131579417   0.49997628687   -0.9  0.1  4.74262605342e-05   0.00642263158834   2210.0  5.25090767002  -1.3108954907   -1.54482840356
-0.333333333333  -0.233333333333  0.566666666667  0.496706525184  0.00331816436938   0.499975310447  -0.9  0.1  4.93791065566e-05   0.00663632873875   2220.0  5.22725493277  -1.31066730528  -1.54461983029
-0.333333333333  -0.233333333333  0.566666666667  0.496660354324  0.00336363778389   0.499976007892  -0.9  0.1  4.79842165401e-05   0.00672727556778   2230.0  5.20381432769  -1.31057068987  -1.54453356496
-0.333333333333  -0.233333333333  0.566666666667  0.496635106815  0.00339000120518   0.49997489198   -0.9  0.1  5.02160405654e-05   0.00678000241037   2240.0  5.18058301373  -1.31051459587  -1.544480735
-0.333333333333  -0.233333333333  0.566666666667  0.496448191553  0.00358082215933   0.499970986288  -0.9  0.1  5.80274246532e-05   0.00716164431867   2250.0  5.15755820033  -1.31010228139  -1.54409955448
-0.333333333333  -0.233333333333  0.566666666667  0.496478460666  0.00355180844701   0.499969730887  -0.9  0.1  6.05382266817e-05   0.00710361689402   2260.0  5.13473714635  -1.31016152096  -1.54415073158
-0.333333333333  -0.233333333333  0.566666666667  0.496420991198  0.00361025433867   0.499968754464  -0.9  0.1  6.24910727041e-05   0.00722050867733   2270.0  5.11211715892  -1.31003628209  -1.54403542433
-0.333333333333  -0.233333333333  0.566666666667  0.496368682822  0.00366339964826   0.49996791753   -0.9  0.1  6.41649407227e-05   0.00732679929653   2280.0  5.08969559243  -1.30992079462  -1.54392905944
-0.333333333333  -0.233333333333  0.566666666667  0.496260439357  0.00377596727253   0.499963593371  -0.9  0.1  7.28132588203e-05   0.00755193454506   2290.0  5.06746984749  -1.30967472459  -1.54369771944
-0.333333333333  -0.233333333333  0.566666666667  0.496238260606  0.00379396135374   0.499967778041  -0.9  0.1  6.44439187265e-05   0.00758792270747   2300.0  5.04543736989  -1.30964451017  -1.54367863625
-0.333333333333  -0.233333333333  0.566666666667  0.496101840362  0.00393554269033   0.499962616948  -0.9  0.1  7.47661048419e-05   0.00787108538066   2310.0  5.02359564968  -1.30933814834  -1.54339130072
-0.333333333333  -0.233333333333  0.566666666667  0.495980205953  0.00405620067669   0.499963593371  -0.9  0.1  7.28132588204e-05   0.00811240135338   2320.0  5.00194222015  -1.30907947088  -1.54315851242
-0.333333333333  -0.233333333333  0.566666666667  0.495932361225  0.00410516131624   0.499962477459  -0.9  0.1  7.50450828458e-05   0.00821032263248   2330.0  4.98047465697  -1.30897971166  -1.54306653668
-0.333333333333  -0.233333333333  0.566666666667  0.495836950748  0.00420294310634   0.499960106146  -0.9  0.1  7.97877088985e-05   0.00840588621268   2340.0  4.95919057724  -1.30876307855  -1.54286519156
-0.333333333333  -0.233333333333  0.566666666667  0.495850760159  0.00418969165119   0.49995954819   -0.9  0.1  8.09036209111e-05   0.00837938330238   2350.0  4.93808763862  -1.30878896209  -1.5428874205
-0.333333333333  -0.233333333333  0.566666666667  0.495656033513  0.00438413931938   0.499959827168  -0.9  0.1  8.03456649043e-05   0.00876827863877   2360.0  4.91716353845  -1.30838024045  -1.54251809055
-0.333333333333  -0.233333333333  0.566666666667  0.495620882285  0.00441984850379   0.499959269212  -0.9  0.1  8.1461576918e-05    0.00883969700757   2370.0  4.89641601298  -1.30830142543  -1.54244541304
-0.333333333333  -0.233333333333  0.566666666667  0.495513336264  0.00453102123804   0.499955642498  -0.9  0.1  8.8715004999e-05    0.00906204247607   2380.0  4.87584283645  -1.30805922588  -1.54221891995
-0.333333333333  -0.233333333333  0.566666666667  0.495415136007  0.00462991894015   0.499954945052  -0.9  0.1  9.01098950156e-05   0.0092598378803    2390.0  4.8554418204   -1.30785180476  -1.54203002298
-0.333333333333  -0.233333333333  0.566666666667  0.49536031683   0.00468445913977   0.49995522403   -0.9  0.1  8.95519390078e-05   0.00936891827953   2400.0  4.83521081281  -1.30773745517  -1.54192708359
