#mu0            mu1              mu2             x0              x1                 x2              mua  mub   xa                 xb                 T       b              u               phi
0.733333333333  -0.766666666667  0.033333333333  0.5             0.0                0.5             0.7  -1.5  0.0                0.0                30.0    386.816865025  -1.31774118     -2.08440784667
0.733333333333  -0.766666666667  0.033333333333  0.5             0.0                0.5             0.7  -1.5  0.0                0.0                40.0    290.112648769  -1.31774118     -2.08440784667
0.733333333333  -0.766666666667  0.033333333333  0.5             0.0                0.5             0.7  -1.5  0.0                0.0                50.0    232.090119015  -1.31774118     -2.08440784667
0.733333333333  -0.766666666667  0.033333333333  0.5             0.0                0.5             0.7  -1.5  0.0                0.0                60.0    193.408432513  -1.31774118     -2.08440784667
0.733333333333  -0.766666666667  0.033333333333  0.5             0.0                0.5             0.7  -1.5  0.0                0.0                70.0    165.778656439  -1.31774118     -2.08440784667
0.733333333333  -0.766666666667  0.033333333333  0.5             0.0                0.5             0.7  -1.5  0.0                0.0                80.0    145.056324384  -1.31774118     -2.08440784667
0.733333333333  -0.766666666667  0.033333333333  0.5             0.0                0.5             0.7  -1.5  0.0                0.0                90.0    128.938955008  -1.31774118     -2.08440784667
0.733333333333  -0.766666666667  0.033333333333  0.5             0.0                0.5             0.7  -1.5  0.0                0.0                100.0   116.045059507  -1.31774118     -2.08440784667
0.733333333333  -0.766666666667  0.033333333333  0.5             0.0                0.5             0.7  -1.5  0.0                0.0                110.0   105.495508643  -1.31774118     -2.08440784667
0.733333333333  -0.766666666667  0.033333333333  0.5             0.0                0.5             0.7  -1.5  0.0                0.0                120.0   96.7042162563  -1.31774118     -2.08440784667
0.733333333333  -0.766666666667  0.033333333333  0.5             0.0                0.5             0.7  -1.5  0.0                0.0                130.0   89.2654303904  -1.31774118     -2.08440784667
0.733333333333  -0.766666666667  0.033333333333  0.5             0.0                0.5             0.7  -1.5  0.0                0.0                140.0   82.8893282196  -1.31774118     -2.08440784667
0.733333333333  -0.766666666667  0.033333333333  0.5             0.0                0.5             0.7  -1.5  0.0                0.0                150.0   77.363373005   -1.31774118     -2.08440784667
0.733333333333  -0.766666666667  0.033333333333  0.5             0.0                0.5             0.7  -1.5  0.0                0.0                160.0   72.5281621922  -1.31774118     -2.08440784667
0.733333333333  -0.766666666667  0.033333333333  0.5             0.0                0.5             0.7  -1.5  0.0                0.0                170.0   68.2617997103  -1.31774118     -2.08440784667
0.733333333333  -0.766666666667  0.033333333333  0.5             0.0                0.5             0.7  -1.5  0.0                0.0                180.0   64.4694775042  -1.31774118     -2.08440784667
0.733333333333  -0.766666666667  0.033333333333  0.5             0.0                0.5             0.7  -1.5  0.0                0.0                190.0   61.0763471092  -1.31774118     -2.08440784667
0.733333333333  -0.766666666667  0.033333333333  0.5             0.0                0.5             0.7  -1.5  0.0                0.0                200.0   58.0225297537  -1.31774118     -2.08440784667
0.733333333333  -0.766666666667  0.033333333333  0.5             0.0                0.5             0.7  -1.5  0.0                0.0                210.0   55.2595521464  -1.31774118     -2.08440784667
0.733333333333  -0.766666666667  0.033333333333  0.5             0.0                0.5             0.7  -1.5  0.0                0.0                220.0   52.7477543216  -1.31774118     -2.08440784667
0.733333333333  -0.766666666667  0.033333333333  0.500000697445  0.0                0.499999302555  0.7  -1.5  1.39489001572e-06  0.0                230.0   50.4543736989  -1.31773977792  -2.08440742101
0.733333333333  -0.766666666667  0.033333333333  0.5             0.0                0.5             0.7  -1.5  0.0                0.0                240.0   48.3521081281  -1.31774118     -2.08440784667
0.733333333333  -0.766666666667  0.033333333333  0.500000139489  0.0                0.499999860511  0.7  -1.5  2.78978003809e-07  0.0                250.0   46.418023803   -1.31774089958  -2.08440776153
0.733333333333  -0.766666666667  0.033333333333  0.500000976423  0.0                0.499999023577  0.7  -1.5  1.95284602156e-06  0.0                260.0   44.6327151952  -1.31773921708  -2.08440725074
0.733333333333  -0.766666666667  0.033333333333  0.500000976423  0.0                0.499999023577  0.7  -1.5  1.95284602156e-06  0.0                270.0   42.9796516694  -1.31773921708  -2.08440725074
0.733333333333  -0.766666666667  0.033333333333  0.500001673868  0.0                0.499998326132  0.7  -1.5  3.34773603705e-06  0.0                280.0   41.4446641098  -1.317737815    -2.08440682508
0.733333333333  -0.766666666667  0.033333333333  0.500004045181  0.0                0.499995954819  0.7  -1.5  8.09036209182e-06  0.0                290.0   40.0155377612  -1.31773304792  -2.08440537784
0.733333333333  -0.766666666667  0.033333333333  0.500004045181  0.0                0.499995954819  0.7  -1.5  8.09036209182e-06  0.0                300.0   38.6816865025  -1.31773304792  -2.08440537784
0.733333333333  -0.766666666667  0.033333333333  0.500005440071  0.0                0.499994559929  0.7  -1.5  1.08801421231e-05  0.0                310.0   37.4338901637  -1.31773024375  -2.08440452652
0.733333333333  -0.766666666667  0.033333333333  0.500009066785  0.0                0.499990933215  0.7  -1.5  1.8133570205e-05   0.0                320.0   36.2640810961  -1.31772295292  -2.08440231308
0.733333333333  -0.766666666667  0.033333333333  0.50000836934   0.0                0.49999163066   0.7  -1.5  1.67386801895e-05  0.0                330.0   35.1651695477  -1.317724355    -2.08440273874
0.733333333333  -0.766666666667  0.033333333333  0.500017436125  0.0                0.499982563875  0.7  -1.5  3.48722503927e-05  0.0                340.0   34.1308998551  -1.31770612792  -2.08439720516
0.733333333333  -0.766666666667  0.033333333333  0.500016599191  0.0                0.499983400809  0.7  -1.5  3.31983823738e-05  0.0                350.0   33.1557312879  -1.31770781042  -2.08439771595
0.733333333333  -0.766666666667  0.033333333333  0.500029153201  0.0                0.499970846799  0.7  -1.5  5.83064026562e-05  0.0                360.0   32.2347387521  -1.31768257436  -2.08439005551
0.733333333333  -0.766666666667  0.033333333333  0.500031942981  0.0                0.499968057019  0.7  -1.5  6.38859627187e-05  0.0                370.0   31.3635295966  -1.3176769664   -2.08438835324
0.733333333333  -0.766666666667  0.033333333333  0.500050634508  0.0                0.499949365492  0.7  -1.5  0.000101269015141  0.0                380.0   30.5381735546  -1.31763939019  -2.08437694517
0.733333333333  -0.766666666667  0.033333333333  0.500059422315  0.0                0.499940577685  0.7  -1.5  0.000118844629338  0.0                390.0   29.7551434635  -1.31762173     -2.08437158791
0.733333333333  -0.766666666667  0.033333333333  0.500081461577  0.0                0.499918538423  0.7  -1.5  0.000162923153836  0.0                400.0   29.0112648769  -1.31757742392  -2.08435813679
0.733333333333  -0.766666666667  0.033333333333  0.500096944856  0.0                0.499903055144  0.7  -1.5  0.000193889712183  0.0                410.0   28.3036730506  -1.31754631649  -2.08434870595
0.733333333333  -0.766666666667  0.033333333333  0.500100711059  0.0                0.499899288941  0.7  -1.5  0.00020142211827   0.0                420.0   27.6297760732  -1.31753873676  -2.08434639891
0.733333333333  -0.766666666667  0.033333333333  0.50013125915   0.0                0.49986874085   0.7  -1.5  0.000262518300957  0.0                430.0   26.9872231413  -1.31747732322  -2.0843277527
0.733333333333  -0.766666666667  0.033333333333  0.500160551841  0.0                0.499839448159  0.7  -1.5  0.000321103681617  0.0                440.0   26.3738771608  -1.31741844823  -2.08430988748
0.733333333333  -0.766666666667  0.033333333333  0.500195982047  0.0                0.499804017953  0.7  -1.5  0.000391964094415  0.0                450.0   25.7877910017  -1.31734723936  -2.08428828089
0.733333333333  -0.766666666667  0.033333333333  0.500230854298  0.0                0.499769145702  0.7  -1.5  0.000461708595201  0.0                460.0   25.2271868495  -1.31727712069  -2.08426698338
0.733333333333  -0.766666666667  0.033333333333  0.500271166619  0.0                0.499728833381  0.7  -1.5  0.000542333238109  0.0                470.0   24.6904381931  -1.31719608318  -2.08424238311
0.733333333333  -0.766666666667  0.033333333333  0.500303667556  0.0                0.499696332444  0.7  -1.5  0.000607335112842  0.0                480.0   24.1760540641  -1.31713073396  -2.08422253521
0.733333333333  -0.766666666667  0.033333333333  0.50037717826   0.0                0.49962282174   0.7  -1.5  0.000754356520496  0.0                490.0   23.6826652056  -1.31698298043  -2.08417769666
0.733333333333  -0.766666666667  0.033333333333  0.500423070142  0.0                0.499576929858  0.7  -1.5  0.000846140283531  0.0                500.0   23.2090119015  -1.31689081228  -2.08414977715
0.733333333333  -0.766666666667  0.033333333333  0.50049323311   0.0                0.49950676689   0.7  -1.5  0.000986466219111  0.0                510.0   22.7539332368  -1.3167497879   -2.08410698092
0.733333333333  -0.766666666667  0.033333333333  0.50053786959   0.0                0.49946213041   0.7  -1.5  0.00107573918012   0.0                520.0   22.3163575976  -1.31666011981  -2.0840798039
0.733333333333  -0.766666666667  0.033333333333  0.500627700507  0.0                0.499372299493  0.7  -1.5  0.00125540101414   0.0                530.0   21.8952942467  -1.31647964485  -2.08402509223
0.733333333333  -0.766666666667  0.033333333333  0.500709441062  0.0                0.499290558938  0.7  -1.5  0.00141888212398   0.0                540.0   21.4898258347  -1.31631538082  -2.08397526498
0.733333333333  -0.766666666667  0.033333333333  0.500778906585  0.0                0.499221093415  0.7  -1.5  0.00155781316955   0.0                550.0   21.0991017286  -1.31617568638  -2.08393282227
0.733333333333  -0.766666666667  0.033333333333  0.500925370036  0.0                0.499074629964  0.7  -1.5  0.00185074007285   0.0                560.0   20.7223320549  -1.31588138595  -2.08384357066
0.733333333333  -0.766666666667  0.033333333333  0.501019246134  0.0                0.498980753866  0.7  -1.5  0.00203849226896   0.0                570.0   20.3587823697  -1.31569282229  -2.08378643354
0.733333333333  -0.766666666667  0.033333333333  0.501092617349  0.0                0.498907382651  0.7  -1.5  0.00218523469862   0.0                580.0   20.0077688806  -1.31554547259  -2.08374180354
0.733333333333  -0.766666666667  0.033333333333  0.501243823427  0.0                0.498756176573  0.7  -1.5  0.00248764685402   0.0                590.0   19.6686541538  -1.31524156746  -2.08364958693
0.733333333333  -0.766666666667  0.033333333333  0.50132444807   0.0                0.49867555193   0.7  -1.5  0.00264889613984   0.0                600.0   19.3408432512  -1.31507971602  -2.08360060999
0.733333333333  -0.766666666667  0.033333333333  0.501477188527  0.0                0.498522811473  0.7  -1.5  0.00295437705328   0.0                610.0   19.0237802471  -1.3147730797   -2.08350781031
0.733333333333  -0.766666666667  0.033333333333  0.501629231538  0.0                0.498370768462  0.7  -1.5  0.0032584630767    0.0                620.0   18.7169450819  -1.31446731774  -2.08341490856
0.733333333333  -0.766666666667  0.033333333333  0.501803313812  0.0                0.498196686188  0.7  -1.5  0.00360662762462   0.0                630.0   18.4198507155  -1.31411777727  -2.08330908327
0.733333333333  -0.766666666667  0.033333333333  0.501986183893  0.0                0.498013816107  0.7  -1.5  0.00397236778674   0.0                640.0   18.132040548   -1.31375045745  -2.08319778157
0.733333333333  -0.766666666667  0.033333333333  0.502108794726  0.0                0.497891205274  0.7  -1.5  0.00421758945151   0.0                650.0   17.8530860781  -1.31350405207  -2.08312303135
0.733333333333  -0.766666666667  0.033333333333  0.502327373991  0.0                0.497672626009  0.7  -1.5  0.00465474798243   0.0                660.0   17.5825847739  -1.31306506425  -2.0829900545
0.733333333333  -0.766666666667  0.033333333333  0.502519868813  0.0                0.497480131187  0.7  -1.5  0.00503973762677   0.0                670.0   17.3201581354  -1.31267914454  -2.08287362754
0.733333333333  -0.766666666667  0.033333333333  0.502651267453  0.0                0.497348732547  0.7  -1.5  0.00530253490573   0.0                680.0   17.0654499276  -1.31241520327  -2.08279364438
0.733333333333  -0.766666666667  0.033333333333  0.502878774014  0.0                0.497121225986  0.7  -1.5  0.00575754802885   0.0                690.0   16.8181245663  -1.31195807635  -2.08265502663
0.733333333333  -0.766666666667  0.033333333333  0.503134317865  0.0                0.496865682135  0.7  -1.5  0.00626863573061   0.0                700.0   16.5778656439  -1.31144589085  -2.08250060253
0.733333333333  -0.766666666667  0.033333333333  0.503306586782  0.0                0.496693413218  0.7  -1.5  0.00661317356449   0.0                710.0   16.3443745785  -1.31109853536  -2.08239442352
0.733333333333  -0.766666666667  0.033333333333  0.503602163977  0.0                0.496397836023  0.7  -1.5  0.00720432795315   0.0                720.0   16.117369376   -1.31050630059  -2.08221599683
0.733333333333  -0.766666666667  0.033333333333  0.503843758927  0.0                0.496156241073  0.7  -1.5  0.00768751785459   0.0                730.0   15.8965834942  -1.31002166755  -2.08206959671
0.733333333333  -0.766666666667  0.033333333333  0.504050621117  0.0                0.495949378883  0.7  -1.5  0.00810124223325   0.0                740.0   15.6817647983  -1.309605982    -2.08194351823
0.733333333333  -0.766666666667  0.033333333333  0.504318997956  0.0                0.495681002044  0.7  -1.5  0.0086379959113    0.0                750.0   15.472674601   -1.30906801157  -2.08178127538
0.733333333333  -0.766666666667  0.033333333333  0.504602997563  0.0                0.495397002437  0.7  -1.5  0.0092059951257    0.0                760.0   15.2690867773  -1.30849690186  -2.08160776512
0.733333333333  -0.766666666667  0.033333333333  0.504871234913  0.0                0.495128765087  0.7  -1.5  0.00974246982574   0.0                770.0   15.070786949   -1.30795884706  -2.0814452426
0.733333333333  -0.766666666667  0.033333333333  0.505140727664  0.0                0.494859272336  0.7  -1.5  0.0102814553278    0.0                780.0   14.8775717317  -1.30741813363  -2.08128181903
0.733333333333  -0.766666666667  0.033333333333  0.505388320642  0.0                0.494611679358  0.7  -1.5  0.0107766412834    0.0                790.0   14.6892480389  -1.30692231956  -2.08113263512
0.733333333333  -0.766666666667  0.033333333333  0.505741925261  0.0                0.494258074739  0.7  -1.5  0.0114838505214    0.0                800.0   14.5056324384  -1.30621312733  -2.08091848936
0.733333333333  -0.766666666667  0.033333333333  0.506005977941  0.0                0.493994022059  0.7  -1.5  0.0120119558813    0.0                810.0   14.3265505565  -1.30568150208  -2.08075653787
0.733333333333  -0.766666666667  0.033333333333  0.506405055974  0.0                0.493594944026  0.7  -1.5  0.0128101119483    0.0                820.0   14.1518365253  -1.30488202856  -2.08051577359
0.733333333333  -0.766666666667  0.033333333333  0.506755312857  0.0                0.493244687143  0.7  -1.5  0.0135106257142    0.0                830.0   13.9813324708  -1.30417895176  -2.08030305643
0.733333333333  -0.766666666667  0.033333333333  0.507088691571  0.0                0.492911308429  0.7  -1.5  0.0141773831417    0.0                840.0   13.8148880366  -1.30350930257  -2.08010013743
0.733333333333  -0.766666666667  0.033333333333  0.507410492697  0.0                0.492589507303  0.7  -1.5  0.0148209853949    0.0                850.0   13.6523599421  -1.30286621868  -2.07990757512
0.733333333333  -0.766666666667  0.033333333333  0.507687517855  0.0                0.492312482145  0.7  -1.5  0.0153750357092    0.0                860.0   13.4936115706  -1.30230819437  -2.07973738603
0.733333333333  -0.766666666667  0.033333333333  0.508056745242  0.0                0.491943254758  0.7  -1.5  0.0161134904835    0.0                870.0   13.3385125871  -1.30156740731  -2.07951351732
0.733333333333  -0.766666666667  0.033333333333  0.508349393167  0.0                0.491650606833  0.7  -1.5  0.0166987863341    0.0                880.0   13.1869385804  -1.30097865177  -2.07933446887
0.733333333333  -0.766666666667  0.033333333333  0.508721828801  0.0                0.491278171199  0.7  -1.5  0.0174436576025    0.0                890.0   13.0387707312  -1.30023523268  -2.07911245967
0.733333333333  -0.766666666667  0.033333333333  0.509101517864  0.0                0.490898482136  0.7  -1.5  0.018203035727     0.0                900.0   12.8938955008  -1.29947316499  -2.07888195666
0.733333333333  -0.766666666667  0.033333333333  0.509395700168  0.0                0.490604299832  0.7  -1.5  0.0187914003357    0.0                910.0   12.7522043415  -1.29888060556  -2.07870125246
0.733333333333  -0.766666666667  0.033333333333  0.509857548252  0.0                0.490142451748  0.7  -1.5  0.0197150965041    0.0                920.0   12.6135934247  -1.29795444984  -2.07842168406
0.733333333333  -0.766666666667  0.033333333333  0.510238074248  0.0                0.489761925752  0.7  -1.5  0.0204761484966    0.0                930.0   12.4779633879  -1.29719014237  -2.07819011299
0.733333333333  -0.766666666667  0.033333333333  0.510619576668  0.0                0.489380423332  0.7  -1.5  0.0212391533352    0.0                940.0   12.3452190965  -1.29642757084  -2.07796164485
0.733333333333  -0.766666666667  0.033333333333  0.511038043672  0.0                0.488961956328  0.7  -1.5  0.0220760873447    0.0                950.0   12.2152694218  -1.29558755117  -2.07770747898
0.733333333333  -0.766666666667  0.033333333333  0.511394717049  0.0                0.488605282951  0.7  -1.5  0.0227894340987    0.0                960.0   12.088027032   -1.29487055764  -2.07748982818
0.733333333333  -0.766666666667  0.033333333333  0.511749716558  0.0                0.488250283442  0.7  -1.5  0.0234994331167    0.0                970.0   11.9634081967  -1.2941578222   -2.07727409205
0.733333333333  -0.766666666667  0.033333333333  0.512161488091  0.0                0.487838511909  0.7  -1.5  0.024322976182     0.0                980.0   11.8413326028  -1.29333220736  -2.07702495736
0.733333333333  -0.766666666667  0.033333333333  0.512530994456  0.0                0.487469005544  0.7  -1.5  0.0250619889123    0.0                990.0   11.7217231826  -1.29259056908  -2.07680062799
0.733333333333  -0.766666666667  0.033333333333  0.513017113627  0.0                0.486982886373  0.7  -1.5  0.0260342272533    0.0                1000.0  11.6045059507  -1.29161490502  -2.07650553076
0.733333333333  -0.766666666667  0.033333333333  0.513407682831  0.0                0.486592317169  0.7  -1.5  0.026815365662     0.0                1010.0  11.4896098522  -1.29083106683  -2.07626848946
0.733333333333  -0.766666666667  0.033333333333  0.513804110573  0.0                0.486195889427  0.7  -1.5  0.027608221147     0.0                1020.0  11.3769666184  -1.29003671684  -2.07602913831
0.733333333333  -0.766666666667  0.033333333333  0.514228575605  0.0                0.485771424395  0.7  -1.5  0.0284571512105    0.0                1030.0  11.2665106318  -1.28918381086  -2.07577048337
0.733333333333  -0.766666666667  0.033333333333  0.51454507615   0.0                0.48545492385   0.7  -1.5  0.0290901522997    0.0                1040.0  11.1581787988  -1.28854681418  -2.07557658746
0.733333333333  -0.766666666667  0.033333333333  0.515009016569  0.0                0.484990983431  0.7  -1.5  0.0300180331381    0.0                1050.0  11.0519104293  -1.28761406558  -2.07529335545
0.733333333333  -0.766666666667  0.033333333333  0.515578410673  0.0                0.484421589327  0.7  -1.5  0.031156821347     0.0                1060.0  10.9476471233  -1.28646884848  -2.07494529009
0.733333333333  -0.766666666667  0.033333333333  0.5159002118    0.0                0.4840997882    0.7  -1.5  0.0318004236002    0.0                1070.0  10.8453326643  -1.28582442898  -2.07475139217
0.733333333333  -0.766666666667  0.033333333333  0.516371266158  0.0                0.483628733842  0.7  -1.5  0.0327425323168    0.0                1080.0  10.7449129174  -1.28487883326  -2.07446527255
0.733333333333  -0.766666666667  0.033333333333  0.51680689031   0.0                0.48319310969   0.7  -1.5  0.0336137806206    0.0                1090.0  10.6463357346  -1.28400175837  -2.07419807147
0.733333333333  -0.766666666667  0.033333333333  0.517184347549  0.0                0.482815652451  0.7  -1.5  0.0343686950971    0.0                1100.0  10.5495508643  -1.28324601872  -2.07397077196
0.733333333333  -0.766666666667  0.033333333333  0.517690553135  0.0                0.482309446865  0.7  -1.5  0.0353811062705    0.0                1110.0  10.4545098655  -1.28222473149  -2.07365817255
0.733333333333  -0.766666666667  0.033333333333  0.518104695981  0.0                0.481895304019  0.7  -1.5  0.0362093919619    0.0                1120.0  10.3611660275  -1.28139017252  -2.07340341356
0.733333333333  -0.766666666667  0.033333333333  0.518505866349  0.0                0.481494133651  0.7  -1.5  0.0370117326989    0.0                1130.0  10.2694742927  -1.28058439743  -2.07315927699
0.733333333333  -0.766666666667  0.033333333333  0.518795585006  0.0                0.481204414994  0.7  -1.5  0.0375911700114    0.0                1140.0  10.1793911849  -1.27999899546  -2.07297948114
0.733333333333  -0.766666666667  0.033333333333  0.519232464559  0.0                0.480767535441  0.7  -1.5  0.0384649291173    0.0                1150.0  10.0908747398  -1.27912196844  -2.07271408549
0.733333333333  -0.766666666667  0.033333333333  0.51975624576   0.0                0.48024375424   0.7  -1.5  0.0395124915191    0.0                1160.0  10.0038844403  -1.27806712503  -2.07239253576
0.733333333333  -0.766666666667  0.033333333333  0.520154905326  0.0                0.479845094674  0.7  -1.5  0.040309810652     0.0                1170.0  9.91838115449  -1.27726225565  -2.07214578977
0.733333333333  -0.766666666667  0.033333333333  0.520700865278  0.0                0.479299134722  0.7  -1.5  0.0414017305563    0.0                1180.0  9.83432707691  -1.27616882135  -2.0718166994
0.733333333333  -0.766666666667  0.033333333333  0.520998395319  0.0                0.479001604681  0.7  -1.5  0.0419967906371    0.0                1190.0  9.7516856729   -1.27556189636  -2.07162631647
0.733333333333  -0.766666666667  0.033333333333  0.521498881856  0.0                0.478501118144  0.7  -1.5  0.0429977637123    0.0                1200.0  9.67042162562  -1.27455591267  -2.07132101394
0.733333333333  -0.766666666667  0.033333333333  0.521839932465  0.0                0.478160067535  0.7  -1.5  0.04367986493      0.0                1210.0  9.59050078574  -1.27386967582  -2.07111224794
0.733333333333  -0.766666666667  0.033333333333  0.522283368001  0.0                0.477716631999  0.7  -1.5  0.044566736002     0.0                1220.0  9.51189012357  -1.27297767943  -2.0708410613
0.733333333333  -0.766666666667  0.033333333333  0.52264813174   0.0                0.47735186826   0.7  -1.5  0.0452962634802    0.0                1230.0  9.43455768354  -1.27223221129  -2.0706062624
0.733333333333  -0.766666666667  0.033333333333  0.523225337229  0.0                0.476774662771  0.7  -1.5  0.0464506744572    0.0                1240.0  9.35847254093  -1.27107049401  -2.0702526328
0.733333333333  -0.766666666667  0.033333333333  0.523590100968  0.0                0.476409899032  0.7  -1.5  0.0471802019354    0.0                1250.0  9.2836047606   -1.27033902568  -2.0700318337
0.733333333333  -0.766666666667  0.033333333333  0.523946355878  0.0                0.476053644122  0.7  -1.5  0.0478927117555    0.0                1260.0  9.20992535774  -1.26961635716  -2.06980792205
0.733333333333  -0.766666666667  0.033333333333  0.52441127272   0.0                0.47558872728   0.7  -1.5  0.0488225454399    0.0                1270.0  9.13740626043  -1.26867394768  -2.06951639616
0.733333333333  -0.766666666667  0.033333333333  0.524852476432  0.0                0.475147523568  0.7  -1.5  0.0497049528639    0.0                1280.0  9.06602027402  -1.2677807573   -2.06924089097
0.733333333333  -0.766666666667  0.033333333333  0.525394530692  0.0                0.474605469308  0.7  -1.5  0.0507890613841    0.0                1290.0  8.99574104709  -1.26669259609  -2.06891160572
0.733333333333  -0.766666666667  0.033333333333  0.525715913352  0.0                0.474284086648  0.7  -1.5  0.0514318267033    0.0                1300.0  8.92654303904  -1.26604233115  -2.06871127651
0.733333333333  -0.766666666667  0.033333333333  0.526162696624  0.0                0.473837303376  0.7  -1.5  0.0523253932474    0.0                1310.0  8.85840148912  -1.26512569834  -2.06842014028
0.733333333333  -0.766666666667  0.033333333333  0.526522857226  0.0                0.473477142774  0.7  -1.5  0.0530457144515    0.0                1320.0  8.79129238693  -1.26440659202  -2.0682052588
0.733333333333  -0.766666666667  0.033333333333  0.526989447936  0.0                0.473010552064  0.7  -1.5  0.053978895872     0.0                1330.0  8.72519244417  -1.26345572781  -2.06790762158
0.733333333333  -0.766666666667  0.033333333333  0.527324640007  0.0                0.472675359993  0.7  -1.5  0.0546492800136    0.0                1340.0  8.66007906772  -1.26278251715  -2.06770367983
0.733333333333  -0.766666666667  0.033333333333  0.527886641194  0.0                0.472113358806  0.7  -1.5  0.0557732823882    0.0                1350.0  8.59593033389  -1.26164338699  -2.06735135133
0.733333333333  -0.766666666667  0.033333333333  0.528091690026  0.0                0.471908309974  0.7  -1.5  0.0561833800528    0.0                1360.0  8.53272496379  -1.26122176583  -2.06721679853
0.733333333333  -0.766666666667  0.033333333333  0.528593152987  0.0                0.471406847013  0.7  -1.5  0.0571863059741    0.0                1370.0  8.47044229982  -1.26020644902  -2.06690352987
0.733333333333  -0.766666666667  0.033333333333  0.529109541271  0.0                0.470890458729  0.7  -1.5  0.0582190825418    0.0                1380.0  8.40906228315  -1.25914616668  -2.06656619113
0.733333333333  -0.766666666667  0.033333333333  0.529469422895  0.0                0.470530577105  0.7  -1.5  0.0589388457899    0.0                1390.0  8.34856543219  -1.25842265753  -2.06634651625
0.733333333333  -0.766666666667  0.033333333333  0.52975928104   0.0                0.47024071896   0.7  -1.5  0.0595185620804    0.0                1400.0  8.28893282196  -1.25782658557  -2.06615624569
0.733333333333  -0.766666666667  0.033333333333  0.530279993483  0.0                0.469720006517  0.7  -1.5  0.0605599869661    0.0                1410.0  8.23014606436  -1.25678047016  -2.06583912771
0.733333333333  -0.766666666667  0.033333333333  0.530766810099  0.0                0.469233189901  0.7  -1.5  0.0615336201971    0.0                1420.0  8.17218728926  -1.25579741672  -2.06553761752
0.733333333333  -0.766666666667  0.033333333333  0.531190298707  0.0                0.468809701293  0.7  -1.5  0.0623805974147    0.0                1430.0  8.1150391264   -1.25491419177  -2.06524727663
0.733333333333  -0.766666666667  0.033333333333  0.531557573248  0.0                0.468442426752  0.7  -1.5  0.0631151464969    0.0                1440.0  8.05868468802  -1.25418300102  -2.06503027023
0.733333333333  -0.766666666667  0.033333333333  0.532006588345  0.0                0.467993411655  0.7  -1.5  0.064013176689     0.0                1450.0  8.00310755224  -1.25325954839  -2.06473543874
0.733333333333  -0.766666666667  0.033333333333  0.532337316767  0.0                0.467662683233  0.7  -1.5  0.0646746335345    0.0                1460.0  7.94829174709  -1.25258288832  -2.06452179847
0.733333333333  -0.766666666667  0.033333333333  0.532668184679  0.0                0.467331815321  0.7  -1.5  0.0653363693579    0.0                1470.0  7.8942217352   -1.25190402666  -2.06430615188
0.733333333333  -0.766666666667  0.033333333333  0.53313603079   0.0                0.46686396921   0.7  -1.5  0.0662720615805    0.0                1480.0  7.84088239916  -1.25095319017  -2.06401029995
0.733333333333  -0.766666666667  0.033333333333  0.533487682563  0.0                0.466512317437  0.7  -1.5  0.0669753651264    0.0                1490.0  7.78825902735  -1.25023317276  -2.06378259502
0.733333333333  -0.766666666667  0.033333333333  0.533911729128  0.0                0.466088270872  0.7  -1.5  0.067823458256     0.0                1500.0  7.7363373005   -1.24935708137  -2.06350016882
0.733333333333  -0.766666666667  0.033333333333  0.534380551662  0.0                0.465619448338  0.7  -1.5  0.0687611033245    0.0                1510.0  7.68510327864  -1.24840280795  -2.06320224695
0.733333333333  -0.766666666667  0.033333333333  0.534680871483  0.0                0.465319128517  0.7  -1.5  0.0693617429653    0.0                1520.0  7.63454338865  -1.24779078174  -2.06301066848
0.733333333333  -0.766666666667  0.033333333333  0.535176754883  0.0                0.464823245117  0.7  -1.5  0.0703535097665    0.0                1530.0  7.58464441225  -1.24678126385  -2.06269538736
0.733333333333  -0.766666666667  0.033333333333  0.535549469495  0.0                0.464450530505  0.7  -1.5  0.0710989389909    0.0                1540.0  7.53539347451  -1.24600460911  -2.06244053307
0.733333333333  -0.766666666667  0.033333333333  0.535971284236  0.0                0.464028715764  0.7  -1.5  0.0719425684724    0.0                1550.0  7.48677803274  -1.24513971986  -2.06216618446
0.733333333333  -0.766666666667  0.033333333333  0.53636896738   0.0                0.46363103262   0.7  -1.5  0.0727379347593    0.0                1560.0  7.43878586587  -1.24433719337  -2.06192041437
0.733333333333  -0.766666666667  0.033333333333  0.536660499393  0.0                0.463339500607  0.7  -1.5  0.0733209987859    0.0                1570.0  7.39140506417  -1.24373495559  -2.06172632141
0.733333333333  -0.766666666667  0.033333333333  0.537062785673  0.0                0.462937214327  0.7  -1.5  0.074125571347     0.0                1580.0  7.34462401946  -1.2428898557   -2.06144442231
0.733333333333  -0.766666666667  0.033333333333  0.537585590451  0.0                0.462414409549  0.7  -1.5  0.0751711809027    0.0                1590.0  7.29843141557  -1.24181703407  -2.06110352737
0.733333333333  -0.766666666667  0.033333333333  0.537816863216  0.0                0.462183136784  0.7  -1.5  0.0756337264319    0.0                1600.0  7.25281621922  -1.24135399462  -2.06096426979
0.733333333333  -0.766666666667  0.033333333333  0.538231564018  0.0                0.461768435982  0.7  -1.5  0.0764631280353    0.0                1610.0  7.20776767127  -1.24048750881  -2.0606783651
0.733333333333  -0.766666666667  0.033333333333  0.538580983967  0.0                0.461419016033  0.7  -1.5  0.0771619679332    0.0                1620.0  7.16327527824  -1.23976574307  -2.06044578729
0.733333333333  -0.766666666667  0.033333333333  0.538944631794  0.0                0.461055368206  0.7  -1.5  0.0778892635873    0.0                1630.0  7.11932880414  -1.23902005408  -2.06020920526
0.733333333333  -0.766666666667  0.033333333333  0.539408153746  0.0                0.460591846254  0.7  -1.5  0.0788163074918    0.0                1640.0  7.07591826265  -1.23807125764  -2.05990933955
0.733333333333  -0.766666666667  0.033333333333  0.539727304581  0.0                0.460272695419  0.7  -1.5  0.079454609163     0.0                1650.0  7.03303390954  -1.23741704271  -2.05970193579
0.733333333333  -0.766666666667  0.033333333333  0.540070168547  0.0                0.459929831453  0.7  -1.5  0.0801403370947    0.0                1660.0  6.99066623539  -1.2367083814   -2.05947328404
0.733333333333  -0.766666666667  0.033333333333  0.540438001044  2.7897800293e-07   0.459561719978  0.7  -1.5  0.080876560045     5.57956005859e-07  1670.0  6.94880595853  -1.23594952398  -2.05922894575
0.733333333333  -0.766666666667  0.033333333333  0.540763010418  0.0                0.459236989582  0.7  -1.5  0.0815260208363    0.0                1680.0  6.9074440183   -1.23527574368  -2.05901062493
0.733333333333  -0.766666666667  0.033333333333  0.541140328167  0.0                0.458859671833  0.7  -1.5  0.0822806563348    0.0                1690.0  6.86657156849  -1.23449790799  -2.05876103409
0.733333333333  -0.766666666667  0.033333333333  0.541529084015  0.0                0.458470915985  0.7  -1.5  0.0830581680296    0.0                1700.0  6.82617997103  -1.23367807639  -2.05848546067
0.733333333333  -0.766666666667  0.033333333333  0.541882549145  0.0                0.458117450855  0.7  -1.5  0.0837650982895    0.0                1710.0  6.78626078991  -1.23294595484  -2.05824819031
0.733333333333  -0.766666666667  0.033333333333  0.542269073168  0.0                0.457730926832  0.7  -1.5  0.0845381463362    0.0                1720.0  6.74680578532  -1.23214637304  -2.05798974214
0.733333333333  -0.766666666667  0.033333333333  0.54245459354   0.0                0.45754540646   0.7  -1.5  0.0849091870804    0.0                1730.0  6.70780690795  -1.23174167415  -2.05784477177
0.733333333333  -0.766666666667  0.033333333333  0.542971260802  0.0                0.457028739198  0.7  -1.5  0.0859425216041    0.0                1740.0  6.66925629353  -1.23069214432  -2.05751857611
0.733333333333  -0.766666666667  0.033333333333  0.543352763221  0.0                0.456647236779  0.7  -1.5  0.0867055264427    0.0                1750.0  6.63114625757  -1.22988430421  -2.05724483938
0.733333333333  -0.766666666667  0.033333333333  0.543691442517  0.0                0.456308557483  0.7  -1.5  0.0873828850343    0.0                1760.0  6.5934692902   -1.22917386376  -2.05700854995
0.733333333333  -0.766666666667  0.033333333333  0.54407517676   0.0                0.45592482324   0.7  -1.5  0.0881503535209    0.0                1770.0  6.55621805127  -1.2284015876   -2.05677350173
0.733333333333  -0.766666666667  0.033333333333  0.54421912941   0.0                0.45578087059   0.7  -1.5  0.0884382588202    0.0                1780.0  6.51938536559  -1.22809007639  -2.05666352423
0.733333333333  -0.766666666667  0.033333333333  0.544841250357  0.0                0.455158749643  0.7  -1.5  0.0896825007142    0.0                1790.0  6.4829642183   -1.22679379675  -2.05623821391
0.733333333333  -0.766666666667  0.033333333333  0.545044067365  0.0                0.454955932635  0.7  -1.5  0.0900881347308    0.0                1800.0  6.44694775042  -1.22636829272  -2.0560966537
0.733333333333  -0.766666666667  0.033333333333  0.545313978583  0.0                0.454686021417  0.7  -1.5  0.0906279571668    0.0                1810.0  6.41132925456  -1.22580212359  -2.05590836028
0.733333333333  -0.766666666667  0.033333333333  0.545698270783  5.57956005859e-07  0.454301171261  0.7  -1.5  0.0913976574775    1.11591201172e-06  1820.0  6.37610217074  -1.22501027347  -2.0556536265
0.733333333333  -0.766666666667  0.033333333333  0.546195549073  0.0                0.453804450927  0.7  -1.5  0.0923910981467    0.0                1830.0  6.34126008238  -1.2239612655   -2.05530170086
0.733333333333  -0.766666666667  0.033333333333  0.546363912298  0.0                0.453636087702  0.7  -1.5  0.0927278245965    0.0                1840.0  6.30679671236  -1.22363953084  -2.05521567472
0.733333333333  -0.766666666667  0.033333333333  0.546721980565  4.18467004883e-07  0.453277600968  0.7  -1.5  0.0934447980646    8.36934009766e-07  1850.0  6.27270591932  -1.22284106923  -2.05491783914
0.733333333333  -0.766666666667  0.033333333333  0.547218979878  0.0                0.452781020122  0.7  -1.5  0.0944379597558    0.0                1860.0  6.23898169395  -1.22183115386  -2.05460439236
0.733333333333  -0.766666666667  0.033333333333  0.547430026737  0.0                0.452569973263  0.7  -1.5  0.0948600534745    0.0                1870.0  6.20561815548  -1.22139264108  -2.05446134518
0.733333333333  -0.766666666667  0.033333333333  0.5479200516    0.0                0.4520799484    0.7  -1.5  0.0958401031995    0.0                1880.0  6.17260954827  -1.22037004474  -2.05412478364
0.733333333333  -0.766666666667  0.033333333333  0.548058424689  1.39489001953e-07  0.451941435822  0.7  -1.5  0.0961171283567    2.78978003906e-07  1890.0  6.13995023849  -1.2200344464   -2.05398268445
0.733333333333  -0.766666666667  0.033333333333  0.548265286879  1.39489001953e-07  0.451734573632  0.7  -1.5  0.0965308527353    2.78978003906e-07  1900.0  6.10763471092  -1.21962872838  -2.05386657349
0.733333333333  -0.766666666667  0.033333333333  0.548901356726  1.39489001953e-07  0.451098503785  0.7  -1.5  0.0978029924297    2.78978003906e-07  1910.0  6.07565756584  -1.21829430698  -2.05342264988
0.733333333333  -0.766666666667  0.033333333333  0.549169594076  1.39489001953e-07  0.450830266435  0.7  -1.5  0.0983394671297    2.78978003906e-07  1920.0  6.04401351602  -1.21772329032  -2.05322716551
0.733333333333  -0.766666666667  0.033333333333  0.549297644979  1.39489001953e-07  0.450702215532  0.7  -1.5  0.0985955689366    2.78978003906e-07  1930.0  6.01269738381  -1.21744023062  -2.05312337708
0.733333333333  -0.766666666667  0.033333333333  0.549778324079  0.0                0.450221675921  0.7  -1.5  0.0995566481574    0.0                1940.0  5.98170409833  -1.21641602147  -2.05277234185
0.733333333333  -0.766666666667  0.033333333333  0.550141134972  0.0                0.449858865028  0.7  -1.5  0.100282269944     0.0                1950.0  5.95102869269  -1.21564994723  -2.05251420285
0.733333333333  -0.766666666667  0.033333333333  0.550461541208  1.39489001953e-07  0.449538319303  0.7  -1.5  0.100923361395     2.78978003906e-07  1960.0  5.9206663014   -1.21499091504  -2.05230351622
0.733333333333  -0.766666666667  0.033333333333  0.550612468308  2.7897800293e-07   0.449387252714  0.7  -1.5  0.101225494572     5.57956005859e-07  1970.0  5.89061215774  -1.21466884478  -2.05219252072
0.733333333333  -0.766666666667  0.033333333333  0.551108072731  1.39489001953e-07  0.44889178778   0.7  -1.5  0.102216424439     2.78978003906e-07  1980.0  5.86086159129  -1.213619378    -2.0518371233
0.733333333333  -0.766666666667  0.033333333333  0.551435313928  2.7897800293e-07   0.448564407094  0.7  -1.5  0.102871185813     5.57956005859e-07  1990.0  5.8314100255   -1.21292614848  -2.05160180828
0.733333333333  -0.766666666667  0.033333333333  0.551740376375  6.97445007813e-07  0.44825892618   0.7  -1.5  0.10348214764      1.39489001563e-06  2000.0  5.80225297537  -1.21228066334  -2.05138274102
0.733333333333  -0.766666666667  0.033333333333  0.551960908486  0.0                0.448039091514  0.7  -1.5  0.103921816973     0.0                2010.0  5.77338604515  -1.21182655727  -2.05123849582
0.733333333333  -0.766666666667  0.033333333333  0.552424430439  1.39489001953e-07  0.447575430072  0.7  -1.5  0.104849139855     2.78978003906e-07  2020.0  5.74480492611  -1.21085600357  -2.05091664967
0.733333333333  -0.766666666667  0.033333333333  0.552783475129  0.0                0.447216524871  0.7  -1.5  0.105566950257     0.0                2030.0  5.71650539446  -1.21007041536  -2.05063394721
0.733333333333  -0.766666666667  0.033333333333  0.553071240939  1.39489001953e-07  0.446928619572  0.7  -1.5  0.106142760856     2.78978003906e-07  2040.0  5.68848330919  -1.20945408666  -2.05042026746
0.733333333333  -0.766666666667  0.033333333333  0.553275592326  1.39489001953e-07  0.446724268185  0.7  -1.5  0.10655146363      2.78978003906e-07  2050.0  5.66073461012  -1.20902522994  -2.05027750268
0.733333333333  -0.766666666667  0.033333333333  0.553618177314  2.7897800293e-07   0.446381543708  0.7  -1.5  0.107236912584     5.57956005859e-07  2060.0  5.6332553159   -1.20829367378  -2.05002534232
0.733333333333  -0.766666666667  0.033333333333  0.553918078667  1.1159120127e-06   0.446080805421  0.7  -1.5  0.107838389159     2.23182402539e-06  2070.0  5.6060415221   -1.20764175628  -2.04979194763
0.733333333333  -0.766666666667  0.033333333333  0.554263871902  2.7897800293e-07   0.44573584912   0.7  -1.5  0.10852830176      5.57956005859e-07  2080.0  5.5790893994   -1.20690514761  -2.04954078857
0.733333333333  -0.766666666667  0.033333333333  0.55449891087   2.7897800293e-07   0.445500810152  0.7  -1.5  0.108998379696     5.57956005859e-07  2090.0  5.55239519175  -1.20641565335  -2.04938034887
0.733333333333  -0.766666666667  0.033333333333  0.554793372152  6.97445007813e-07  0.445205930403  0.7  -1.5  0.109588139194     1.39489001563e-06  2100.0  5.52595521464  -1.2057703211   -2.04914659287
0.733333333333  -0.766666666667  0.033333333333  0.555212397113  4.18467004883e-07  0.44478718442   0.7  -1.5  0.11042563116      8.36934009766e-07  2110.0  5.49976585344  -1.20489637195  -2.04885972503
0.733333333333  -0.766666666667  0.033333333333  0.555565164798  2.7897800293e-07   0.444434556224  0.7  -1.5  0.111130887552     5.57956005859e-07  2120.0  5.47382356168  -1.20413889281  -2.04859634383
0.733333333333  -0.766666666667  0.033333333333  0.555654158781  2.7897800293e-07   0.444345562241  0.7  -1.5  0.111308875518     5.57956005859e-07  2130.0  5.44812485951  -1.20394557737  -2.04852761997
0.733333333333  -0.766666666667  0.033333333333  0.556077926368  1.25540101367e-06  0.443920818231  0.7  -1.5  0.112158363537     2.51080202734e-06  2140.0  5.42266633213  -1.20301230487  -2.04818605981
0.733333333333  -0.766666666667  0.033333333333  0.556369458381  4.18467004883e-07  0.443630123152  0.7  -1.5  0.112739753696     8.36934009766e-07  2150.0  5.39744462826  -1.20242816608  -2.04801140494
0.733333333333  -0.766666666667  0.033333333333  0.55680689589   4.18467004883e-07  0.443192685643  0.7  -1.5  0.113614628714     8.36934009766e-07  2160.0  5.37245645868  -1.20148941944  -2.0476850708
0.733333333333  -0.766666666667  0.033333333333  0.557120467165  2.7897800293e-07   0.442879253857  0.7  -1.5  0.114241492287     5.57956005859e-07  2170.0  5.34769859482  -1.20078608486  -2.04742095919
0.733333333333  -0.766666666667  0.033333333333  0.557423437277  6.97445007813e-07  0.442575865278  0.7  -1.5  0.114848269444     1.39489001563e-06  2180.0  5.32316786732  -1.2001442323   -2.04720259524
0.733333333333  -0.766666666667  0.033333333333  0.557606446847  8.36934009766e-07  0.442392716219  0.7  -1.5  0.115214567562     1.67386801953e-06  2190.0  5.29886116473  -1.19973514242  -2.04704949558
0.733333333333  -0.766666666667  0.033333333333  0.557923505347  6.97445007813e-07  0.442075797208  0.7  -1.5  0.115848405585     1.39489001563e-06  2200.0  5.27477543216  -1.19907192116  -2.0468303794
0.733333333333  -0.766666666667  0.033333333333  0.558094658352  1.39489001953e-07  0.441905202159  0.7  -1.5  0.116189595683     2.78978003906e-07  2210.0  5.25090767002  -1.19868343585  -2.04668240102
0.733333333333  -0.766666666667  0.033333333333  0.558486622447  8.36934009766e-07  0.441512540619  0.7  -1.5  0.116974918762     1.67386801953e-06  2220.0  5.22725493277  -1.19784609635  -2.04639269534
0.733333333333  -0.766666666667  0.033333333333  0.558689578944  4.18467004883e-07  0.441310002589  0.7  -1.5  0.117379994822     8.36934009766e-07  2230.0  5.20381432769  -1.19741714306  -2.0462485507
0.733333333333  -0.766666666667  0.033333333333  0.55908279844   1.95284602246e-06  0.440915248714  0.7  -1.5  0.118169502571     3.90569204492e-06  2240.0  5.18058301373  -1.1965600293   -2.04593948923
0.733333333333  -0.766666666667  0.033333333333  0.559257717647  1.67386801855e-06  0.440740608485  0.7  -1.5  0.118518783031     3.34773603711e-06  2250.0  5.15755820033  -1.19617031956  -2.04579511275
0.733333333333  -0.766666666667  0.033333333333  0.559556084622  1.67386801855e-06  0.44044224151   0.7  -1.5  0.11911551698      3.34773603711e-06  2260.0  5.13473714635  -1.19551694644  -2.04555945339
0.733333333333  -0.766666666667  0.033333333333  0.559830041021  1.95284602246e-06  0.440168006133  0.7  -1.5  0.119663987734     3.90569204492e-06  2270.0  5.11211715892  -1.19494422409  -2.04536982363
0.733333333333  -0.766666666667  0.033333333333  0.560340012811  2.37131302637e-06  0.439657615876  0.7  -1.5  0.120684768247     4.74262605273e-06  2280.0  5.08969559243  -1.19383483618  -2.04497372668
0.733333333333  -0.766666666667  0.033333333333  0.560435981244  1.39489001563e-06  0.439562623866  0.7  -1.5  0.120874752268     2.78978003125e-06  2290.0  5.06746984749  -1.19363477882  -2.04490958741
0.733333333333  -0.766666666667  0.033333333333  0.560684550645  1.1159120127e-06   0.439314333443  0.7  -1.5  0.121371333113     2.23182402539e-06  2300.0  5.04543736989  -1.19309001805  -2.04471327016
0.733333333333  -0.766666666667  0.033333333333  0.561053359565  1.95284602246e-06  0.438944687589  0.7  -1.5  0.122110624821     3.90569204492e-06  2310.0  5.02359564968  -1.19230943739  -2.04444768289
0.733333333333  -0.766666666667  0.033333333333  0.561162021497  6.97445007813e-07  0.438837281058  0.7  -1.5  0.122325437884     1.39489001563e-06  2320.0  5.00194222015  -1.19206108628  -2.04435346713
0.733333333333  -0.766666666667  0.033333333333  0.561754152309  1.53437901758e-06  0.438244313312  0.7  -1.5  0.123511373375     3.06875803516e-06  2330.0  4.98047465697  -1.19079822861  -2.0439182535
0.733333333333  -0.766666666667  0.033333333333  0.561860861395  1.39489001563e-06  0.438137743715  0.7  -1.5  0.12372451257      2.78978003125e-06  2340.0  4.95919057724  -1.19052476539  -2.04379440618
0.733333333333  -0.766666666667  0.033333333333  0.562055588041  1.95284602246e-06  0.437942459113  0.7  -1.5  0.124115081774     3.90569204492e-06  2350.0  4.93808763862  -1.19010215054  -2.04364351591
0.733333333333  -0.766666666667  0.033333333333  0.562502929269  1.25540101367e-06  0.43749581533   0.7  -1.5  0.12500836934      2.51080202734e-06  2360.0  4.91716353845  -1.18913807306  -2.04330683206
0.733333333333  -0.766666666667  0.033333333333  0.56270811759   1.95284602246e-06  0.437289929564  0.7  -1.5  0.125420140873     3.90569204492e-06  2370.0  4.89641601298  -1.18870671619  -2.04316162293
0.733333333333  -0.766666666667  0.033333333333  0.563006763543  1.81335702051e-06  0.4369914231    0.7  -1.5  0.126017153799     3.62671404102e-06  2380.0  4.87584283645  -1.18807596222  -2.04294919647
0.733333333333  -0.766666666667  0.033333333333  0.563077066     2.51080202832e-06  0.436920423198  0.7  -1.5  0.126159153603     5.02160405664e-06  2390.0  4.8554418204   -1.18787688602  -2.04284742781
0.733333333333  -0.766666666667  0.033333333333  0.563539053573  2.9292690332e-06   0.436458017158  0.7  -1.5  0.127083965683     5.85853806641e-06  2400.0  4.83521081281  -1.18687642589  -2.04249308073
