#mu0             mu1             mu2              x0              x1                 x2              mua  mub  xa                  xb                 T       b              u               phi
-0.066666666667  0.433333333333  -0.366666666667  0.5             0.0                0.5             0.3  0.5  0.0                 0.0                30.0    386.816865025  -1.31774118     -0.884407846667
-0.066666666667  0.433333333333  -0.366666666667  0.5             0.0                0.5             0.3  0.5  0.0                 0.0                40.0    290.112648769  -1.31774118     -0.884407846667
-0.066666666667  0.433333333333  -0.366666666667  0.5             0.0                0.5             0.3  0.5  0.0                 0.0                50.0    232.090119015  -1.31774118     -0.884407846667
-0.066666666667  0.433333333333  -0.366666666667  0.5             0.0                0.5             0.3  0.5  0.0                 0.0                60.0    193.408432513  -1.31774118     -0.884407846667
-0.066666666667  0.433333333333  -0.366666666667  0.5             0.0                0.5             0.3  0.5  0.0                 0.0                70.0    165.778656439  -1.31774118     -0.884407846667
-0.066666666667  0.433333333333  -0.366666666667  0.5             0.0                0.5             0.3  0.5  0.0                 0.0                80.0    145.056324384  -1.31774118     -0.884407846667
-0.066666666667  0.433333333333  -0.366666666667  0.5             0.0                0.5             0.3  0.5  0.0                 0.0                90.0    128.938955008  -1.31774118     -0.884407846667
-0.066666666667  0.433333333333  -0.366666666667  0.5             0.0                0.5             0.3  0.5  0.0                 0.0                100.0   116.045059507  -1.31774118     -0.884407846667
-0.066666666667  0.433333333333  -0.366666666667  0.5             0.0                0.5             0.3  0.5  0.0                 0.0                110.0   105.495508643  -1.31774118     -0.884407846667
-0.066666666667  0.433333333333  -0.366666666667  0.5             0.0                0.5             0.3  0.5  0.0                 0.0                120.0   96.7042162563  -1.31774118     -0.884407846667
-0.066666666667  0.433333333333  -0.366666666667  0.5             0.0                0.5             0.3  0.5  0.0                 0.0                130.0   89.2654303904  -1.31774118     -0.884407846667
-0.066666666667  0.433333333333  -0.366666666667  0.5             0.0                0.5             0.3  0.5  0.0                 0.0                140.0   82.8893282196  -1.31774118     -0.884407846667
-0.066666666667  0.433333333333  -0.366666666667  0.5             0.0                0.5             0.3  0.5  0.0                 0.0                150.0   77.363373005   -1.31774118     -0.884407846667
-0.066666666667  0.433333333333  -0.366666666667  0.5             0.0                0.5             0.3  0.5  0.0                 0.0                160.0   72.5281621922  -1.31774118     -0.884407846667
-0.066666666667  0.433333333333  -0.366666666667  0.5             0.0                0.5             0.3  0.5  0.0                 0.0                170.0   68.2617997103  -1.31774118     -0.884407846667
-0.066666666667  0.433333333333  -0.366666666667  0.5             0.0                0.5             0.3  0.5  0.0                 0.0                180.0   64.4694775042  -1.31774118     -0.884407846667
-0.066666666667  0.433333333333  -0.366666666667  0.5             0.0                0.5             0.3  0.5  0.0                 0.0                190.0   61.0763471092  -1.31774118     -0.884407846667
-0.066666666667  0.433333333333  -0.366666666667  0.5             0.0                0.5             0.3  0.5  0.0                 0.0                200.0   58.0225297537  -1.31774118     -0.884407846667
-0.066666666667  0.433333333333  -0.366666666667  0.5             0.0                0.5             0.3  0.5  0.0                 0.0                210.0   55.2595521464  -1.31774118     -0.884407846667
-0.066666666667  0.433333333333  -0.366666666667  0.5             0.0                0.5             0.3  0.5  0.0                 0.0                220.0   52.7477543216  -1.31774118     -0.884407846667
-0.066666666667  0.433333333333  -0.366666666667  0.5             0.0                0.5             0.3  0.5  0.0                 0.0                230.0   50.4543736989  -1.31774118     -0.884407846667
-0.066666666667  0.433333333333  -0.366666666667  0.5             0.0                0.5             0.3  0.5  0.0                 0.0                240.0   48.3521081281  -1.31774118     -0.884407846667
-0.066666666667  0.433333333333  -0.366666666667  0.5             0.0                0.5             0.3  0.5  0.0                 0.0                250.0   46.418023803   -1.31774118     -0.884407846667
-0.066666666667  0.433333333333  -0.366666666667  0.5             0.0                0.5             0.3  0.5  0.0                 0.0                260.0   44.6327151952  -1.31774118     -0.884407846667
-0.066666666667  0.433333333333  -0.366666666667  0.5             0.0                0.5             0.3  0.5  0.0                 0.0                270.0   42.9796516694  -1.31774118     -0.884407846667
-0.066666666667  0.433333333333  -0.366666666667  0.5             0.0                0.5             0.3  0.5  0.0                 0.0                280.0   41.4446641098  -1.31774118     -0.884407846667
-0.066666666667  0.433333333333  -0.366666666667  0.5             0.0                0.5             0.3  0.5  0.0                 0.0                290.0   40.0155377612  -1.31774118     -0.884407846667
-0.066666666667  0.433333333333  -0.366666666667  0.5             0.0                0.5             0.3  0.5  0.0                 0.0                300.0   38.6816865025  -1.31774118     -0.884407846667
-0.066666666667  0.433333333333  -0.366666666667  0.5             0.0                0.5             0.3  0.5  0.0                 0.0                310.0   37.4338901637  -1.31774118     -0.884407846667
-0.066666666667  0.433333333333  -0.366666666667  0.5             0.0                0.5             0.3  0.5  0.0                 0.0                320.0   36.2640810961  -1.31774118     -0.884407846667
-0.066666666667  0.433333333333  -0.366666666667  0.5             0.0                0.5             0.3  0.5  0.0                 0.0                330.0   35.1651695477  -1.31774118     -0.884407846667
-0.066666666667  0.433333333333  -0.366666666667  0.5             0.0                0.5             0.3  0.5  0.0                 0.0                340.0   34.1308998551  -1.31774118     -0.884407846667
-0.066666666667  0.433333333333  -0.366666666667  0.5             0.0                0.5             0.3  0.5  0.0                 0.0                350.0   33.1557312879  -1.31774118     -0.884407846667
-0.066666666667  0.433333333333  -0.366666666667  0.5             0.0                0.5             0.3  0.5  0.0                 0.0                360.0   32.2347387521  -1.31774118     -0.884407846667
-0.066666666667  0.433333333333  -0.366666666667  0.5             0.0                0.5             0.3  0.5  0.0                 0.0                370.0   31.3635295966  -1.31774118     -0.884407846667
-0.066666666667  0.433333333333  -0.366666666667  0.499999860511  1.39489001953e-07  0.5             0.3  0.5  4.84892480985e-17   2.78978003906e-07  380.0   30.5381735546  -1.3177408845   -0.884407690655
-0.066666666667  0.433333333333  -0.366666666667  0.5             0.0                0.5             0.3  0.5  0.0                 0.0                390.0   29.7551434635  -1.31774118     -0.884407846667
-0.066666666667  0.433333333333  -0.366666666667  0.5             0.0                0.5             0.3  0.5  0.0                 0.0                400.0   29.0112648769  -1.31774118     -0.884407846667
-0.066666666667  0.433333333333  -0.366666666667  0.5             0.0                0.5             0.3  0.5  0.0                 0.0                410.0   28.3036730506  -1.31774118     -0.884407846667
-0.066666666667  0.433333333333  -0.366666666667  0.499999721022  2.7897800293e-07   0.5             0.3  0.5  8.59441979932e-18   5.57956005859e-07  420.0   27.6297760732  -1.317740589    -0.884407534644
-0.066666666667  0.433333333333  -0.366666666667  0.499999860511  2.7897800293e-07   0.499999860511  0.3  0.5  2.7897800293e-07    5.57956005859e-07  430.0   26.9872231413  -1.31774030858  -0.884407337921
-0.066666666667  0.433333333333  -0.366666666667  0.499999721022  2.7897800293e-07   0.5             0.3  0.5  8.59441979932e-18   5.57956005859e-07  440.0   26.3738771608  -1.317740589    -0.884407534644
-0.066666666667  0.433333333333  -0.366666666667  0.499999721022  2.7897800293e-07   0.5             0.3  0.5  8.59441979932e-18   5.57956005859e-07  450.0   25.7877910017  -1.317740589    -0.884407534644
-0.066666666667  0.433333333333  -0.366666666667  0.5             0.0                0.5             0.3  0.5  0.0                 0.0                460.0   25.2271868495  -1.31774118     -0.884407846667
-0.066666666667  0.433333333333  -0.366666666667  0.499999721022  2.7897800293e-07   0.5             0.3  0.5  8.59441979932e-18   5.57956005859e-07  470.0   24.6904381931  -1.317740589    -0.884407534644
-0.066666666667  0.433333333333  -0.366666666667  0.499999860511  1.39489001953e-07  0.5             0.3  0.5  4.84892480985e-17   2.78978003906e-07  480.0   24.1760540641  -1.3177408845   -0.884407690655
-0.066666666667  0.433333333333  -0.366666666667  0.499998047154  1.95284602246e-06  0.5             0.3  0.5  1.48844864656e-17   3.90569204492e-06  490.0   23.6826652056  -1.317737043    -0.884405662509
-0.066666666667  0.433333333333  -0.366666666667  0.499998465621  1.53437901758e-06  0.5             0.3  0.5  -4.21991814322e-17  3.06875803516e-06  500.0   23.2090119015  -1.3177379295   -0.884406130543
-0.066666666667  0.433333333333  -0.366666666667  0.499998326132  1.81335702051e-06  0.499999860511  0.3  0.5  2.78978003776e-07   3.62671404102e-06  510.0   22.7539332368  -1.31773705808  -0.884405621797
-0.066666666667  0.433333333333  -0.366666666667  0.499999023577  9.76423010742e-07  0.5             0.3  0.5  7.42725074965e-17   1.95284602148e-06  520.0   22.3163575976  -1.3177391115   -0.884406754588
-0.066666666667  0.433333333333  -0.366666666667  0.499997907665  2.23182402539e-06  0.499999860511  0.3  0.5  2.78978003833e-07   4.46364805078e-06  530.0   21.8952942467  -1.31773617158  -0.884405153763
-0.066666666667  0.433333333333  -0.366666666667  0.499997070731  2.9292690332e-06   0.5             0.3  0.5  -2.18653085004e-17  5.85853806641e-06  540.0   21.4898258347  -1.31773497449  -0.88440457043
-0.066666666667  0.433333333333  -0.366666666667  0.499997907665  2.09233502344e-06  0.5             0.3  0.5  -2.50103418336e-17  4.18467004688e-06  550.0   21.0991017286  -1.3177367475   -0.884405506498
-0.066666666667  0.433333333333  -0.366666666667  0.499997489198  2.78978003125e-06  0.499999721022  0.3  0.5  5.57956005883e-07   5.5795600625e-06   560.0   20.7223320549  -1.31773470916  -0.884404332995
-0.066666666667  0.433333333333  -0.366666666667  0.499993722995  6.27700507031e-06  0.5             0.3  0.5  -7.50310255007e-17  1.25540101406e-05  570.0   20.3587823697  -1.31772788249  -0.88440082616
-0.066666666667  0.433333333333  -0.366666666667  0.499993444017  6.83496107715e-06  0.499999721022  0.3  0.5  5.57956005873e-07   1.36699221543e-05  580.0   20.0077688806  -1.31772613965  -0.884399808668
-0.066666666667  0.433333333333  -0.366666666667  0.499993165039  7.39291708301e-06  0.499999442044  0.3  0.5  1.11591201173e-06   1.4785834166e-05   590.0   19.6686541538  -1.31772439682  -0.884398791176
-0.066666666667  0.433333333333  -0.366666666667  0.499992328105  9.48525210645e-06  0.499998186643  0.3  0.5  3.62671404e-06      1.89705042129e-05  600.0   19.3408432512  -1.31771744056  -0.884394680498
-0.066666666667  0.433333333333  -0.366666666667  0.499991072704  9.90371911133e-06  0.499999023577  0.3  0.5  1.95284602142e-06   1.98074382227e-05  610.0   19.0237802471  -1.31771823656  -0.884395392804
-0.066666666667  0.433333333333  -0.366666666667  0.499984516721  1.67386801885e-05  0.499998744599  0.3  0.5  2.51080202729e-06   3.3477360377e-05   620.0   18.7169450819  -1.31770319622  -0.884387354805
-0.066666666667  0.433333333333  -0.366666666667  0.499980890007  2.05048832314e-05  0.49999860511   0.3  0.5  2.78978003219e-06   4.10097664629e-05  630.0   18.4198507155  -1.31769493816  -0.884382946647
-0.066666666667  0.433333333333  -0.366666666667  0.499984237743  1.81335702041e-05  0.499997628687  0.3  0.5  4.74262605279e-06   3.62671404082e-05  640.0   18.132040548   -1.31769799788  -0.884384220906
-0.066666666667  0.433333333333  -0.366666666667  0.499981447963  1.96679492217e-05  0.499998884088  0.3  0.5  2.23182402546e-06   3.93358984434e-05  650.0   17.8530860781  -1.31769727113  -0.884384275292
-0.066666666667  0.433333333333  -0.366666666667  0.499980750518  2.16207952432e-05  0.499997628687  0.3  0.5  4.74262605267e-06   4.32415904863e-05  660.0   17.5825847739  -1.31769061124  -0.884380321494
-0.066666666667  0.433333333333  -0.366666666667  0.499973915557  2.92926903301e-05  0.499996791753  0.3  0.5  6.41649407223e-06   5.85853806602e-05  670.0   17.3201581354  -1.31767267855  -0.884370562856
-0.066666666667  0.433333333333  -0.366666666667  0.499970567821  3.38958273818e-05  0.499995536352  0.3  0.5  8.92729609964e-06   6.77916547637e-05  680.0   17.0654499276  -1.31766039823  -0.884363638915
-0.066666666667  0.433333333333  -0.366666666667  0.499963872349  3.93358984434e-05  0.499996791753  0.3  0.5  6.41649407236e-06   7.86717968867e-05  690.0   16.8181245663  -1.31765139934  -0.884359326854
-0.066666666667  0.433333333333  -0.366666666667  0.499960524613  4.37995464932e-05  0.499995675841  0.3  0.5  8.64831809768e-06   8.75990929863e-05  700.0   16.5778656439  -1.31763969789  -0.884352758596
-0.066666666667  0.433333333333  -0.366666666667  0.499949086514  5.5656111627e-05   0.499995257374  0.3  0.5  9.48525210732e-06   0.000111312223254  710.0   16.3443745785  -1.31761374243  -0.884338910788
-0.066666666667  0.433333333333  -0.366666666667  0.499948947025  5.64930456367e-05  0.499994559929  0.3  0.5  1.0880142123e-05    0.000112986091273  720.0   16.117369376   -1.31761059379  -0.884337017541
-0.066666666667  0.433333333333  -0.366666666667  0.499936393015  7.23947918154e-05  0.499991212193  0.3  0.5  1.75756141972e-05   0.000144789583631  730.0   15.8965834942  -1.31757015869  -0.884314492829
-0.066666666667  0.433333333333  -0.366666666667  0.499931092433  7.7555884874e-05   0.499991351682  0.3  0.5  1.72966361953e-05   0.000155111769748  740.0   15.6817647983  -1.31755951155  -0.884308923092
-0.066666666667  0.433333333333  -0.366666666667  0.49992035178   8.81570489932e-05  0.499991491171  0.3  0.5  1.70176581914e-05   0.000176314097986  750.0   15.472674601   -1.31753732741  -0.884297256425
-0.066666666667  0.433333333333  -0.366666666667  0.499913237841  9.70843450937e-05  0.499989677814  0.3  0.5  2.06443722324e-05   0.000194168690187  760.0   15.2690867773  -1.31751480163  -0.884284745954
-0.066666666667  0.433333333333  -0.366666666667  0.49989663865   0.000115915360306  0.49998744599   0.3  0.5  2.51080202832e-05   0.000231830720611  770.0   15.070786949   -1.31747041603  -0.884260530458
-0.066666666667  0.433333333333  -0.366666666667  0.499894127848  0.00012079747536   0.499985074677  0.3  0.5  2.9850646336e-05    0.000241594950721  780.0   14.8775717317  -1.31745525396  -0.884251673299
-0.066666666667  0.433333333333  -0.366666666667  0.49988129486   0.000132514551492  0.499986190589  0.3  0.5  2.76188223106e-05   0.000265029102984  790.0   14.6892480389  -1.31743277201  -0.884240238872
-0.066666666667  0.433333333333  -0.366666666667  0.499862882311  0.000153019434724  0.499984098254  0.3  0.5  3.18034923574e-05   0.000306038869447  800.0   14.5056324384  -1.31738508156  -0.884214308707
-0.066666666667  0.433333333333  -0.366666666667  0.499846004142  0.000171013515927  0.499982982342  0.3  0.5  3.40353163838e-05   0.000342027031854  810.0   14.3265505565  -1.31734474892  -0.884192639695
-0.066666666667  0.433333333333  -0.366666666667  0.499839029692  0.000184962416083  0.499976007892  0.3  0.5  4.79842165401e-05   0.000369924832166  820.0   14.1518365253  -1.3173012042   -0.88416722855
-0.066666666667  0.433333333333  -0.366666666667  0.499830799841  0.000201422118269  0.499967778041  0.3  0.5  6.44439187256e-05   0.000402844236537  830.0   13.9813324708  -1.31724982243  -0.884137244393
-0.066666666667  0.433333333333  -0.366666666667  0.499813363716  0.000215371018426  0.499971265266  0.3  0.5  5.74694686465e-05   0.000430742036852  840.0   13.8148880366  -1.31722726431  -0.88412654284
-0.066666666667  0.433333333333  -0.366666666667  0.499778770444  0.000253730493858  0.499967499063  0.3  0.5  6.50018747325e-05   0.000507460987717  850.0   13.6523599421  -1.31713847136  -0.884078369081
-0.066666666667  0.433333333333  -0.366666666667  0.499769843147  0.000265587058991  0.499964569794  0.3  0.5  7.08604127979e-05   0.000531174117982  860.0   13.4936115706  -1.31710746782  -0.884060979668
-0.066666666667  0.433333333333  -0.366666666667  0.499760497384  0.000280930849164  0.499958571767  0.3  0.5  8.28564669327e-05   0.000561861698328  870.0   13.3385125871  -1.31706296188  -0.884035416333
-0.066666666667  0.433333333333  -0.366666666667  0.499731065205  0.000315384632553  0.499953550162  0.3  0.5  9.28996750469e-05   0.000630769265105  880.0   13.1869385804  -1.31697996247  -0.883989883676
-0.066666666667  0.433333333333  -0.366666666667  0.499694240109  0.000352907173976  0.499952852717  0.3  0.5  9.42945650625e-05   0.000705814347951  890.0   13.0387707312  -1.31689913226  -0.883946994467
-0.066666666667  0.433333333333  -0.366666666667  0.499685173323  0.000368250964148  0.499946575712  0.3  0.5  0.000106848575204   0.000736501928297  900.0   12.8938955008  -1.31685409977  -0.883921071975
-0.066666666667  0.433333333333  -0.366666666667  0.499660623259  0.000408423796601  0.499930952944  0.3  0.5  0.000138094111556   0.000816847593201  910.0   12.7522043415  -1.31673755782  -0.883854076521
-0.066666666667  0.433333333333  -0.366666666667  0.499636910129  0.000440087799957  0.499923002071  0.3  0.5  0.000153995857734   0.000880175599914  920.0   12.6135934247  -1.31665457525  -0.883807528475
-0.066666666667  0.433333333333  -0.366666666667  0.49959896912   0.000478028808385  0.499923002071  0.3  0.5  0.000153995857734   0.00095605761677   930.0   12.4779633879  -1.3165741735   -0.883765067728
-0.066666666667  0.433333333333  -0.366666666667  0.499581811973  0.000505089674689  0.499913098352  0.3  0.5  0.000173803295957   0.00101017934938   940.0   12.3452190965  -1.31649710115  -0.883720998479
-0.066666666667  0.433333333333  -0.366666666667  0.499558238332  0.000534521854021  0.499907239814  0.3  0.5  0.00018552037209    0.00106904370804   950.0   12.2152694218  -1.31642284674  -0.883679691368
-0.066666666667  0.433333333333  -0.366666666667  0.499496165726  0.000600221173761  0.4999036131    0.3  0.5  0.000192773800172   0.00120044234752   960.0   12.088027032   -1.31627653368  -0.883601253665
-0.066666666667  0.433333333333  -0.366666666667  0.499492120545  0.000622260436009  0.499885619019  0.3  0.5  0.000228761962576   0.00124452087202   970.0   11.9634081967  -1.31619388688  -0.883551442573
-0.066666666667  0.433333333333  -0.366666666667  0.499445531219  0.000685030486716  0.499869438295  0.3  0.5  0.000261123410941   0.00137006097343   980.0   11.8413326028  -1.31602853154  -0.883458565721
-0.066666666667  0.433333333333  -0.366666666667  0.499402289628  0.000727016676189  0.499870693696  0.3  0.5  0.000258612608913   0.00145403335238   990.0   11.7217231826  -1.31594227372  -0.883413540847
-0.066666666667  0.433333333333  -0.366666666667  0.499361000884  0.000774442936724  0.499864556179  0.3  0.5  0.000270887641052   0.00154888587345   1000.0  11.6045059507  -1.31582930669  -0.883351682583
-0.066666666667  0.433333333333  -0.366666666667  0.499357234681  0.000795784753964  0.499846980565  0.3  0.5  0.000306038869447   0.00159156950793   1010.0  11.4896098522  -1.3157486734   -0.883302936482
-0.066666666667  0.433333333333  -0.366666666667  0.499301718058  0.000864971298743  0.499833310643  0.3  0.5  0.000333378713756   0.00172994259749   1020.0  11.3769666184  -1.31557497274  -0.883206624323
-0.066666666667  0.433333333333  -0.366666666667  0.499226115019  0.000946572364662  0.499827312616  0.3  0.5  0.000345374767891   0.00189314472932   1030.0  11.2665106318  -1.3153903378   -0.883107189264
-0.066666666667  0.433333333333  -0.366666666667  0.49924982815   0.000952570391729  0.499797601459  0.3  0.5  0.00040479708256    0.00190514078346   1040.0  11.1581787988  -1.3153181681   -0.883058844283
-0.066666666667  0.433333333333  -0.366666666667  0.499143677019  0.00107322837809   0.499783094603  0.3  0.5  0.000433810794887   0.00214645675618   1050.0  11.0519104293  -1.31503437692  -0.882904415199
-0.066666666667  0.433333333333  -0.366666666667  0.499102806742  0.00111925974861   0.499777933509  0.3  0.5  0.000444132981002   0.00223851949721   1060.0  10.9476471233  -1.31492622973  -0.882845396039
-0.066666666667  0.433333333333  -0.366666666667  0.499076024854  0.00116654652014   0.499757428626  0.3  0.5  0.000485142747465   0.00233309304028   1070.0  10.8453326643  -1.31478535187  -0.882764107885
-0.066666666667  0.433333333333  -0.366666666667  0.499017439473  0.00124340496001   0.499739155567  0.3  0.5  0.000521688865877   0.00248680992001   1080.0  10.7449129174  -1.31458624113  -0.882652819419
-0.066666666667  0.433333333333  -0.366666666667  0.498967083943  0.0013047801207    0.499728135936  0.3  0.5  0.000543728128125   0.00260956024139   1090.0  10.6463357346  -1.31443401229  -0.882568577513
-0.066666666667  0.433333333333  -0.366666666667  0.498920355128  0.00137424564348   0.499705399229  0.3  0.5  0.000589201542637   0.00274849128696   1100.0  10.5495508643  -1.31424150884  -0.882459181611
-0.066666666667  0.433333333333  -0.366666666667  0.498881298207  0.00144147934224   0.49967722245   0.3  0.5  0.000645555099272   0.00288295868447   1110.0  10.4545098655  -1.31404287776  -0.8823446903
-0.066666666667  0.433333333333  -0.366666666667  0.4988027659    0.00153814522033   0.49965908888   0.3  0.5  0.00068182223968    0.00307629044065   1120.0  10.3611660275  -1.31380271029  -0.882212068846
-0.066666666667  0.433333333333  -0.366666666667  0.498756455551  0.0016067738091    0.49963677064   0.3  0.5  0.000726458720184   0.0032135476182    1130.0  10.2694742927  -1.31361221883  -0.882103596917
-0.066666666667  0.433333333333  -0.366666666667  0.498692709077  0.00169981297315   0.49960747795   0.3  0.5  0.000785044100843   0.00339962594629   1140.0  10.1793911849  -1.31335679836  -0.881958791227
-0.066666666667  0.433333333333  -0.366666666667  0.498618082461  0.00179996607627   0.499581951462  0.3  0.5  0.000836097075417   0.00359993215255   1150.0  10.0908747398  -1.31309378436  -0.881811246225
-0.066666666667  0.433333333333  -0.366666666667  0.498588510793  0.0018468343808    0.499564654826  0.3  0.5  0.000870690347807   0.00369366876161   1160.0  10.0038844403  -1.31296135926  -0.881736067408
-0.066666666667  0.433333333333  -0.366666666667  0.498488497179  0.00197028214719   0.499541220674  0.3  0.5  0.000917558652336   0.00394056429439   1170.0  9.91838115449  -1.31265301058  -0.881565226994
-0.066666666667  0.433333333333  -0.366666666667  0.498474966746  0.00202538030281   0.499499652951  0.3  0.5  0.00100069409727    0.00405076060563   1180.0  9.83432707691  -1.31245336464  -0.88144561984
-0.066666666667  0.433333333333  -0.366666666667  0.498384438384  0.0021485490912    0.499467012525  0.3  0.5  0.00106597495001    0.0042970981824    1190.0  9.7516856729   -1.31212745576  -0.881262464001
-0.066666666667  0.433333333333  -0.366666666667  0.498270754848  0.00227018350057   0.499459061652  0.3  0.5  0.00108187669619    0.00454036700114   1200.0  9.67042162562  -1.31185444301  -0.881115856191
-0.066666666667  0.433333333333  -0.366666666667  0.498268802001  0.00233281406228   0.499398383936  0.3  0.5  0.00120323212755    0.00466562812455   1210.0  9.59050078574  -1.31160035201  -0.880960802382
-0.066666666667  0.433333333333  -0.366666666667  0.498138379785  0.00248513605199   0.499376484163  0.3  0.5  0.00124703167405    0.00497027210398   1220.0  9.51189012357  -1.31123484348  -0.880760755697
-0.066666666667  0.433333333333  -0.366666666667  0.498024417271  0.00261360542244   0.499361977307  0.3  0.5  0.00127604538637    0.00522721084488   1230.0  9.43455768354  -1.31093391624  -0.880597001948
-0.066666666667  0.433333333333  -0.366666666667  0.498012421217  0.00269060335131   0.499296975432  0.3  0.5  0.00140604913584    0.00538120670261   1240.0  9.35847254093  -1.3106426762   -0.880421760961
-0.066666666667  0.433333333333  -0.366666666667  0.497944490073  0.00279270930046   0.499262800627  0.3  0.5  0.00147439874661    0.00558541860091   1250.0  9.2836047606   -1.3103574117   -0.880259107287
-0.066666666667  0.433333333333  -0.366666666667  0.49790571213   0.00286036146622   0.499233926403  0.3  0.5  0.00153214719326    0.00572072293244   1260.0  9.20992535774  -1.31015688196  -0.880143554253
-0.066666666667  0.433333333333  -0.366666666667  0.497779335095  0.00303569914119   0.499184965764  0.3  0.5  0.00163006847236    0.00607139828239   1270.0  9.13740626043  -1.30968973563  -0.879881121984
-0.066666666667  0.433333333333  -0.366666666667  0.497746276202  0.0030980507249    0.499155673073  0.3  0.5  0.00168865385302    0.00619610144979   1280.0  9.06602027402  -1.30949935921  -0.879770672761
-0.066666666667  0.433333333333  -0.366666666667  0.497617248875  0.00326222927975   0.499120521845  0.3  0.5  0.00175895630981    0.00652445855949   1290.0  8.99574104709  -1.30908126491  -0.879537847752
-0.066666666667  0.433333333333  -0.366666666667  0.497577076043  0.00336963581096   0.499053288146  0.3  0.5  0.00189342370733    0.00673927162191   1300.0  8.92654303904  -1.3087211903   -0.879325519886
-0.066666666667  0.433333333333  -0.366666666667  0.497485710747  0.00350033700543   0.499013952248  0.3  0.5  0.00197209550421    0.00700067401086   1310.0  8.85840148912  -1.30836644173  -0.879125074055
-0.066666666667  0.433333333333  -0.366666666667  0.49740564406   0.00363843111698   0.498955924823  0.3  0.5  0.00208815035352    0.00727686223397   1320.0  8.79129238693  -1.30795863546  -0.878890178354
-0.066666666667  0.433333333333  -0.366666666667  0.497261272943  0.00382757820311   0.498911148854  0.3  0.5  0.00217770229253    0.00765515640623   1330.0  8.72519244417  -1.30747170286  -0.878619258419
-0.066666666667  0.433333333333  -0.366666666667  0.497176603119  0.00396260355663   0.498860793324  0.3  0.5  0.00227841335166    0.00792520711327   1340.0  8.66007906772  -1.30708590352  -0.878398697747
-0.066666666667  0.433333333333  -0.366666666667  0.497145078605  0.00407028906585   0.498784632329  0.3  0.5  0.00243073534138    0.0081405781317    1350.0  8.59593033389  -1.30670389187  -0.878170068207
-0.066666666667  0.433333333333  -0.366666666667  0.497043251634  0.00418885471718   0.498767893649  0.3  0.5  0.00246421270176    0.00837770943437   1360.0  8.53272496379  -1.30642076803  -0.878015553227
-0.066666666667  0.433333333333  -0.366666666667  0.496846153674  0.00444063236502   0.498713213961  0.3  0.5  0.00257357207899    0.00888126473004   1370.0  8.47044229982  -1.30578338587  -0.877662756522
-0.066666666667  0.433333333333  -0.366666666667  0.496901670297  0.00447034352235   0.498627986181  0.3  0.5  0.00274402763891    0.00894068704471   1380.0  8.40906228315  -1.30554610206  -0.877506320543
-0.066666666667  0.433333333333  -0.366666666667  0.496736933786  0.00466813892658   0.498594927287  0.3  0.5  0.00281014542565    0.00933627785316   1390.0  8.34856543219  -1.30506567243  -0.877243521653
-0.066666666667  0.433333333333  -0.366666666667  0.496713499634  0.00475420364055   0.498532296725  0.3  0.5  0.00293540654906    0.0095084072811    1400.0  8.28893282196  -1.30475977712  -0.877061269387
-0.066666666667  0.433333333333  -0.366666666667  0.496569546984  0.00498980056421   0.498440652451  0.3  0.5  0.00311869509713    0.00997960112841   1410.0  8.23014606436  -1.30407810438  -0.876670180142
-0.066666666667  0.433333333333  -0.366666666667  0.496520586345  0.00509497527139   0.498384438384  0.3  0.5  0.00323112323239    0.0101899505428    1420.0  8.17218728926  -1.30374716382  -0.876478142723
-0.066666666667  0.433333333333  -0.366666666667  0.496381934277  0.00529960563669   0.498318460086  0.3  0.5  0.00336307982788    0.0105992112734    1430.0  8.1150391264   -1.30318303875  -0.876158235002
-0.066666666667  0.433333333333  -0.366666666667  0.496229193821  0.00552557781924   0.49824522836   0.3  0.5  0.00350954327953    0.0110511556385    1440.0  8.05868468802  -1.30255985662  -0.875804964092
-0.066666666667  0.433333333333  -0.366666666667  0.496219011123  0.00559044020497   0.498190548672  0.3  0.5  0.00361890265676    0.0111808804099    1450.0  8.00310755224  -1.30231995365  -0.875662731323
-0.066666666667  0.433333333333  -0.366666666667  0.496119136998  0.00576577787995   0.498115085122  0.3  0.5  0.00376982975646    0.0115315557599    1460.0  7.94829174709  -1.30179587013  -0.875359263607
-0.066666666667  0.433333333333  -0.366666666667  0.495986761936  0.00595450649907   0.498058731565  0.3  0.5  0.00388253686973    0.0119090129981    1470.0  7.8942217352   -1.30128766368  -0.875073597908
-0.066666666667  0.433333333333  -0.366666666667  0.495905300359  0.00610292279674   0.497991776844  0.3  0.5  0.00401644631124    0.0122058455935    1480.0  7.84088239916  -1.30083592967  -0.874810453023
-0.066666666667  0.433333333333  -0.366666666667  0.49576957756   0.00631104038709   0.497919382053  0.3  0.5  0.00416123589487    0.0126220807742    1490.0  7.78825902735  -1.30025649527  -0.874482573094
-0.066666666667  0.433333333333  -0.366666666667  0.495685605181  0.00647256865091   0.497841826168  0.3  0.5  0.00431634766462    0.0129451373018    1500.0  7.7363373005   -1.29975981173  -0.874193951343
-0.066666666667  0.433333333333  -0.366666666667  0.495602888203  0.00667175894515   0.497725352851  0.3  0.5  0.00454929429724    0.0133435178903    1510.0  7.68510327864  -1.29910912325  -0.873812337151
-0.066666666667  0.433333333333  -0.366666666667  0.495498689919  0.00684109859306   0.497660211488  0.3  0.5  0.00467957702471    0.0136821971861    1520.0  7.63454338865  -1.29862457449  -0.873536212859
-0.066666666667  0.433333333333  -0.366666666667  0.495409835425  0.00701406495501   0.49757609962   0.3  0.5  0.00484780076061    0.01402812991      1530.0  7.58464441225  -1.29809582781  -0.873230899657
-0.066666666667  0.433333333333  -0.366666666667  0.495261558617  0.00724617465362   0.49749226673   0.3  0.5  0.00501546654049    0.0144923493072    1540.0  7.53539347451  -1.29743964234  -0.872857123621
-0.066666666667  0.433333333333  -0.366666666667  0.495166566607  0.0074215123286    0.497411921065  0.3  0.5  0.0051761578703     0.0148430246572    1550.0  7.48677803274  -1.29690417943  -0.872545205783
-0.066666666667  0.433333333333  -0.366666666667  0.494981743679  0.00770830171583   0.497309954605  0.3  0.5  0.0053800907906     0.0154166034317    1560.0  7.43878586587  -1.29609556161  -0.872084557234
-0.066666666667  0.433333333333  -0.366666666667  0.494936130776  0.00785434670047   0.497209522524  0.3  0.5  0.00558095495286    0.0157086934009    1570.0  7.39140506417  -1.29559092466  -0.871786224516
-0.066666666667  0.433333333333  -0.366666666667  0.494715459175  0.00811198288637   0.497172557938  0.3  0.5  0.0056548841237     0.0162239657727    1580.0  7.34462401946  -1.2949803341   -0.871455448887
-0.066666666667  0.433333333333  -0.366666666667  0.49479998951   0.00817517140408   0.497024839085  0.3  0.5  0.00595032182902    0.0163503428082    1590.0  7.29843141557  -1.29455260211  -0.871179536729
-0.066666666667  0.433333333333  -0.366666666667  0.494662174377  0.00845052269319   0.49688730293   0.3  0.5  0.00622539414012    0.0169010453864    1600.0  7.25281621922  -1.29369858887  -0.870683396475
-0.066666666667  0.433333333333  -0.366666666667  0.494596196079  0.00866338290958   0.496740421011  0.3  0.5  0.00651915797743    0.0173267658192    1610.0  7.20776767127  -1.29295576362  -0.870241560593
-0.066666666667  0.433333333333  -0.366666666667  0.494380546083  0.0088867048011    0.496732749116  0.3  0.5  0.0065345017676     0.0177734096022    1620.0  7.16327527824  -1.29247103303  -0.869984755029
-0.066666666667  0.433333333333  -0.366666666667  0.494312754428  0.00903219182974   0.496655053742  0.3  0.5  0.00668989251535    0.0180643836595    1630.0  7.11932880414  -1.29200532893  -0.869711155181
-0.066666666667  0.433333333333  -0.366666666667  0.494118446249  0.00937073163655   0.496510822115  0.3  0.5  0.0069783557706     0.0187414632731    1640.0  7.07591826265  -1.29100972253  -0.86914062756
-0.066666666667  0.433333333333  -0.366666666667  0.494161129883  0.00939793199186   0.496440938125  0.3  0.5  0.00711812375018    0.0187958639837    1650.0  7.03303390954  -1.29081632691  -0.869016362689
-0.066666666667  0.433333333333  -0.366666666667  0.493994719504  0.00973340304064   0.496271877455  0.3  0.5  0.00745624508999    0.0194668060813    1660.0  6.99066623539  -1.28977348661  -0.868410429842
-0.066666666667  0.433333333333  -0.366666666667  0.493769863234  0.0100153103128    0.496214826453  0.3  0.5  0.00757034709327    0.0200306206256    1670.0  6.94880595853  -1.28906716568  -0.868020246786
-0.066666666667  0.433333333333  -0.366666666667  0.493829285548  0.0100892394836    0.496081474968  0.3  0.5  0.00783705006428    0.0201784789673    1680.0  6.9074440183   -1.28865095826  -0.867757979434
-0.066666666667  0.433333333333  -0.366666666667  0.493613217085  0.0104036476932    0.495983135222  0.3  0.5  0.00803372955649    0.0208072953864    1690.0  6.86657156849  -1.28779266923  -0.867273102455
-0.066666666667  0.433333333333  -0.366666666667  0.493461313562  0.0106225059367    0.495916180501  0.3  0.5  0.008167638998      0.0212450118733    1700.0  6.82617997103  -1.28719185021  -0.866931314509
-0.066666666667  0.433333333333  -0.366666666667  0.493473728083  0.0107767807724    0.495749491144  0.3  0.5  0.00850101771176    0.0215535615448    1710.0  6.78626078991  -1.28654188349  -0.866535636242
-0.066666666667  0.433333333333  -0.366666666667  0.493301877634  0.0110865858449    0.495611536522  0.3  0.5  0.00877692695686    0.0221731716898    1720.0  6.74680578532  -1.28561666941  -0.866003000013
-0.066666666667  0.433333333333  -0.366666666667  0.493180382713  0.0113340393337    0.495485577953  0.3  0.5  0.0090288440937     0.0226680786673    1730.0  6.70780690795  -1.28484363987  -0.8655529991
-0.066666666667  0.433333333333  -0.366666666667  0.493101710916  0.0115065872286    0.495391701855  0.3  0.5  0.00921659628982    0.0230131744572    1740.0  6.66925629353  -1.28428939789  -0.86522763067
-0.066666666667  0.433333333333  -0.366666666667  0.493082879901  0.011719586934     0.495197533165  0.3  0.5  0.00960493367019    0.023439173868     1750.0  6.63114625757  -1.28346096439  -0.864728698091
-0.066666666667  0.433333333333  -0.366666666667  0.493013832845  0.0118793018408    0.495106865314  0.3  0.5  0.00978626937223    0.0237586036816    1760.0  6.5934692902   -1.28293978853  -0.864421637845
-0.066666666667  0.433333333333  -0.366666666667  0.492828451962  0.0122285823007    0.494942965737  0.3  0.5  0.0101140685259     0.0244571646015    1770.0  6.55621805127  -1.28189064734  -0.863820116865
-0.066666666667  0.433333333333  -0.366666666667  0.492709467844  0.0124498118572    0.494840720299  0.3  0.5  0.0103185594022     0.0248996237145    1780.0  6.51938536559  -1.28122123819  -0.863433284532
-0.066666666667  0.433333333333  -0.366666666667  0.492605130071  0.0126141299011    0.494780740028  0.3  0.5  0.0104385199436     0.0252282598022    1790.0  6.4829642183   -1.28075218275  -0.863164535302
-0.066666666667  0.433333333333  -0.366666666667  0.492617544592  0.0128308958095    0.494551559599  0.3  0.5  0.0108968808027     0.0256617916191    1800.0  6.44694775042  -1.279843394    -0.862610020719
-0.066666666667  0.433333333333  -0.366666666667  0.49236214023   0.0131691566383    0.494468703132  0.3  0.5  0.0110625937366     0.0263383132767    1810.0  6.41132925456  -1.27896688099  -0.862121482416
-0.066666666667  0.433333333333  -0.366666666667  0.492313598057  0.0133263607431    0.494360041199  0.3  0.5  0.0112799176011     0.0266527214862    1820.0  6.37610217074  -1.27841916987  -0.861796172557
-0.066666666667  0.433333333333  -0.366666666667  0.492305647184  0.0135335019104    0.494160850905  0.3  0.5  0.0116782981895     0.0270670038209    1830.0  6.34126008238  -1.27759911783  -0.861302775861
-0.066666666667  0.433333333333  -0.366666666667  0.49204075757   0.013933974834     0.494025267596  0.3  0.5  0.0119494648086     0.0278679496679    1840.0  6.30679671236  -1.27648942527  -0.860674906214
-0.066666666667  0.433333333333  -0.366666666667  0.491974639784  0.0140883891587    0.493936971058  0.3  0.5  0.0121260578846     0.0281767783174    1850.0  6.27270591932  -1.27599079141  -0.860383664605
-0.066666666667  0.433333333333  -0.366666666667  0.49198496197   0.0142421060384    0.493772931992  0.3  0.5  0.0124541360163     0.0284842120768    1860.0  6.23898169395  -1.2753349407   -0.859979954209
-0.066666666667  0.433333333333  -0.366666666667  0.49168171288   0.0146275141498    0.49369077297   0.3  0.5  0.0126184540601     0.0292550282995    1870.0  6.20561815548  -1.27436466572  -0.859444382751
-0.066666666667  0.433333333333  -0.366666666667  0.491782981895  0.0147805335845    0.49343648452   0.3  0.5  0.0131270309599     0.029561067169     1880.0  6.17260954827  -1.27353535743  -0.85892066697
-0.066666666667  0.433333333333  -0.366666666667  0.49151125732   0.0152066724843    0.493282070195  0.3  0.5  0.0134358596093     0.0304133449686    1890.0  6.13995023849  -1.27233603704  -0.858240134072
-0.066666666667  0.433333333333  -0.366666666667  0.491405524657  0.0154200906567    0.493174384686  0.3  0.5  0.0136512306278     0.0308401813134    1900.0  6.10763471092  -1.27167677127  -0.857858897784
-0.066666666667  0.433333333333  -0.366666666667  0.491293933456  0.0157223633231    0.492983703221  0.3  0.5  0.0140325935581     0.0314447266462    1910.0  6.07565756584  -1.27065758699  -0.857256395046
-0.066666666667  0.433333333333  -0.366666666667  0.491286959006  0.015894353262     0.492818687732  0.3  0.5  0.0143626245358     0.0317887065241    1920.0  6.04401351602  -1.26996722618  -0.856837033472
-0.066666666667  0.433333333333  -0.366666666667  0.491248181063  0.0160237990555    0.492728019881  0.3  0.5  0.0145439602378     0.032047598111     1930.0  6.01269738381  -1.26952240139  -0.85657605518
-0.066666666667  0.433333333333  -0.366666666667  0.491176483717  0.0162934312955    0.492530084988  0.3  0.5  0.0149398300243     0.0325868625911    1940.0  5.98170409833  -1.26855835741  -0.856000404384
-0.066666666667  0.433333333333  -0.366666666667  0.490857193392  0.016602259945     0.492540546663  0.3  0.5  0.014918906674      0.03320451989      1950.0  5.95102869269  -1.26793266368  -0.855677262296
-0.066666666667  0.433333333333  -0.366666666667  0.490939631392  0.0168131673154    0.492247201293  0.3  0.5  0.0155055974147     0.0336263346308    1960.0  5.9206663014   -1.26690360101  -0.855035114216
-0.066666666667  0.433333333333  -0.366666666667  0.490754250509  0.0171164164048    0.492129333086  0.3  0.5  0.0157413338273     0.0342328328096    1970.0  5.89061215774  -1.26604000857  -0.854545491792
-0.066666666667  0.433333333333  -0.366666666667  0.490686458854  0.0174278953453    0.491885645801  0.3  0.5  0.0162287083988     0.0348557906906    1980.0  5.86086159129  -1.26488875314  -0.853851927675
-0.066666666667  0.433333333333  -0.366666666667  0.490598441294  0.0176793940151    0.491722164691  0.3  0.5  0.0165556706185     0.0353587880303    1990.0  5.8314100255   -1.26404670104  -0.853359462906
-0.066666666667  0.433333333333  -0.366666666667  0.490460207694  0.0179663228914    0.491573469415  0.3  0.5  0.0168530611698     0.0359326457827    2000.0  5.80225297537  -1.26314072726  -0.852829635171
-0.066666666667  0.433333333333  -0.366666666667  0.490393392462  0.0182334443294    0.491373163209  0.3  0.5  0.0172536735823     0.0364668886588    2010.0  5.77338604515  -1.26217551919  -0.852251732256
-0.066666666667  0.433333333333  -0.366666666667  0.490292262936  0.0184596954899    0.491248041574  0.3  0.5  0.0175039168512     0.0369193909799    2020.0  5.74480492611  -1.26145352473  -0.85183106194
-0.066666666667  0.433333333333  -0.366666666667  0.490033371349  0.0188481723593    0.491118456292  0.3  0.5  0.0177630874161     0.0376963447186    2030.0  5.71650539446  -1.26039168973  -0.851235454982
-0.066666666667  0.433333333333  -0.366666666667  0.489971856699  0.0190776317669    0.490950511534  0.3  0.5  0.0180989769319     0.0381552635338    2040.0  5.68848330919  -1.25956570855  -0.850739700061
-0.066666666667  0.433333333333  -0.366666666667  0.490120691464  0.0192137730324    0.490665535504  0.3  0.5  0.0186689289923     0.0384275460648    2050.0  5.66073461012  -1.25871463556  -0.850195753959
-0.066666666667  0.433333333333  -0.366666666667  0.490026954855  0.0193815783013    0.490591466844  0.3  0.5  0.018817066312      0.0387631566026    2060.0  5.6332553159   -1.25822075003  -0.849914114894
-0.066666666667  0.433333333333  -0.366666666667  0.489898345995  0.0198343596004    0.490267294404  0.3  0.5  0.0194654111913     0.0396687192008    2070.0  5.6060415221   -1.25664010978  -0.8489807594
-0.066666666667  0.433333333333  -0.366666666667  0.489748395319  0.0201179407406    0.490133663941  0.3  0.5  0.0197326721183     0.0402358814812    2080.0  5.5790893994   -1.25576080893  -0.848465217972
-0.066666666667  0.433333333333  -0.366666666667  0.489744350137  0.0203412626321    0.48991438723   0.3  0.5  0.0201712255392     0.0406825252642    2090.0  5.55239519175  -1.25486169954  -0.847920996499
-0.066666666667  0.433333333333  -0.366666666667  0.489557295386  0.0206551128857    0.489787591728  0.3  0.5  0.0204248165441     0.0413102257713    2100.0  5.52595521464  -1.25395286659  -0.847402091106
-0.066666666667  0.433333333333  -0.366666666667  0.489435381999  0.0208552796029    0.489709338398  0.3  0.5  0.0205813232038     0.0417105592058    2110.0  5.49976585344  -1.25337210419  -0.847068447416
-0.066666666667  0.433333333333  -0.366666666667  0.489389769095  0.0211480670172    0.489462163887  0.3  0.5  0.0210756722254     0.0422961340344    2120.0  5.47382356168  -1.25227089568  -0.846408331033
-0.066666666667  0.433333333333  -0.366666666667  0.489383631579  0.0213688781067    0.489247490314  0.3  0.5  0.0215050193722     0.0427377562134    2130.0  5.44812485951  -1.25139013445  -0.845877185037
-0.066666666667  0.433333333333  -0.366666666667  0.489159612243  0.0216456242858    0.489194763471  0.3  0.5  0.0216104730574     0.0432912485716    2140.0  5.42266633213  -1.25069948745  -0.845494920316
-0.066666666667  0.433333333333  -0.366666666667  0.489107861823  0.0219756552635    0.488916482913  0.3  0.5  0.0221670341737     0.0439513105271    2150.0  5.39744462826  -1.24945584977  -0.844748281948
-0.066666666667  0.433333333333  -0.366666666667  0.489137015025  0.0222433346575    0.488619650318  0.3  0.5  0.0227606993644     0.0444866693151    2160.0  5.37245645868  -1.24828944952  -0.844027660651
-0.066666666667  0.433333333333  -0.366666666667  0.48909572628   0.0223766861431    0.488527587577  0.3  0.5  0.0229448248465     0.0447533722861    2170.0  5.34769859482  -1.24785292066  -0.843779720922
-0.066666666667  0.433333333333  -0.366666666667  0.488718687509  0.0229515203185    0.488329792173  0.3  0.5  0.0233404156549     0.0459030406371    2180.0  5.32316786732  -1.24624139507  -0.842861706748
-0.066666666667  0.433333333333  -0.366666666667  0.488859013445  0.0229827658549    0.488158220701  0.3  0.5  0.0236835585988     0.0459655317098    2190.0  5.29886116473  -1.24583514028  -0.84258964038
-0.066666666667  0.433333333333  -0.366666666667  0.488782155005  0.0232671839291    0.487950661066  0.3  0.5  0.0240986778674     0.0465343678582    2200.0  5.27477543216  -1.24482406305  -0.841987517003
-0.066666666667  0.433333333333  -0.366666666667  0.488657312348  0.0236545448864    0.487688142765  0.3  0.5  0.0246237144694     0.0473090897729    2210.0  5.25090767002  -1.24347818694  -0.841186512837
-0.066666666667  0.433333333333  -0.366666666667  0.48862355601   0.0239544462398    0.48742199775   0.3  0.5  0.0251560044994     0.0479088924796    2220.0  5.22725493277  -1.24232123035  -0.840489144601
-0.066666666667  0.433333333333  -0.366666666667  0.488512801743  0.0241193222397    0.487367876018  0.3  0.5  0.0252642479646     0.0482386444794    2230.0  5.20381432769  -1.24188359634  -0.840248859638
-0.066666666667  0.433333333333  -0.366666666667  0.488389074998  0.0244566066455    0.487154318356  0.3  0.5  0.0256913632874     0.048913213291     2240.0  5.18058301373  -1.24072591695  -0.839556599248
-0.066666666667  0.433333333333  -0.366666666667  0.488356016105  0.0246945748822    0.486949409013  0.3  0.5  0.026101181974      0.0493891497643    2250.0  5.15755820033  -1.23980410376  -0.8389956999
-0.066666666667  0.433333333333  -0.366666666667  0.488442220308  0.0248803742323    0.48667740546   0.3  0.5  0.0266451890801     0.0497607484645    2260.0  5.13473714635  -1.23889269734  -0.838433294963
-0.066666666667  0.433333333333  -0.366666666667  0.48806894774   0.025392856824     0.486538195436  0.3  0.5  0.0269236091273     0.0507857136481    2270.0  5.11211715892  -1.23754411226  -0.837680718491
-0.066666666667  0.433333333333  -0.366666666667  0.488163521283  0.0255439234127    0.486292555305  0.3  0.5  0.0274148893908     0.0510878468255    2280.0  5.08969559243  -1.23674185155  -0.837176908445
-0.066666666667  0.433333333333  -0.366666666667  0.488125580274  0.0257844024514    0.486090017274  0.3  0.5  0.0278199654514     0.0515688049029    2290.0  5.06746984749  -1.2358288659   -0.836625924652
-0.066666666667  0.433333333333  -0.366666666667  0.488211087032  0.0258626557813    0.485926257186  0.3  0.5  0.0281474856271     0.0517253115626    2300.0  5.04543736989  -1.23534210683  -0.836315674963
-0.066666666667  0.433333333333  -0.366666666667  0.487990275943  0.0262371837505    0.485772540307  0.3  0.5  0.0284549193865     0.0524743675011    2310.0  5.02359564968  -1.23423473066  -0.835675056891
-0.066666666667  0.433333333333  -0.366666666667  0.487786761489  0.0266808982645    0.485532340246  0.3  0.5  0.0289353195079     0.0533617965291    2320.0  5.00194222015  -1.23284252609  -0.834870686874
-0.066666666667  0.433333333333  -0.366666666667  0.487863061973  0.0268872024979    0.485249735529  0.3  0.5  0.0295005289423     0.0537744049957    2330.0  4.98047465697  -1.23183049126  -0.834234519106
-0.066666666667  0.433333333333  -0.366666666667  0.487726502241  0.0271374457667    0.485136051993  0.3  0.5  0.0297278960149     0.0542748915334    2340.0  4.95919057724  -1.2310813356   -0.833803816842
-0.066666666667  0.433333333333  -0.366666666667  0.487668753794  0.027436649675     0.484894596531  0.3  0.5  0.0302108069383     0.0548732993501    2350.0  4.93808763862  -1.2299601937   -0.833126752122
-0.066666666667  0.433333333333  -0.366666666667  0.487491323784  0.0277106060741    0.484798070142  0.3  0.5  0.0304038597165     0.0554212121483    2360.0  4.91716353845  -1.22916915042  -0.832667581077
-0.066666666667  0.433333333333  -0.366666666667  0.487410280674  0.0280911320704    0.484498587255  0.3  0.5  0.0310028254892     0.0561822641408    2370.0  4.89641601298  -1.22780291463  -0.83186156101
-0.066666666667  0.433333333333  -0.366666666667  0.487413488921  0.0283203125       0.484266198579  0.3  0.5  0.0314676028425     0.056640625        2380.0  4.87584283645  -1.22685896481  -0.831286224825
-0.066666666667  0.433333333333  -0.366666666667  0.487120004062  0.0286878660191    0.484192129919  0.3  0.5  0.0316157401621     0.0573757320383    2390.0  4.8554418204   -1.2259328344   -0.830772089132
-0.066666666667  0.433333333333  -0.366666666667  0.487524243188  0.0286866106181    0.483789146193  0.3  0.5  0.0324217076132     0.0573732212363    2400.0  4.83521081281  -1.22512225502  -0.830202044592
