#mu0            mu1              mu2             x0              x1                 x2              mua   mub   xa                 xb                 T       b              u               phi
0.366666666667  -0.933333333333  0.566666666667  0.5             0.0                0.5             -0.2  -1.3  0.0                0.0                30.0    386.816865025  -1.31774118     -2.25107451333
0.366666666667  -0.933333333333  0.566666666667  0.5             0.0                0.5             -0.2  -1.3  0.0                0.0                40.0    290.112648769  -1.31774118     -2.25107451333
0.366666666667  -0.933333333333  0.566666666667  0.5             0.0                0.5             -0.2  -1.3  0.0                0.0                50.0    232.090119015  -1.31774118     -2.25107451333
0.366666666667  -0.933333333333  0.566666666667  0.5             0.0                0.5             -0.2  -1.3  0.0                0.0                60.0    193.408432513  -1.31774118     -2.25107451333
0.366666666667  -0.933333333333  0.566666666667  0.5             0.0                0.5             -0.2  -1.3  0.0                0.0                70.0    165.778656439  -1.31774118     -2.25107451333
0.366666666667  -0.933333333333  0.566666666667  0.5             0.0                0.5             -0.2  -1.3  0.0                0.0                80.0    145.056324384  -1.31774118     -2.25107451333
0.366666666667  -0.933333333333  0.566666666667  0.5             0.0                0.5             -0.2  -1.3  0.0                0.0                90.0    128.938955008  -1.31774118     -2.25107451333
0.366666666667  -0.933333333333  0.566666666667  0.5             0.0                0.5             -0.2  -1.3  0.0                0.0                100.0   116.045059507  -1.31774118     -2.25107451333
0.366666666667  -0.933333333333  0.566666666667  0.5             0.0                0.5             -0.2  -1.3  0.0                0.0                110.0   105.495508643  -1.31774118     -2.25107451333
0.366666666667  -0.933333333333  0.566666666667  0.5             0.0                0.5             -0.2  -1.3  0.0                0.0                120.0   96.7042162563  -1.31774118     -2.25107451333
0.366666666667  -0.933333333333  0.566666666667  0.5             0.0                0.5             -0.2  -1.3  0.0                0.0                130.0   89.2654303904  -1.31774118     -2.25107451333
0.366666666667  -0.933333333333  0.566666666667  0.5             0.0                0.5             -0.2  -1.3  0.0                0.0                140.0   82.8893282196  -1.31774118     -2.25107451333
0.366666666667  -0.933333333333  0.566666666667  0.5             0.0                0.5             -0.2  -1.3  0.0                0.0                150.0   77.363373005   -1.31774118     -2.25107451333
0.366666666667  -0.933333333333  0.566666666667  0.5             0.0                0.5             -0.2  -1.3  0.0                0.0                160.0   72.5281621922  -1.31774118     -2.25107451333
0.366666666667  -0.933333333333  0.566666666667  0.5             0.0                0.5             -0.2  -1.3  0.0                0.0                170.0   68.2617997103  -1.31774118     -2.25107451333
0.366666666667  -0.933333333333  0.566666666667  0.5             0.0                0.5             -0.2  -1.3  0.0                0.0                180.0   64.4694775042  -1.31774118     -2.25107451333
0.366666666667  -0.933333333333  0.566666666667  0.5             0.0                0.5             -0.2  -1.3  0.0                0.0                190.0   61.0763471092  -1.31774118     -2.25107451333
0.366666666667  -0.933333333333  0.566666666667  0.5             0.0                0.5             -0.2  -1.3  0.0                0.0                200.0   58.0225297537  -1.31774118     -2.25107451333
0.366666666667  -0.933333333333  0.566666666667  0.5             0.0                0.5             -0.2  -1.3  0.0                0.0                210.0   55.2595521464  -1.31774118     -2.25107451333
0.366666666667  -0.933333333333  0.566666666667  0.5             0.0                0.5             -0.2  -1.3  0.0                0.0                220.0   52.7477543216  -1.31774118     -2.25107451333
0.366666666667  -0.933333333333  0.566666666667  0.5             0.0                0.5             -0.2  -1.3  0.0                0.0                230.0   50.4543736989  -1.31774118     -2.25107451333
0.366666666667  -0.933333333333  0.566666666667  0.5             0.0                0.5             -0.2  -1.3  0.0                0.0                240.0   48.3521081281  -1.31774118     -2.25107451333
0.366666666667  -0.933333333333  0.566666666667  0.5             0.0                0.5             -0.2  -1.3  0.0                0.0                250.0   46.418023803   -1.31774118     -2.25107451333
0.366666666667  -0.933333333333  0.566666666667  0.5             0.0                0.5             -0.2  -1.3  0.0                0.0                260.0   44.6327151952  -1.31774118     -2.25107451333
0.366666666667  -0.933333333333  0.566666666667  0.5             0.0                0.5             -0.2  -1.3  0.0                0.0                270.0   42.9796516694  -1.31774118     -2.25107451333
0.366666666667  -0.933333333333  0.566666666667  0.5             0.0                0.5             -0.2  -1.3  0.0                0.0                280.0   41.4446641098  -1.31774118     -2.25107451333
0.366666666667  -0.933333333333  0.566666666667  0.5             0.0                0.5             -0.2  -1.3  0.0                0.0                290.0   40.0155377612  -1.31774118     -2.25107451333
0.366666666667  -0.933333333333  0.566666666667  0.5             0.0                0.5             -0.2  -1.3  0.0                0.0                300.0   38.6816865025  -1.31774118     -2.25107451333
0.366666666667  -0.933333333333  0.566666666667  0.5             0.0                0.5             -0.2  -1.3  0.0                0.0                310.0   37.4338901637  -1.31774118     -2.25107451333
0.366666666667  -0.933333333333  0.566666666667  0.5             0.0                0.5             -0.2  -1.3  0.0                0.0                320.0   36.2640810961  -1.31774118     -2.25107451333
0.366666666667  -0.933333333333  0.566666666667  0.5             0.0                0.5             -0.2  -1.3  0.0                0.0                330.0   35.1651695477  -1.31774118     -2.25107451333
0.366666666667  -0.933333333333  0.566666666667  0.5             0.0                0.5             -0.2  -1.3  0.0                0.0                340.0   34.1308998551  -1.31774118     -2.25107451333
0.366666666667  -0.933333333333  0.566666666667  0.5             0.0                0.5             -0.2  -1.3  0.0                0.0                350.0   33.1557312879  -1.31774118     -2.25107451333
0.366666666667  -0.933333333333  0.566666666667  0.5             0.0                0.5             -0.2  -1.3  0.0                0.0                360.0   32.2347387521  -1.31774118     -2.25107451333
0.366666666667  -0.933333333333  0.566666666667  0.5             0.0                0.5             -0.2  -1.3  0.0                0.0                370.0   31.3635295966  -1.31774118     -2.25107451333
0.366666666667  -0.933333333333  0.566666666667  0.5             0.0                0.5             -0.2  -1.3  0.0                0.0                380.0   30.5381735546  -1.31774118     -2.25107451333
0.366666666667  -0.933333333333  0.566666666667  0.5             0.0                0.5             -0.2  -1.3  0.0                0.0                390.0   29.7551434635  -1.31774118     -2.25107451333
0.366666666667  -0.933333333333  0.566666666667  0.5             0.0                0.5             -0.2  -1.3  0.0                0.0                400.0   29.0112648769  -1.31774118     -2.25107451333
0.366666666667  -0.933333333333  0.566666666667  0.5             0.0                0.5             -0.2  -1.3  0.0                0.0                410.0   28.3036730506  -1.31774118     -2.25107451333
0.366666666667  -0.933333333333  0.566666666667  0.5             0.0                0.5             -0.2  -1.3  0.0                0.0                420.0   27.6297760732  -1.31774118     -2.25107451333
0.366666666667  -0.933333333333  0.566666666667  0.5             0.0                0.5             -0.2  -1.3  0.0                0.0                430.0   26.9872231413  -1.31774118     -2.25107451333
0.366666666667  -0.933333333333  0.566666666667  0.5             0.0                0.5             -0.2  -1.3  0.0                0.0                440.0   26.3738771608  -1.31774118     -2.25107451333
0.366666666667  -0.933333333333  0.566666666667  0.5             0.0                0.5             -0.2  -1.3  0.0                0.0                450.0   25.7877910017  -1.31774118     -2.25107451333
0.366666666667  -0.933333333333  0.566666666667  0.5             0.0                0.5             -0.2  -1.3  0.0                0.0                460.0   25.2271868495  -1.31774118     -2.25107451333
0.366666666667  -0.933333333333  0.566666666667  0.5             0.0                0.5             -0.2  -1.3  0.0                0.0                470.0   24.6904381931  -1.31774118     -2.25107451333
0.366666666667  -0.933333333333  0.566666666667  0.5             0.0                0.5             -0.2  -1.3  0.0                0.0                480.0   24.1760540641  -1.31774118     -2.25107451333
0.366666666667  -0.933333333333  0.566666666667  0.5             0.0                0.5             -0.2  -1.3  0.0                0.0                490.0   23.6826652056  -1.31774118     -2.25107451333
0.366666666667  -0.933333333333  0.566666666667  0.5             0.0                0.5             -0.2  -1.3  0.0                0.0                500.0   23.2090119015  -1.31774118     -2.25107451333
0.366666666667  -0.933333333333  0.566666666667  0.5             0.0                0.5             -0.2  -1.3  0.0                0.0                510.0   22.7539332368  -1.31774118     -2.25107451333
0.366666666667  -0.933333333333  0.566666666667  0.5             0.0                0.5             -0.2  -1.3  0.0                0.0                520.0   22.3163575976  -1.31774118     -2.25107451333
0.366666666667  -0.933333333333  0.566666666667  0.5             0.0                0.5             -0.2  -1.3  0.0                0.0                530.0   21.8952942467  -1.31774118     -2.25107451333
0.366666666667  -0.933333333333  0.566666666667  0.5             0.0                0.5             -0.2  -1.3  0.0                0.0                540.0   21.4898258347  -1.31774118     -2.25107451333
0.366666666667  -0.933333333333  0.566666666667  0.5             0.0                0.5             -0.2  -1.3  0.0                0.0                550.0   21.0991017286  -1.31774118     -2.25107451333
0.366666666667  -0.933333333333  0.566666666667  0.5             0.0                0.5             -0.2  -1.3  0.0                0.0                560.0   20.7223320549  -1.31774118     -2.25107451333
0.366666666667  -0.933333333333  0.566666666667  0.5             0.0                0.5             -0.2  -1.3  0.0                0.0                570.0   20.3587823697  -1.31774118     -2.25107451333
0.366666666667  -0.933333333333  0.566666666667  0.5             0.0                0.5             -0.2  -1.3  0.0                0.0                580.0   20.0077688806  -1.31774118     -2.25107451333
0.366666666667  -0.933333333333  0.566666666667  0.5             0.0                0.5             -0.2  -1.3  0.0                0.0                590.0   19.6686541538  -1.31774118     -2.25107451333
0.366666666667  -0.933333333333  0.566666666667  0.5             0.0                0.5             -0.2  -1.3  0.0                0.0                600.0   19.3408432512  -1.31774118     -2.25107451333
0.366666666667  -0.933333333333  0.566666666667  0.5             0.0                0.5             -0.2  -1.3  0.0                0.0                610.0   19.0237802471  -1.31774118     -2.25107451333
0.366666666667  -0.933333333333  0.566666666667  0.5             0.0                0.5             -0.2  -1.3  0.0                0.0                620.0   18.7169450819  -1.31774118     -2.25107451333
0.366666666667  -0.933333333333  0.566666666667  0.5             0.0                0.5             -0.2  -1.3  0.0                0.0                630.0   18.4198507155  -1.31774118     -2.25107451333
0.366666666667  -0.933333333333  0.566666666667  0.5             0.0                0.5             -0.2  -1.3  0.0                0.0                640.0   18.132040548   -1.31774118     -2.25107451333
0.366666666667  -0.933333333333  0.566666666667  0.5             0.0                0.5             -0.2  -1.3  0.0                0.0                650.0   17.8530860781  -1.31774118     -2.25107451333
0.366666666667  -0.933333333333  0.566666666667  0.5             0.0                0.5             -0.2  -1.3  0.0                0.0                660.0   17.5825847739  -1.31774118     -2.25107451333
0.366666666667  -0.933333333333  0.566666666667  0.5             0.0                0.5             -0.2  -1.3  0.0                0.0                670.0   17.3201581354  -1.31774118     -2.25107451333
0.366666666667  -0.933333333333  0.566666666667  0.5             0.0                0.5             -0.2  -1.3  0.0                0.0                680.0   17.0654499276  -1.31774118     -2.25107451333
0.366666666667  -0.933333333333  0.566666666667  0.5             0.0                0.5             -0.2  -1.3  0.0                0.0                690.0   16.8181245663  -1.31774118     -2.25107451333
0.366666666667  -0.933333333333  0.566666666667  0.5             0.0                0.5             -0.2  -1.3  0.0                0.0                700.0   16.5778656439  -1.31774118     -2.25107451333
0.366666666667  -0.933333333333  0.566666666667  0.5             0.0                0.5             -0.2  -1.3  0.0                0.0                710.0   16.3443745785  -1.31774118     -2.25107451333
0.366666666667  -0.933333333333  0.566666666667  0.5             0.0                0.5             -0.2  -1.3  0.0                0.0                720.0   16.117369376   -1.31774118     -2.25107451333
0.366666666667  -0.933333333333  0.566666666667  0.5             0.0                0.5             -0.2  -1.3  0.0                0.0                730.0   15.8965834942  -1.31774118     -2.25107451333
0.366666666667  -0.933333333333  0.566666666667  0.5             0.0                0.5             -0.2  -1.3  0.0                0.0                740.0   15.6817647983  -1.31774118     -2.25107451333
0.366666666667  -0.933333333333  0.566666666667  0.5             0.0                0.5             -0.2  -1.3  0.0                0.0                750.0   15.472674601   -1.31774118     -2.25107451333
0.366666666667  -0.933333333333  0.566666666667  0.5             0.0                0.5             -0.2  -1.3  0.0                0.0                760.0   15.2690867773  -1.31774118     -2.25107451333
0.366666666667  -0.933333333333  0.566666666667  0.5             0.0                0.5             -0.2  -1.3  0.0                0.0                770.0   15.070786949   -1.31774118     -2.25107451333
0.366666666667  -0.933333333333  0.566666666667  0.5             0.0                0.5             -0.2  -1.3  0.0                0.0                780.0   14.8775717317  -1.31774118     -2.25107451333
0.366666666667  -0.933333333333  0.566666666667  0.500000139489  0.0                0.499999860511  -0.2  -1.3  2.78978003809e-07  0.0                790.0   14.6892480389  -1.31774089958  -2.25107417712
0.366666666667  -0.933333333333  0.566666666667  0.5             0.0                0.5             -0.2  -1.3  0.0                0.0                800.0   14.5056324384  -1.31774118     -2.25107451333
0.366666666667  -0.933333333333  0.566666666667  0.5             0.0                0.5             -0.2  -1.3  0.0                0.0                810.0   14.3265505565  -1.31774118     -2.25107451333
0.366666666667  -0.933333333333  0.566666666667  0.5             0.0                0.5             -0.2  -1.3  0.0                0.0                820.0   14.1518365253  -1.31774118     -2.25107451333
0.366666666667  -0.933333333333  0.566666666667  0.5             0.0                0.5             -0.2  -1.3  0.0                0.0                830.0   13.9813324708  -1.31774118     -2.25107451333
0.366666666667  -0.933333333333  0.566666666667  0.5             0.0                0.5             -0.2  -1.3  0.0                0.0                840.0   13.8148880366  -1.31774118     -2.25107451333
0.366666666667  -0.933333333333  0.566666666667  0.5             0.0                0.5             -0.2  -1.3  0.0                0.0                850.0   13.6523599421  -1.31774118     -2.25107451333
0.366666666667  -0.933333333333  0.566666666667  0.5             0.0                0.5             -0.2  -1.3  0.0                0.0                860.0   13.4936115706  -1.31774118     -2.25107451333
0.366666666667  -0.933333333333  0.566666666667  0.5             0.0                0.5             -0.2  -1.3  0.0                0.0                870.0   13.3385125871  -1.31774118     -2.25107451333
0.366666666667  -0.933333333333  0.566666666667  0.5             0.0                0.5             -0.2  -1.3  0.0                0.0                880.0   13.1869385804  -1.31774118     -2.25107451333
0.366666666667  -0.933333333333  0.566666666667  0.5             0.0                0.5             -0.2  -1.3  0.0                0.0                890.0   13.0387707312  -1.31774118     -2.25107451333
0.366666666667  -0.933333333333  0.566666666667  0.5             0.0                0.5             -0.2  -1.3  0.0                0.0                900.0   12.8938955008  -1.31774118     -2.25107451333
0.366666666667  -0.933333333333  0.566666666667  0.500000278978  0.0                0.499999721022  -0.2  -1.3  5.57956005842e-07  0.0                910.0   12.7522043415  -1.31774061917  -2.25107384091
0.366666666667  -0.933333333333  0.566666666667  0.500000139489  0.0                0.499999860511  -0.2  -1.3  2.78978003809e-07  0.0                920.0   12.6135934247  -1.31774089958  -2.25107417712
0.366666666667  -0.933333333333  0.566666666667  0.500000278978  0.0                0.499999721022  -0.2  -1.3  5.57956005842e-07  0.0                930.0   12.4779633879  -1.31774061917  -2.25107384091
0.366666666667  -0.933333333333  0.566666666667  0.500000278978  0.0                0.499999721022  -0.2  -1.3  5.57956005842e-07  0.0                940.0   12.3452190965  -1.31774061917  -2.25107384091
0.366666666667  -0.933333333333  0.566666666667  0.500000697445  0.0                0.499999302555  -0.2  -1.3  1.39489001572e-06  0.0                950.0   12.2152694218  -1.31773977792  -2.25107283227
0.366666666667  -0.933333333333  0.566666666667  0.500000278978  0.0                0.499999721022  -0.2  -1.3  5.57956005842e-07  0.0                960.0   12.088027032   -1.31774061917  -2.25107384091
0.366666666667  -0.933333333333  0.566666666667  0.500000278978  0.0                0.499999721022  -0.2  -1.3  5.57956005842e-07  0.0                970.0   11.9634081967  -1.31774061917  -2.25107384091
0.366666666667  -0.933333333333  0.566666666667  0.500000557956  0.0                0.499999442044  -0.2  -1.3  1.11591201168e-06  0.0                980.0   11.8413326028  -1.31774005833  -2.25107316848
0.366666666667  -0.933333333333  0.566666666667  0.500000697445  0.0                0.499999302555  -0.2  -1.3  1.39489001572e-06  0.0                990.0   11.7217231826  -1.31773977792  -2.25107283227
0.366666666667  -0.933333333333  0.566666666667  0.50000139489   0.0                0.49999860511   -0.2  -1.3  2.7897800311e-06   0.0                1000.0  11.6045059507  -1.31773837583  -2.25107115121
0.366666666667  -0.933333333333  0.566666666667  0.500000418467  0.0                0.499999581533  -0.2  -1.3  8.36934009874e-07  0.0                1010.0  11.4896098522  -1.31774033875  -2.2510735047
0.366666666667  -0.933333333333  0.566666666667  0.500001673868  0.0                0.499998326132  -0.2  -1.3  3.34773603705e-06  0.0                1020.0  11.3769666184  -1.317737815    -2.25107047879
0.366666666667  -0.933333333333  0.566666666667  0.500000557956  0.0                0.499999442044  -0.2  -1.3  1.11591201168e-06  0.0                1030.0  11.2665106318  -1.31774005833  -2.25107316848
0.366666666667  -0.933333333333  0.566666666667  0.500000418467  0.0                0.499999581533  -0.2  -1.3  8.36934009874e-07  0.0                1040.0  11.1581787988  -1.31774033875  -2.2510735047
0.366666666667  -0.933333333333  0.566666666667  0.500000557956  0.0                0.499999442044  -0.2  -1.3  1.11591201168e-06  0.0                1050.0  11.0519104293  -1.31774005833  -2.25107316848
0.366666666667  -0.933333333333  0.566666666667  0.500001534379  0.0                0.499998465621  -0.2  -1.3  3.06875803524e-06  0.0                1060.0  10.9476471233  -1.31773809542  -2.251070815
0.366666666667  -0.933333333333  0.566666666667  0.500002231824  0.0                0.499997768176  -0.2  -1.3  4.46364805073e-06  0.0                1070.0  10.8453326643  -1.31773669333  -2.25106913394
0.366666666667  -0.933333333333  0.566666666667  0.50000139489   0.0                0.49999860511   -0.2  -1.3  2.7897800311e-06   0.0                1080.0  10.7449129174  -1.31773837583  -2.25107115121
0.366666666667  -0.933333333333  0.566666666667  0.500001534379  0.0                0.499998465621  -0.2  -1.3  3.06875803524e-06  0.0                1090.0  10.6463357346  -1.31773809542  -2.251070815
0.366666666667  -0.933333333333  0.566666666667  0.500002092335  0.0                0.499997907665  -0.2  -1.3  4.18467004693e-06  0.0                1100.0  10.5495508643  -1.31773697375  -2.25106947015
0.366666666667  -0.933333333333  0.566666666667  0.50000139489   0.0                0.49999860511   -0.2  -1.3  2.7897800311e-06   0.0                1110.0  10.4545098655  -1.31773837583  -2.25107115121
0.366666666667  -0.933333333333  0.566666666667  0.500001673868  0.0                0.499998326132  -0.2  -1.3  3.34773603705e-06  0.0                1120.0  10.3611660275  -1.317737815    -2.25107047879
0.366666666667  -0.933333333333  0.566666666667  0.500001115912  0.0                0.499998884088  -0.2  -1.3  2.23182402526e-06  0.0                1130.0  10.2694742927  -1.31773893667  -2.25107182364
0.366666666667  -0.933333333333  0.566666666667  0.500003487225  0.0                0.499996512775  -0.2  -1.3  6.97445007802e-06  0.0                1140.0  10.1793911849  -1.31773416958  -2.25106610803
0.366666666667  -0.933333333333  0.566666666667  0.500002231824  0.0                0.499997768176  -0.2  -1.3  4.46364805073e-06  0.0                1150.0  10.0908747398  -1.31773669333  -2.25106913394
0.366666666667  -0.933333333333  0.566666666667  0.500002650291  0.0                0.499997349709  -0.2  -1.3  5.30058206039e-06  0.0                1160.0  10.0038844403  -1.31773585208  -2.2510681253
0.366666666667  -0.933333333333  0.566666666667  0.500003208247  0.0                0.499996791753  -0.2  -1.3  6.41649407218e-06  0.0                1170.0  9.91838115449  -1.31773473042  -2.25106678045
0.366666666667  -0.933333333333  0.566666666667  0.500003208247  0.0                0.499996791753  -0.2  -1.3  6.41649407218e-06  0.0                1180.0  9.83432707691  -1.31773473042  -2.25106678045
0.366666666667  -0.933333333333  0.566666666667  0.500004324159  0.0                0.499995675841  -0.2  -1.3  8.64831809766e-06  0.0                1190.0  9.7516856729   -1.31773248708  -2.25106409075
0.366666666667  -0.933333333333  0.566666666667  0.500004742626  0.0                0.499995257374  -0.2  -1.3  9.48525210731e-06  0.0                1200.0  9.67042162562  -1.31773164583  -2.25106308212
0.366666666667  -0.933333333333  0.566666666667  0.500005858538  0.0                0.499994141462  -0.2  -1.3  1.17170761329e-05  0.0                1210.0  9.59050078574  -1.3177294025   -2.25106039242
0.366666666667  -0.933333333333  0.566666666667  0.500006555983  0.0                0.499993444017  -0.2  -1.3  1.31119661484e-05  0.0                1220.0  9.51189012357  -1.31772800042  -2.25105871136
0.366666666667  -0.933333333333  0.566666666667  0.500007671895  0.0                0.499992328105  -0.2  -1.3  1.53437901738e-05  0.0                1230.0  9.43455768354  -1.31772575708  -2.25105602166
0.366666666667  -0.933333333333  0.566666666667  0.500005021604  0.0                0.499994978396  -0.2  -1.3  1.00432081132e-05  0.0                1240.0  9.35847254093  -1.317731085    -2.25106240969
0.366666666667  -0.933333333333  0.566666666667  0.500008927296  0.0                0.499991072704  -0.2  -1.3  1.78545922012e-05  0.0                1250.0  9.2836047606   -1.31772323333  -2.25105299575
0.366666666667  -0.933333333333  0.566666666667  0.500006416494  0.0                0.499993583506  -0.2  -1.3  1.28329881446e-05  0.0                1260.0  9.20992535774  -1.31772828083  -2.25105904757
0.366666666667  -0.933333333333  0.566666666667  0.50000557956   0.0                0.49999442044   -0.2  -1.3  1.11591201248e-05  0.0                1270.0  9.13740626043  -1.31772996333  -2.25106106484
0.366666666667  -0.933333333333  0.566666666667  0.500012972477  0.0                0.499987027523  -0.2  -1.3  2.5944954293e-05   0.0                1280.0  9.06602027402  -1.31771510125  -2.25104324559
0.366666666667  -0.933333333333  0.566666666667  0.500012972477  0.0                0.499987027523  -0.2  -1.3  2.5944954293e-05   0.0                1290.0  8.99574104709  -1.31771510125  -2.25104324559
0.366666666667  -0.933333333333  0.566666666667  0.500011856565  0.0                0.499988143435  -0.2  -1.3  2.37131302675e-05  0.0                1300.0  8.92654303904  -1.31771729011  -2.25104588082
0.366666666667  -0.933333333333  0.566666666667  0.500010880142  0.0                0.499989119858  -0.2  -1.3  2.17602842452e-05  0.0                1310.0  8.85840148912  -1.3177193075   -2.25104828878
0.366666666667  -0.933333333333  0.566666666667  0.50001115912   0.0                0.49998884088   -0.2  -1.3  2.23182402519e-05  0.0                1320.0  8.79129238693  -1.31771874667  -2.25104761635
0.366666666667  -0.933333333333  0.566666666667  0.500014367367  0.0                0.499985632633  -0.2  -1.3  2.87347343243e-05  0.0                1330.0  8.72519244417  -1.31771229671  -2.2510398831
0.366666666667  -0.933333333333  0.566666666667  0.500011996054  0.0                0.499988003946  -0.2  -1.3  2.39921082694e-05  0.0                1340.0  8.66007906772  -1.31771706417  -2.25104559908
0.366666666667  -0.933333333333  0.566666666667  0.500016041235  0.0                0.499983958765  -0.2  -1.3  3.20824703612e-05  0.0                1350.0  8.59593033389  -1.31770893208  -2.25103584892
0.366666666667  -0.933333333333  0.566666666667  0.500018552037  0.0                0.499981447963  -0.2  -1.3  3.7104074418e-05   0.0                1360.0  8.53272496379  -1.31770388458  -2.2510297971
0.366666666667  -0.933333333333  0.566666666667  0.500023992108  0.0                0.499976007892  -0.2  -1.3  4.79842165411e-05  0.0                1370.0  8.47044229982  -1.31769295352  -2.25101669001
0.366666666667  -0.933333333333  0.566666666667  0.500020504883  0.0                0.499979495117  -0.2  -1.3  4.10097664628e-05  0.0                1380.0  8.40906228315  -1.31769995875  -2.25102509013
0.366666666667  -0.933333333333  0.566666666667  0.500019667949  0.0                0.499980332051  -0.2  -1.3  3.93358984434e-05  0.0                1390.0  8.34856543219  -1.31770164088  -2.25102710703
0.366666666667  -0.933333333333  0.566666666667  0.500021760284  0.0                0.499978239716  -0.2  -1.3  4.35205684903e-05  0.0                1400.0  8.28893282196  -1.317697435    -2.25102206422
0.366666666667  -0.933333333333  0.566666666667  0.50002371313   0.0                0.49997628687   -0.2  -1.3  4.74262605341e-05  0.0                1410.0  8.23014606436  -1.31769350879  -2.25101735688
0.366666666667  -0.933333333333  0.566666666667  0.500032221959  0.0                0.499967778041  -0.2  -1.3  6.44439187266e-05  0.0                1420.0  8.17218728926  -1.31767635109  -2.25099679564
0.366666666667  -0.933333333333  0.566666666667  0.500031803492  0.0                0.499968196508  -0.2  -1.3  6.36069847166e-05  0.0                1430.0  8.1150391264   -1.317677245    -2.25099785693
0.366666666667  -0.933333333333  0.566666666667  0.500031524514  0.0                0.499968475486  -0.2  -1.3  6.30490287108e-05  0.0                1440.0  8.05868468802  -1.31767780765  -2.25099853117
0.366666666667  -0.933333333333  0.566666666667  0.500031245536  0.0                0.499968754464  -0.2  -1.3  6.24910727032e-05  0.0                1450.0  8.00310755224  -1.31767836667  -2.25099920178
0.366666666667  -0.933333333333  0.566666666667  0.500033895827  0.0                0.499966104173  -0.2  -1.3  6.77916547636e-05  0.0                1460.0  7.94829174709  -1.31767303906  -2.25099281406
0.366666666667  -0.933333333333  0.566666666667  0.500033058893  0.0                0.499966941107  -0.2  -1.3  6.61177867443e-05  0.0                1470.0  7.8942217352   -1.31767472125  -2.25099483102
0.366666666667  -0.933333333333  0.566666666667  0.500042265167  0.0                0.499957734833  -0.2  -1.3  8.4530334953e-05   0.0                1480.0  7.84088239916  -1.31765621375  -2.25097264101
0.366666666667  -0.933333333333  0.566666666667  0.50004324159   0.0                0.49995675841   -0.2  -1.3  8.64831809747e-05  0.0                1490.0  7.78825902735  -1.31765425009  -2.25097028679
0.366666666667  -0.933333333333  0.566666666667  0.500051610931  0.0                0.499948389069  -0.2  -1.3  0.000103221861162  0.0                1500.0  7.7363373005   -1.31763742546  -2.25095011442
0.366666666667  -0.933333333333  0.566666666667  0.500045054948  0.0                0.499954945052  -0.2  -1.3  9.01098950158e-05  0.0                1510.0  7.68510327864  -1.31765060478  -2.25096591613
0.366666666667  -0.933333333333  0.566666666667  0.500047844728  0.0                0.499952155272  -0.2  -1.3  9.5689455078e-05   0.0                1520.0  7.63454338865  -1.31764499671  -2.25095919215
0.366666666667  -0.933333333333  0.566666666667  0.500048263195  0.0                0.499951736805  -0.2  -1.3  9.6526389088e-05   0.0                1530.0  7.58464441225  -1.31764415864  -2.25095818669
0.366666666667  -0.933333333333  0.566666666667  0.500058585381  0.0                0.499941414619  -0.2  -1.3  0.00011717076132   0.0                1540.0  7.53539347451  -1.31762341496  -2.25093331414
0.366666666667  -0.933333333333  0.566666666667  0.500058166914  0.0                0.499941833086  -0.2  -1.3  0.00011633382731   0.0                1550.0  7.48677803274  -1.31762426309  -2.25093432966
0.366666666667  -0.933333333333  0.566666666667  0.500055237645  0.0                0.499944762355  -0.2  -1.3  0.000110475289244  0.0                1560.0  7.43878586587  -1.31763013692  -2.25094137519
0.366666666667  -0.933333333333  0.566666666667  0.500060817205  0.0                0.499939182795  -0.2  -1.3  0.00012163440937   0.0                1570.0  7.39140506417  -1.31761891843  -2.25092792489
0.366666666667  -0.933333333333  0.566666666667  0.500071836836  0.0                0.499928163164  -0.2  -1.3  0.000143673671619  0.0                1580.0  7.34462401946  -1.31759676977  -2.25090136837
0.366666666667  -0.933333333333  0.566666666667  0.50008383289   0.0                0.49991616711   -0.2  -1.3  0.000167665779889  0.0                1590.0  7.29843141557  -1.31757265648  -2.25087245665
0.366666666667  -0.933333333333  0.566666666667  0.500073929171  0.0                0.499926070829  -0.2  -1.3  0.000147858341666  0.0                1600.0  7.25281621922  -1.31759256622  -2.25089632789
0.366666666667  -0.933333333333  0.566666666667  0.500080345665  0.0                0.499919654335  -0.2  -1.3  0.00016069132981   0.0                1610.0  7.20776767127  -1.31757965711  -2.25088085218
0.366666666667  -0.933333333333  0.566666666667  0.500087180626  1.39489001953e-07  0.499912679885  -0.2  -1.3  0.000174640229968  2.78978003906e-07  1620.0  7.16327527824  -1.31756535419  -2.2508633968
0.366666666667  -0.933333333333  0.566666666667  0.500090946829  1.39489001953e-07  0.499908913682  -0.2  -1.3  0.000182172636053  2.78978003906e-07  1630.0  7.11932880414  -1.31755777134  -2.25085430747
0.366666666667  -0.933333333333  0.566666666667  0.500103082372  0.0                0.499896917628  -0.2  -1.3  0.000206164744322  0.0                1640.0  7.07591826265  -1.31753395789  -2.25082605828
0.366666666667  -0.933333333333  0.566666666667  0.500101687482  0.0                0.499898312518  -0.2  -1.3  0.000203374964291  0.0                1650.0  7.03303390954  -1.31753676264  -2.25082942098
0.366666666667  -0.933333333333  0.566666666667  0.500112009668  0.0                0.499887990332  -0.2  -1.3  0.000224019336523  0.0                1660.0  6.99066623539  -1.31751601059  -2.25080454005
0.366666666667  -0.933333333333  0.566666666667  0.50011173069   0.0                0.49988826931   -0.2  -1.3  0.000223461380518  0.0                1670.0  6.94880595853  -1.31751657629  -2.25080521735
0.366666666667  -0.933333333333  0.566666666667  0.50011452047   8.36934009766e-07  0.499884642596  -0.2  -1.3  0.000230714808599  1.67386801953e-06  1680.0  6.9074440183   -1.3175074987   -2.25079251305
0.366666666667  -0.933333333333  0.566666666667  0.500122471343  0.0                0.499877528657  -0.2  -1.3  0.00024494268676   0.0                1690.0  6.86657156849  -1.31749498295  -2.25077932774
0.366666666667  -0.933333333333  0.566666666667  0.500129166815  1.39489001953e-07  0.499870693696  -0.2  -1.3  0.000258612608913  2.78978003906e-07  1700.0  6.82617997103  -1.31748094703  -2.25076219517
0.366666666667  -0.933333333333  0.566666666667  0.500140046958  0.0                0.499859953042  -0.2  -1.3  0.000280093915154  0.0                1710.0  6.78626078991  -1.31745966104  -2.25073697559
0.366666666667  -0.933333333333  0.566666666667  0.500148974254  0.0                0.499851025746  -0.2  -1.3  0.000297948507356  0.0                1720.0  6.74680578532  -1.3174417014   -2.25071544503
0.366666666667  -0.933333333333  0.566666666667  0.500165433956  0.0                0.499834566044  -0.2  -1.3  0.000330867911726  0.0                1730.0  6.70780690795  -1.31740860497  -2.25067576473
0.366666666667  -0.933333333333  0.566666666667  0.500164457533  0.0                0.499835542467  -0.2  -1.3  0.000328915065705  0.0                1740.0  6.66925629353  -1.31741058231  -2.25067813263
0.366666666667  -0.933333333333  0.566666666667  0.500172826873  2.7897800293e-07   0.499826894149  -0.2  -1.3  0.000346211701899  5.57956005859e-07  1750.0  6.63114625757  -1.31739259391  -2.25065595956
0.366666666667  -0.933333333333  0.566666666667  0.500175895631  1.39489001953e-07  0.49982396488   -0.2  -1.3  0.000352070239966  2.78978003906e-07  1760.0  6.5934692902   -1.31738696167  -2.25064951828
0.366666666667  -0.933333333333  0.566666666667  0.500183707015  0.0                0.499816292985  -0.2  -1.3  0.000367414030139  0.0                1770.0  6.55621805127  -1.31737182908  -2.2506316796
0.366666666667  -0.933333333333  0.566666666667  0.500194308179  1.39489001953e-07  0.499805552332  -0.2  -1.3  0.000388895336381  2.78978003906e-07  1780.0  6.51938536559  -1.31734999493  -2.25060518653
0.366666666667  -0.933333333333  0.566666666667  0.500203514453  0.0                0.499796485547  -0.2  -1.3  0.000407028906584  0.0                1790.0  6.4829642183   -1.31733202426  -2.25058395182
0.366666666667  -0.933333333333  0.566666666667  0.500213278683  0.0                0.499786721317  -0.2  -1.3  0.000426557366805  0.0                1800.0  6.44694775042  -1.31731244708  -2.25056046894
0.366666666667  -0.933333333333  0.566666666667  0.500220811089  2.7897800293e-07   0.499778909933  -0.2  -1.3  0.00044218013498   5.57956005859e-07  1810.0  6.41132925456  -1.31729613122  -2.25054030318
0.366666666667  -0.933333333333  0.566666666667  0.500233783567  0.0                0.499766216433  -0.2  -1.3  0.000467567133267  0.0                1820.0  6.37610217074  -1.31727118288  -2.25051100279
0.366666666667  -0.933333333333  0.566666666667  0.500238665682  0.0                0.499761334318  -0.2  -1.3  0.000477331363377  0.0                1830.0  6.34126008238  -1.31726132809  -2.25049919515
0.366666666667  -0.933333333333  0.566666666667  0.50025010378   0.0                0.49974989622   -0.2  -1.3  0.000500207559635  0.0                1840.0  6.30679671236  -1.31723840924  -2.25047170107
0.366666666667  -0.933333333333  0.566666666667  0.500260286477  1.39489001953e-07  0.499739574034  -0.2  -1.3  0.000520851931867  2.78978003906e-07  1850.0  6.27270591932  -1.31721720047  -2.25044600074
0.366666666667  -0.933333333333  0.566666666667  0.500250382758  2.7897800293e-07   0.499749338264  -0.2  -1.3  0.000501323471647  5.57956005859e-07  1860.0  6.23898169395  -1.31723671079  -2.25046905408
0.366666666667  -0.933333333333  0.566666666667  0.500285812964  1.39489001953e-07  0.499714047547  -0.2  -1.3  0.000571904906442  2.78978003906e-07  1870.0  6.20561815548  -1.31716608573  -2.25038467541
0.366666666667  -0.933333333333  0.566666666667  0.50028637092   8.36934009766e-07  0.499712792146  -0.2  -1.3  0.000574415708471  1.67386801953e-06  1880.0  6.17260954827  -1.31716208089  -2.25037835506
0.366666666667  -0.933333333333  0.566666666667  0.500307573248  0.0                0.499692426752  -0.2  -1.3  0.00061514649693   0.0                1890.0  6.13995023849  -1.31712277911  -2.25033308314
0.366666666667  -0.933333333333  0.566666666667  0.500304922957  4.18467004883e-07  0.499694658576  -0.2  -1.3  0.000610682848879  8.36934009766e-07  1900.0  6.10763471092  -1.3171264512   -2.25033655995
0.366666666667  -0.933333333333  0.566666666667  0.500333518203  5.57956005859e-07  0.499665923841  -0.2  -1.3  0.000668152317525  1.11591201172e-06  1910.0  6.07565756584  -1.31706833741  -2.25026658959
0.366666666667  -0.933333333333  0.566666666667  0.500320685215  4.18467004883e-07  0.499678896318  -0.2  -1.3  0.000642207363234  8.36934009766e-07  1920.0  6.04401351602  -1.31709478963  -2.25029859348
0.366666666667  -0.933333333333  0.566666666667  0.500352209729  0.0                0.499647790271  -0.2  -1.3  0.000704419457935  0.0                1930.0  6.01269738381  -1.31703309612  -2.25022554556
0.366666666667  -0.933333333333  0.566666666667  0.500367693008  1.39489001953e-07  0.499632167503  -0.2  -1.3  0.000735664994287  2.78978003906e-07  1940.0  5.98170409833  -1.31700145579  -2.25018729345
0.366666666667  -0.933333333333  0.566666666667  0.500388058402  0.0                0.499611941598  -0.2  -1.3  0.000776116804742  0.0                1950.0  5.95102869269  -1.31696100448  -2.25013911445
0.366666666667  -0.933333333333  0.566666666667  0.500399357011  5.57956005859e-07  0.499600085032  -0.2  -1.3  0.000799829935009  1.11591201172e-06  1960.0  5.9206663014   -1.31693580195  -2.25010771861
0.366666666667  -0.933333333333  0.566666666667  0.500410655621  6.97445007813e-07  0.499588646934  -0.2  -1.3  0.000822706131267  1.39489001563e-06  1970.0  5.89061215774  -1.31691267339  -2.25007965214
0.366666666667  -0.933333333333  0.566666666667  0.500414003357  1.39489001953e-07  0.499585857154  -0.2  -1.3  0.00082828569133   2.78978003906e-07  1980.0  5.86086159129  -1.31690828019  -2.25007559372
0.366666666667  -0.933333333333  0.566666666667  0.500444132981  1.25540101367e-06  0.499554611618  -0.2  -1.3  0.000890776764033  2.51080202734e-06  1990.0  5.8314100255   -1.31684308678  -2.24999500072
0.366666666667  -0.933333333333  0.566666666667  0.500450409986  2.7897800293e-07   0.499549311036  -0.2  -1.3  0.000901377928152  5.57956005859e-07  2000.0  5.80225297537  -1.31683449861  -2.24998683102
0.366666666667  -0.933333333333  0.566666666667  0.500477470852  1.39489001953e-07  0.499522389659  -0.2  -1.3  0.00095522068276   2.78978003906e-07  2010.0  5.77338604515  -1.31678075575  -2.24992268227
0.366666666667  -0.933333333333  0.566666666667  0.500475936473  2.7897800293e-07   0.499523784549  -0.2  -1.3  0.000952430902728  5.57956005859e-07  2020.0  5.74480492611  -1.31678322     -2.24992534181
0.366666666667  -0.933333333333  0.566666666667  0.500502160406  9.76423010742e-07  0.499496863171  -0.2  -1.3  0.00100627365733   1.95284602148e-06  2030.0  5.71650539446  -1.31672760409  -2.24985714399
0.366666666667  -0.933333333333  0.566666666667  0.500512064125  8.36934009766e-07  0.499487098941  -0.2  -1.3  0.00102580211755   1.67386801953e-06  2040.0  5.68848330919  -1.31670818809  -2.24983418497
0.366666666667  -0.933333333333  0.566666666667  0.500517783174  4.18467004883e-07  0.499481798359  -0.2  -1.3  0.00103640328167   8.36934009766e-07  2050.0  5.66073461012  -1.31669859513  -2.24982355979
0.366666666667  -0.933333333333  0.566666666667  0.500565209434  5.57956005859e-07  0.49943423261   -0.2  -1.3  0.00113153478075   1.11591201172e-06  2060.0  5.6332553159   -1.31660250549  -2.24970808118
0.366666666667  -0.933333333333  0.566666666667  0.50059938424   4.18467004883e-07  0.499400197293  -0.2  -1.3  0.00119960541351   8.36934009766e-07  2070.0  5.6060415221   -1.31653430266  -2.24962662689
0.366666666667  -0.933333333333  0.566666666667  0.500598407817  8.36934009766e-07  0.499400755249  -0.2  -1.3  0.0011984895015    1.67386801953e-06  2080.0  5.5790893994   -1.31653462419  -2.2496260836
0.366666666667  -0.933333333333  0.566666666667  0.500639278094  1.81335702051e-06  0.499358908549  -0.2  -1.3  0.00128218290244   3.62671404102e-06  2090.0  5.55239519175  -1.31644828604  -2.24952046807
0.366666666667  -0.933333333333  0.566666666667  0.500636069847  2.65029103027e-06  0.499361279862  -0.2  -1.3  0.00127744027639   5.30058206055e-06  2100.0  5.52595521464  -1.31645143983  -2.24952239435
0.366666666667  -0.933333333333  0.566666666667  0.500655319329  9.76423010742e-07  0.499343704248  -0.2  -1.3  0.00131259150478   1.95284602148e-06  2110.0  5.49976585344  -1.31641971001  -2.24948798634
0.366666666667  -0.933333333333  0.566666666667  0.500677777059  1.25540101367e-06  0.49932096754   -0.2  -1.3  0.0013580649193    2.51080202734e-06  2120.0  5.47382356168  -1.31637329626  -2.24943175257
0.366666666667  -0.933333333333  0.566666666667  0.500684751509  1.67386801855e-06  0.499313574623  -0.2  -1.3  0.00137285075346   3.34773603711e-06  2130.0  5.44812485951  -1.31635737311  -2.24941178423
0.366666666667  -0.933333333333  0.566666666667  0.500728690544  1.95284602246e-06  0.49926935661   -0.2  -1.3  0.00146128678046   3.90569204492e-06  2140.0  5.42266633213  -1.31626805055  -2.24930404912
0.366666666667  -0.933333333333  0.566666666667  0.500746266158  1.1159120127e-06   0.49925261793   -0.2  -1.3  0.00149476414084   2.23182402539e-06  2150.0  5.39744462826  -1.31623661715  -2.24926809628
0.366666666667  -0.933333333333  0.566666666667  0.500771792646  1.25540101367e-06  0.499226951953  -0.2  -1.3  0.00154609609342   2.51080202734e-06  2160.0  5.37245645868  -1.31618470312  -2.24920555319
0.366666666667  -0.933333333333  0.566666666667  0.500836934009  1.81335702051e-06  0.499161252634  -0.2  -1.3  0.00167749473289   3.62671404102e-06  2170.0  5.34769859482  -1.31605100172  -2.24904412137
0.366666666667  -0.933333333333  0.566666666667  0.500813639346  1.39489001563e-06  0.499184965764  -0.2  -1.3  0.00163006847236   2.78978003125e-06  2180.0  5.32316786732  -1.31609953153  -2.24910322445
0.366666666667  -0.933333333333  0.566666666667  0.500817684527  1.67386801855e-06  0.499180641605  -0.2  -1.3  0.00163871679046   3.34773603711e-06  2190.0  5.29886116473  -1.31609015438  -2.2490913923
0.366666666667  -0.933333333333  0.566666666667  0.50085367269   1.39489001563e-06  0.49914493242   -0.2  -1.3  0.00171013515926   2.78978003125e-06  2200.0  5.27477543216  -1.31601885948  -2.24900653907
0.366666666667  -0.933333333333  0.566666666667  0.500872085238  9.76423010742e-07  0.499126938339  -0.2  -1.3  0.00174612332167   1.95284602148e-06  2210.0  5.25090767002  -1.31598363121  -2.24896520118
0.366666666667  -0.933333333333  0.566666666667  0.500926346459  2.37131302637e-06  0.499071282228  -0.2  -1.3  0.00185743554492   4.74262605273e-06  2220.0  5.22725493277  -1.31586877748  -2.24882445829
0.366666666667  -0.933333333333  0.566666666667  0.500915466317  3.34773603809e-06  0.499081185947  -0.2  -1.3  0.0018376281067    6.69547207617e-06  2230.0  5.20381432769  -1.31588689253  -2.24884399613
0.366666666667  -0.933333333333  0.566666666667  0.500969448561  3.76620304199e-06  0.499026785236  -0.2  -1.3  0.00194642952792   7.53240608398e-06  2240.0  5.18058301373  -1.315776376    -2.2487106313
0.366666666667  -0.933333333333  0.566666666667  0.500987303153  3.48722503906e-06  0.499009209622  -0.2  -1.3  0.00198158075632   6.97445007813e-06  2250.0  5.15755820033  -1.31574196491  -2.2486699153
0.366666666667  -0.933333333333  0.566666666667  0.50102970781   2.51080202832e-06  0.498967781388  -0.2  -1.3  0.00206443722325   5.02160405664e-06  2260.0  5.13473714635  -1.3156600694   -2.2485739872
0.366666666667  -0.933333333333  0.566666666667  0.501075181224  3.34773603809e-06  0.49892147104   -0.2  -1.3  0.0021570579203    6.69547207617e-06  2270.0  5.11211715892  -1.31556526697  -2.24845848461
0.366666666667  -0.933333333333  0.566666666667  0.501062487725  2.23182402539e-06  0.498935280451  -0.2  -1.3  0.00212943909799   4.46364805078e-06  2280.0  5.08969559243  -1.31559554018  -2.24849718295
0.366666666667  -0.933333333333  0.566666666667  0.501093733261  5.16109305859e-06  0.498901105646  -0.2  -1.3  0.00219778870876   1.03221861172e-05  2290.0  5.06746984749  -1.3155208306   -2.24840118735
0.366666666667  -0.933333333333  0.566666666667  0.501143112368  3.34773603809e-06  0.498853539896  -0.2  -1.3  0.00229292020783   6.69547207617e-06  2300.0  5.04543736989  -1.31542928301  -2.24829532819
0.366666666667  -0.933333333333  0.566666666667  0.501142135945  4.0451810459e-06   0.498853818874  -0.2  -1.3  0.00229236225182   8.0903620918e-06   2310.0  5.02359564968  -1.31542800104  -2.24829234445
0.366666666667  -0.933333333333  0.566666666667  0.501208114243  3.62671404102e-06  0.498788259043  -0.2  -1.3  0.0024234819133    7.25342808203e-06  2320.0  5.00194222015  -1.31529656695  -2.24813577444
0.366666666667  -0.933333333333  0.566666666667  0.501222900077  6.27700507031e-06  0.498770822918  -0.2  -1.3  0.00245835416369   1.25540101406e-05  2330.0  4.98047465697  -1.31525534763  -2.24808068991
0.366666666667  -0.933333333333  0.566666666667  0.501240894158  4.74262605371e-06  0.498754363216  -0.2  -1.3  0.00249127356806   9.48525210742e-06  2340.0  4.95919057724  -1.31522625245  -2.24804900024
0.366666666667  -0.933333333333  0.566666666667  0.501296131803  6.41649407227e-06  0.498697451703  -0.2  -1.3  0.00260509659334   1.28329881445e-05  2350.0  4.93808763862  -1.31510832589  -2.24790395702
0.366666666667  -0.933333333333  0.566666666667  0.501324029603  3.48722503906e-06  0.498672483172  -0.2  -1.3  0.00265503365591   6.97445007813e-06  2360.0  4.91716353845  -1.31506427596  -2.24785753578
0.366666666667  -0.933333333333  0.566666666667  0.501353043315  4.60313705176e-06  0.498642353548  -0.2  -1.3  0.00271529290458   9.20627410352e-06  2370.0  4.89641601298  -1.3150016504   -2.247779957
0.366666666667  -0.933333333333  0.566666666667  0.501419021613  4.0451810459e-06   0.498576933206  -0.2  -1.3  0.00284613358806   8.0903620918e-06   2380.0  4.87584283645  -1.31487129991  -2.24762488905
0.366666666667  -0.933333333333  0.566666666667  0.501414139498  5.85853806641e-06  0.498580001964  -0.2  -1.3  0.00283999607199   1.17170761328e-05  2390.0  4.8554418204   -1.31487376641  -2.24762386833
0.366666666667  -0.933333333333  0.566666666667  0.50147955984   5.71904906445e-06  0.498514721111  -0.2  -1.3  0.00297055777746   1.14380981289e-05  2400.0  4.83521081281  -1.31474241954  -2.24746677179
