#mu0             mu1             mu2             x0              x1              x2              mua   mub  xa                  xb              T       b              u                phi
-0.833333333333  0.366666666667  0.466666666667  0.360521320615  0.139478679385  0.5             -1.3  1.2  -5.55111512313e-17  0.27895735877   30.0    386.816865025  -1.04696086073   -1.01504302459
-0.833333333333  0.366666666667  0.466666666667  0.361528291717  0.138471708283  0.5             -1.3  1.2  -2.77555756156e-17  0.276943416565  40.0    290.112648769  -1.05031208405   -1.01597751726
-0.833333333333  0.366666666667  0.466666666667  0.362263398756  0.137736601244  0.5             -1.3  1.2  0.0                 0.275473202489  50.0    232.090119015  -1.05278119992   -1.01668237624
-0.833333333333  0.366666666667  0.466666666667  0.362196165057  0.137803834943  0.5             -1.3  1.2  -2.77555756156e-17  0.275607669886  60.0    193.408432513  -1.05261771309   -1.01668025029
-0.833333333333  0.366666666667  0.466666666667  0.36236062259   0.13763937741   0.5             -1.3  1.2  -2.77555756156e-17  0.275278754821  70.0    165.778656439  -1.0533808851    -1.01704872422
-0.833333333333  0.366666666667  0.466666666667  0.362273860431  0.137726139569  0.5             -1.3  1.2  0.0                 0.275452279139  80.0    145.056324384  -1.05317052692   -1.01704659522
-0.833333333333  0.366666666667  0.466666666667  0.361877851155  0.138122148845  0.5             -1.3  1.2  -5.55111512313e-17  0.27624429769   90.0    128.938955008  -1.05316666355   -1.01799315411
-0.833333333333  0.366666666667  0.466666666667  0.361752450543  0.138247549457  0.5             -1.3  1.2  -2.77555756156e-17  0.276495098914  100.0   116.045059507  -1.05311770422   -1.01824515625
-0.833333333333  0.366666666667  0.466666666667  0.361899192972  0.138100807028  0.5             -1.3  1.2  5.55111512313e-17   0.276201614055  110.0   105.495508643  -1.05379921501   -1.0185744852
-0.833333333333  0.366666666667  0.466666666667  0.362924018667  0.137075981333  0.5             -1.3  1.2  -2.77555756156e-17  0.274151962666  120.0   96.7042162563  -1.05666445072   -1.01898013926
-0.833333333333  0.366666666667  0.466666666667  0.364437613823  0.135562386177  0.5             -1.3  1.2  2.77555756156e-17   0.271124772354  130.0   89.2654303904  -1.06168803545   -1.02037109561
-0.833333333333  0.366666666667  0.466666666667  0.364565385748  0.135434614252  0.5             -1.3  1.2  2.77555756156e-17   0.270869228503  140.0   82.8893282196  -1.06239463382   -1.02077104136
-0.833333333333  0.366666666667  0.466666666667  0.364531071454  0.135468928546  0.5             -1.3  1.2  2.77555756156e-17   0.270937857092  150.0   77.363373005   -1.06231212012   -1.02077088196
-0.833333333333  0.366666666667  0.466666666667  0.363881889641  0.136118110359  0.5             -1.3  1.2  0.0                 0.272236220718  160.0   72.5281621922  -1.06084968614   -1.02086648433
-0.833333333333  0.366666666667  0.466666666667  0.363863058626  0.136136941374  0.5             -1.3  1.2  8.32667268469e-17   0.272273882749  170.0   68.2617997103  -1.06080035125   -1.02086234388
-0.833333333333  0.366666666667  0.466666666667  0.363856642131  0.136143357869  0.5             -1.3  1.2  5.55111512313e-17   0.272286715737  180.0   64.4694775042  -1.06077749138   -1.0208548836
-0.833333333333  0.366666666667  0.466666666667  0.363525355753  0.136474644247  0.5             -1.3  1.2  2.77555756156e-17   0.272949288495  190.0   61.0763471092  -1.06025047724   -1.02112295677
-0.833333333333  0.366666666667  0.466666666667  0.363466770372  0.136533229628  0.5             -1.3  1.2  0.0                 0.273066459256  200.0   58.0225297537  -1.06014947733   -1.02116256177
-0.833333333333  0.366666666667  0.466666666667  0.36322392002   0.13677607998   0.5             -1.3  1.2  -8.32667268469e-17  0.273552159959  210.0   55.2595521464  -1.05956241818   -1.02115834346
-0.833333333333  0.366666666667  0.466666666667  0.363307334443  0.136692665557  0.5             -1.3  1.2  5.55111512313e-17   0.273385331113  220.0   52.7477543216  -1.05976417395   -1.02115990462
-0.833333333333  0.366666666667  0.466666666667  0.362885240725  0.137114759275  0.5             -1.3  1.2  2.77555756156e-17   0.274229518551  230.0   50.4543736989  -1.05878175184   -1.02119050743
-0.833333333333  0.366666666667  0.466666666667  0.363538188741  0.136461811259  0.5             -1.3  1.2  8.32667268469e-17   0.272923622518  240.0   48.3521081281  -1.06082885036   -1.02167053071
-0.833333333333  0.366666666667  0.466666666667  0.365458254848  0.134541745152  0.5             -1.3  1.2  0.0                 0.269083490305  250.0   46.418023803   -1.06565630447   -1.02188982617
-0.833333333333  0.366666666667  0.466666666667  0.370661613073  0.129338386927  0.5             -1.3  1.2  2.77555756156e-17   0.258676773854  260.0   44.6327151952  -1.0790742239    -1.02281968585
-0.833333333333  0.366666666667  0.466666666667  0.372967924225  0.127032075775  0.5             -1.3  1.2  -8.32667268469e-17  0.25406415155   270.0   42.9796516694  -1.08504042739   -1.02325074258
-0.833333333333  0.366666666667  0.466666666667  0.372972945829  0.127027054171  0.5             -1.3  1.2  8.32667268469e-17   0.254054108342  280.0   41.4446641098  -1.08510099087   -1.02329925421
-0.833333333333  0.366666666667  0.466666666667  0.373984101602  0.126015898398  0.5             -1.3  1.2  -5.55111512313e-17  0.252031796797  290.0   40.0155377612  -1.08960236628   -1.02537385577
-0.833333333333  0.366666666667  0.466666666667  0.373941138989  0.126058861011  0.5             -1.3  1.2  -2.77555756156e-17  0.252117722022  300.0   38.6816865025  -1.08949389711   -1.02536849687
-0.833333333333  0.366666666667  0.466666666667  0.373904871849  0.126095128151  0.5             -1.3  1.2  0.0                 0.252190256303  310.0   37.4338901637  -1.08939733841   -1.0253589793
-0.833333333333  0.366666666667  0.466666666667  0.373891201927  0.126108798073  0.5             -1.3  1.2  8.32667268469e-17   0.252217596147  320.0   36.2640810961  -1.08936214576   -1.02535659447
-0.833333333333  0.366666666667  0.466666666667  0.373854097852  0.126145902148  0.5             -1.3  1.2  0.0                 0.252291804296  330.0   35.1651695477  -1.08926212215   -1.02534562064
-0.833333333333  0.366666666667  0.466666666667  0.373822573338  0.126177426662  0.5             -1.3  1.2  8.32667268469e-17   0.252354853325  340.0   34.1308998551  -1.08918099082   -1.02534014814
-0.833333333333  0.366666666667  0.466666666667  0.37378449284   0.12621550716   0.5             -1.3  1.2  -2.77555756156e-17  0.252431014319  350.0   33.1557312879  -1.08908146901   -1.02533201953
-0.833333333333  0.366666666667  0.466666666667  0.373764545913  0.126235454087  0.5             -1.3  1.2  8.32667268469e-17   0.252470908174  360.0   32.2347387521  -1.08902361588   -1.02532203902
-0.833333333333  0.366666666667  0.466666666667  0.37370902929   0.12629097071   0.5             -1.3  1.2  2.77555756156e-17   0.252581941419  370.0   31.3635295966  -1.08887692882   -1.02530859186
-0.833333333333  0.366666666667  0.466666666667  0.373678062732  0.126321937268  0.5             -1.3  1.2  -2.77555756156e-17  0.252643874536  380.0   30.5381735546  -1.08879263201   -1.02529861479
-0.833333333333  0.366666666667  0.466666666667  0.37363928479   0.12636071521   0.5             -1.3  1.2  -5.55111512313e-17  0.252721430421  390.0   29.7551434635  -1.08868992451   -1.02528897434
-0.833333333333  0.366666666667  0.466666666667  0.373887156745  0.126112843255  0.5             -1.3  1.2  5.55111512313e-17   0.252225686509  400.0   29.0112648769  -1.08992638488   -1.02593054203
-0.833333333333  0.366666666667  0.466666666667  0.374902357699  0.125097642301  0.5             -1.3  1.2  -5.55111512313e-17  0.250195284602  410.0   28.3036730506  -1.09484906931   -1.02841674417
-0.833333333333  0.366666666667  0.466666666667  0.374877668146  0.125122331854  0.5             -1.3  1.2  0.0                 0.250244663709  420.0   27.6297760732  -1.09477903199   -1.02840596177
-0.833333333333  0.366666666667  0.466666666667  0.374876133767  0.125123866233  0.5             -1.3  1.2  -5.55111512313e-17  0.250247732467  430.0   26.9872231413  -1.09477629551   -1.0284069078
-0.833333333333  0.366666666667  0.466666666667  0.374853118081  0.125146881919  0.5             -1.3  1.2  0.0                 0.250293763837  440.0   26.3738771608  -1.09470967059   -1.02839552053
-0.833333333333  0.366666666667  0.466666666667  0.374827591594  0.125172408406  0.5             -1.3  1.2  -8.32667268469e-17  0.250344816812  450.0   25.7877910017  -1.09463748906   -1.02838460257
-0.833333333333  0.366666666667  0.466666666667  0.374820896122  0.125179103878  0.5             -1.3  1.2  2.77555756156e-17   0.250358207756  460.0   25.2271868495  -1.09461835346   -1.0283815361
-0.833333333333  0.366666666667  0.466666666667  0.374805133865  0.125194866135  0.5             -1.3  1.2  -5.55111512313e-17  0.25038973227   470.0   24.6904381931  -1.09457470182   -1.02837571388
-0.833333333333  0.366666666667  0.466666666667  0.374776259641  0.125223740359  0.5             -1.3  1.2  -5.55111512313e-17  0.250447480717  480.0   24.1760540641  -1.09449118804   -1.02836149823
-0.833333333333  0.366666666667  0.466666666667  0.37476524001   0.12523475999   0.5             -1.3  1.2  2.77555756156e-17   0.250469519979  490.0   23.6826652056  -1.09446108784   -1.02835784515
-0.833333333333  0.366666666667  0.466666666667  0.37474292177   0.12525707823   0.5             -1.3  1.2  0.0                 0.25051415646   500.0   23.2090119015  -1.09439448407   -1.02834480516
-0.833333333333  0.366666666667  0.466666666667  0.374719766596  0.125280233404  0.5             -1.3  1.2  -2.77555756156e-17  0.250560466808  510.0   22.7539332368  -1.09432898367   -1.02833487717
-0.833333333333  0.366666666667  0.466666666667  0.374673735225  0.125326264775  0.5             -1.3  1.2  2.77555756156e-17   0.250652529549  520.0   22.3163575976  -1.09419581281   -1.02831218161
-0.833333333333  0.366666666667  0.466666666667  0.374651138007  0.125348861993  0.5             -1.3  1.2  -2.77555756156e-17  0.250697723986  530.0   21.8952942467  -1.09413158056   -1.02830218268
-0.833333333333  0.366666666667  0.466666666667  0.374652951364  0.125347048636  0.5             -1.3  1.2  0.0                 0.250694097272  540.0   21.4898258347  -1.0941330319    -1.02829928196
-0.833333333333  0.366666666667  0.466666666667  0.374599387587  0.125400612413  0.5             -1.3  1.2  2.77555756156e-17   0.250801224825  550.0   21.0991017286  -1.09397541899   -1.02827022211
-0.833333333333  0.366666666667  0.466666666667  0.3745599122    0.1254400878    0.5             -1.3  1.2  -5.55111512313e-17  0.2508801756    560.0   20.7223320549  -1.09385838039   -1.02824792444
-0.833333333333  0.366666666667  0.466666666667  0.374499373973  0.125500626027  0.5             -1.3  1.2  -2.77555756156e-17  0.251001252053  570.0   20.3587823697  -1.09368828627   -1.02822312207
-0.833333333333  0.366666666667  0.466666666667  0.374506906379  0.125493093621  0.5             -1.3  1.2  -2.77555756156e-17  0.250986187241  580.0   20.0077688806  -1.09370062247   -1.02821738049
-0.833333333333  0.366666666667  0.466666666667  0.374459759097  0.125540240903  0.5             -1.3  1.2  -5.55111512313e-17  0.251080481806  590.0   19.6686541538  -1.0935605858    -1.0281904973
-0.833333333333  0.366666666667  0.466666666667  0.374437719835  0.125562280165  0.5             -1.3  1.2  0.0                 0.251124560331  600.0   19.3408432512  -1.0934955696    -1.02817837533
-0.833333333333  0.366666666667  0.466666666667  0.374387782772  0.125612217228  0.5             -1.3  1.2  -2.77555756156e-17  0.251224434456  610.0   19.0237802471  -1.09333917763   -1.02814183231
-0.833333333333  0.366666666667  0.466666666667  0.374319712139  0.125680287861  0.5             -1.3  1.2  0.0                 0.251360575721  620.0   18.7169450819  -1.09314309536   -1.02810911956
-0.833333333333  0.366666666667  0.466666666667  0.374298230833  0.125701769167  0.5             -1.3  1.2  5.55111512313e-17   0.251403538334  630.0   18.4198507155  -1.09307131868   -1.02808889802
-0.833333333333  0.366666666667  0.466666666667  0.37424982815   0.12575017185   0.5             -1.3  1.2  8.32667268469e-17   0.251500343701  640.0   18.132040548   -1.09292220859   -1.02805595436
-0.833333333333  0.366666666667  0.466666666667  0.374218164146  0.125781835854  0.5             -1.3  1.2  0.0                 0.251563671708  650.0   17.8530860781  -1.09280879321   -1.02801853259
-0.833333333333  0.366666666667  0.466666666667  0.37416460037   0.12583539963   0.5             -1.3  1.2  -8.32667268469e-17  0.251670799261  660.0   17.5825847739  -1.09265323861   -1.02799153106
-0.833333333333  0.366666666667  0.466666666667  0.374117313598  0.125882686402  0.5             -1.3  1.2  -5.55111512313e-17  0.251765372804  670.0   17.3201581354  -1.09250012575   -1.02795190645
-0.833333333333  0.366666666667  0.466666666667  0.37408495215   0.12591504785   0.5             -1.3  1.2  2.77555756156e-17   0.251830095701  680.0   17.0654499276  -1.09239325415   -1.02792270232
-0.833333333333  0.366666666667  0.466666666667  0.374005164441  0.125994835559  0.5             -1.3  1.2  5.55111512313e-17   0.251989671118  690.0   16.8181245663  -1.09212318169   -1.02784412037
-0.833333333333  0.366666666667  0.466666666667  0.374808342112  0.125191657888  0.5             -1.3  1.2  5.55111512313e-17   0.250383315776  700.0   16.5778656439  -1.09852141674   -1.032314729
-0.833333333333  0.366666666667  0.466666666667  0.374900962809  0.125099037191  0.5             -1.3  1.2  -2.77555756156e-17  0.250198074382  710.0   16.3443745785  -1.09951000552   -1.03308102811
-0.833333333333  0.366666666667  0.466666666667  0.374867066982  0.125132933018  0.5             -1.3  1.2  -8.32667268469e-17  0.250265866037  720.0   16.117369376   -1.09940248245   -1.03305485503
-0.833333333333  0.366666666667  0.466666666667  0.374879063036  0.125120936964  0.5             -1.3  1.2  -2.77555756156e-17  0.250241873929  730.0   15.8965834942  -1.09940946398   -1.03303304603
-0.833333333333  0.366666666667  0.466666666667  0.37486441669   0.12513558331   0.5             -1.3  1.2  0.0                 0.250271166619  740.0   15.6817647983  -1.0993447566    -1.03300348988
-0.833333333333  0.366666666667  0.466666666667  0.374857302751  0.125142697249  0.5             -1.3  1.2  2.77555756156e-17   0.250285394497  750.0   15.472674601   -1.09930640161   -1.03298220834
-0.833333333333  0.366666666667  0.466666666667  0.374819082765  0.125180917235  0.5             -1.3  1.2  -2.77555756156e-17  0.25036183447   760.0   15.2690867773  -1.09919589271   -1.0329634274
-0.833333333333  0.366666666667  0.466666666667  0.374790069053  0.125209930947  0.5             -1.3  1.2  5.55111512313e-17   0.250419861895  770.0   15.070786949   -1.0990785812    -1.0329157488
-0.833333333333  0.366666666667  0.466666666667  0.374783373581  0.125216626419  0.5             -1.3  1.2  0.0                 0.250433252839  780.0   14.8775717317  -1.0990324744    -1.03288571114
-0.833333333333  0.366666666667  0.466666666667  0.374756033736  0.125243966264  0.5             -1.3  1.2  -8.32667268469e-17  0.250487932527  790.0   14.6892480389  -1.09892792098   -1.03284677334
-0.833333333333  0.366666666667  0.466666666667  0.374745153594  0.125254846406  0.5             -1.3  1.2  8.32667268469e-17   0.250509692812  800.0   14.5056324384  -1.09887856726   -1.03282353197
-0.833333333333  0.366666666667  0.466666666667  0.374708607476  0.125291392524  0.5             -1.3  1.2  0.0                 0.250582785049  810.0   14.3265505565  -1.09873077909   -1.03276345448
-0.833333333333  0.366666666667  0.466666666667  0.374712094701  0.125287905299  0.5             -1.3  1.2  0.0                 0.250575810598  820.0   14.1518365253  -1.09872853367   -1.03275283973
-0.833333333333  0.366666666667  0.466666666667  0.374675130115  0.125324869885  0.5             -1.3  1.2  0.0                 0.250649739769  830.0   13.9813324708  -1.09857652809   -1.03268954915
-0.833333333333  0.366666666667  0.466666666667  0.374639002464  0.125360997536  0.5             -1.3  1.2  8.32667268469e-17   0.250721995072  840.0   13.8148880366  -1.09844336937   -1.03264309679
-0.833333333333  0.366666666667  0.466666666667  0.374597992697  0.125402007303  0.5             -1.3  1.2  -5.55111512313e-17  0.250804014605  850.0   13.6523599421  -1.09827600043   -1.03257415128
-0.833333333333  0.366666666667  0.466666666667  0.374578743215  0.125421256785  0.5             -1.3  1.2  -2.77555756156e-17  0.250842513569  860.0   13.4936115706  -1.09818384099   -1.03252819061
-0.833333333333  0.366666666667  0.466666666667  0.374566328694  0.125433671306  0.5             -1.3  1.2  -2.77555756156e-17  0.250867342612  870.0   13.3385125871  -1.09811698219   -1.03249112666
-0.833333333333  0.366666666667  0.466666666667  0.374519041923  0.125480958077  0.5             -1.3  1.2  -2.77555756156e-17  0.250961916155  880.0   13.1869385804  -1.09794570003   -1.03243333275
-0.833333333333  0.366666666667  0.466666666667  0.37446631508   0.12553368492   0.5             -1.3  1.2  0.0                 0.25106736984   890.0   13.0387707312  -1.09772938481   -1.03234356195
-0.833333333333  0.366666666667  0.466666666667  0.374446089175  0.125553910825  0.5             -1.3  1.2  0.0                 0.25110782165   900.0   12.8938955008  -1.0976342289    -1.03229694821
-0.833333333333  0.366666666667  0.466666666667  0.37438666686   0.12561333314   0.5             -1.3  1.2  0.0                 0.25122666628   910.0   12.7522043415  -1.09738708457   -1.03219241744
-0.833333333333  0.366666666667  0.466666666667  0.374388759195  0.125611240805  0.5             -1.3  1.2  -8.32667268469e-17  0.25122248161   920.0   12.6135934247  -1.09735973486   -1.03216004612
-0.833333333333  0.366666666667  0.466666666667  0.374312877178  0.125687122822  0.5             -1.3  1.2  -9.71445146547e-16  0.251374245643  930.0   12.4779633879  -1.09703753803   -1.03201996613
-0.833333333333  0.366666666667  0.466666666667  0.374285537334  0.125714462666  0.5             -1.3  1.2  5.55111512313e-17   0.251428925332  940.0   12.3452190965  -1.09690184832   -1.03194989206
-0.833333333333  0.366666666667  0.466666666667  0.374239645452  0.125760354548  0.5             -1.3  1.2  -5.55111512313e-17  0.251520709095  950.0   12.2152694218  -1.09671883246   -1.0318770167
-0.833333333333  0.366666666667  0.466666666667  0.374199193642  0.125800806358  0.5             -1.3  1.2  2.77555756156e-17   0.251601612716  960.0   12.088027032   -1.09649361154   -1.03174888013
-0.833333333333  0.366666666667  0.466666666667  0.374131959943  0.125868040057  0.5             -1.3  1.2  2.77555756156e-17   0.251736080114  970.0   11.9634081967  -1.09617449966   -1.03159112912
-0.833333333333  0.366666666667  0.466666666667  0.374105178055  0.125894821945  0.5             -1.3  1.2  2.77555756156e-17   0.25178964389   980.0   11.8413326028  -1.09609505196   -1.03157595796
-0.833333333333  0.366666666667  0.466666666667  0.374031527862  0.125968472138  0.5             -1.3  1.2  0.0                 0.251936944276  990.0   11.7217231826  -1.09575007008   -1.03140773654
-0.833333333333  0.366666666667  0.466666666667  0.37400251415   0.12599748585   0.5             -1.3  1.2  5.55111512313e-17   0.2519949717    1000.0  11.6045059507  -1.0956247715    -1.03135207087
-0.833333333333  0.366666666667  0.466666666667  0.373879205872  0.126120794128  0.5             -1.3  1.2  0.0                 0.252241588255  1010.0  11.4896098522  -1.09511624035   -1.03113947959
-0.833333333333  0.366666666667  0.466666666667  0.373811414218  0.126188585782  0.5             -1.3  1.2  0.0                 0.252377171565  1020.0  11.3769666184  -1.09479117439   -1.0309771136
-0.833333333333  0.366666666667  0.466666666667  0.373750736502  0.126249263498  0.5             -1.3  1.2  -2.77555756156e-17  0.252498526996  1030.0  11.2665106318  -1.09451860073   -1.03085016646
-0.833333333333  0.366666666667  0.466666666667  0.373721164834  0.126278835166  0.5             -1.3  1.2  2.77555756156e-17   0.252557670333  1040.0  11.1581787988  -1.09430275191   -1.03070528964
-0.833333333333  0.366666666667  0.466666666667  0.373609573632  0.126390426368  0.5             -1.3  1.2  5.55111512313e-17   0.252780852735  1050.0  11.0519104293  -1.09387788753   -1.03054824415
-0.833333333333  0.366666666667  0.466666666667  0.373592137507  0.126407862493  0.5             -1.3  1.2  0.0                 0.252815724986  1060.0  10.9476471233  -1.09373322835   -1.03044543166
-0.833333333333  0.366666666667  0.466666666667  0.373413870563  0.126586129437  0.5             -1.3  1.2  0.0                 0.253172258874  1070.0  10.8453326643  -1.09310792023   -1.03024796421
-0.833333333333  0.366666666667  0.466666666667  0.373404106333  0.126595893667  0.5             -1.3  1.2  2.77555756156e-17   0.253191787334  1080.0  10.7449129174  -1.09296333959   -1.03012681772
-0.833333333333  0.366666666667  0.466666666667  0.373314972861  0.126685027139  0.5             -1.3  1.2  2.77555756156e-17   0.253370054278  1090.0  10.6463357346  -1.09251723048   -1.02989462895
-0.833333333333  0.366666666667  0.466666666667  0.373218446472  0.126781553528  0.5             -1.3  1.2  -2.77555756156e-17  0.253563107056  1100.0  10.5495508643  -1.09204394004   -1.02965300184
-0.833333333333  0.366666666667  0.466666666667  0.373107692205  0.126892307795  0.5             -1.3  1.2  -2.77555756156e-17  0.253784615591  1110.0  10.4545098655  -1.09158730646   -1.0294621785
-0.833333333333  0.366666666667  0.466666666667  0.373045759088  0.126954240912  0.5             -1.3  1.2  0.0                 0.253908481824  1120.0  10.3611660275  -1.09121136955   -1.02923488107
-0.833333333333  0.366666666667  0.466666666667  0.372928030371  0.127071969629  0.5             -1.3  1.2  0.0                 0.254143939259  1130.0  10.2694742927  -1.09077173137   -1.02907779181
-0.833333333333  0.366666666667  0.466666666667  0.372824529531  0.127175470469  0.5             -1.3  1.2  2.77555756156e-17   0.254350940937  1140.0  10.1793911849  -1.09013504712   -1.02868950958
-0.833333333333  0.366666666667  0.466666666667  0.372704708479  0.127295291521  0.5             -1.3  1.2  0.0                 0.254590583042  1150.0  10.0908747398  -1.08971831222   -1.02856034521
-0.833333333333  0.366666666667  0.466666666667  0.372679181992  0.127320818008  0.5             -1.3  1.2  5.55111512313e-17   0.254641636016  1160.0  10.0038844403  -1.08933533133   -1.02823862788
-0.833333333333  0.366666666667  0.466666666667  0.372517095772  0.127482904228  0.5             -1.3  1.2  5.55111512313e-17   0.254965808456  1170.0  9.91838115449  -1.08872521236   -1.02801751584
-0.833333333333  0.366666666667  0.466666666667  0.372413315955  0.127586684045  0.5             -1.3  1.2  -2.77555756156e-17  0.25517336809   1180.0  9.83432707691  -1.08804732589   -1.02758870093
-0.833333333333  0.366666666667  0.466666666667  0.372255414405  0.127744585595  0.5             -1.3  1.2  -5.55111512313e-17  0.25548917119   1190.0  9.7516856729   -1.08744542917   -1.02736576793
-0.833333333333  0.366666666667  0.466666666667  0.372180090344  0.127819909656  0.5             -1.3  1.2  -5.55111512313e-17  0.255639819312  1200.0  9.67042162562  -1.08693224014   -1.02703335665
-0.833333333333  0.366666666667  0.466666666667  0.372068220165  0.127931779835  0.5             -1.3  1.2  -2.77555756156e-17  0.25586355967   1210.0  9.59050078574  -1.0861534288    -1.02652303374
-0.833333333333  0.366666666667  0.466666666667  0.371886465996  0.128113534004  0.5             -1.3  1.2  -2.77555756156e-17  0.256227068008  1220.0  9.51189012357  -1.08545054367   -1.02625635862
-0.833333333333  0.366666666667  0.466666666667  0.371803191062  0.128196808938  0.5             -1.3  1.2  0.0                 0.256393617876  1230.0  9.43455768354  -1.0848678338    -1.02587350858
-0.833333333333  0.366666666667  0.466666666667  0.370465910004  0.129534089996  0.5             -1.3  1.2  8.32667268469e-17   0.259068179992  1240.0  9.35847254093  -1.07960338107   -1.0238185304
-0.833333333333  0.366666666667  0.466666666667  0.356800730476  0.143199269524  0.5             -1.3  1.2  -9.99200722163e-16  0.286398539048  1250.0  9.2836047606   -1.02876790891   -1.0057794891
-0.833333333333  0.366666666667  0.466666666667  0.356900325623  0.143099674377  0.5             -1.3  1.2  2.77555756156e-17   0.286199348754  1260.0  9.20992535774  -1.02844818541   -1.00522073725
-0.833333333333  0.366666666667  0.466666666667  0.357116115109  0.142883884891  0.5             -1.3  1.2  0.0                 0.285767769783  1270.0  9.13740626043  -1.02835572205   -1.00461037912
-0.833333333333  0.366666666667  0.466666666667  0.35693715072   0.14306284928   0.5             -1.3  1.2  -2.77555756156e-17  0.286125698561  1280.0  9.06602027402  -1.02820634989   -1.0048905215
-0.833333333333  0.366666666667  0.466666666667  0.357090449132  0.142909550868  0.5             -1.3  1.2  2.77555756156e-17   0.285819101735  1290.0  8.99574104709  -1.02784915628   -1.00416541169
-0.833333333333  0.366666666667  0.466666666667  0.357480320892  0.142519679108  0.5             -1.3  1.2  -5.55111512313e-17  0.285039358217  1300.0  8.92654303904  -1.0279629515    -1.00334351469
-0.833333333333  0.366666666667  0.466666666667  0.357161030567  0.142838969433  0.5             -1.3  1.2  -2.77555756156e-17  0.285677938866  1310.0  8.85840148912  -1.0272030982    -1.00334995818
-0.833333333333  0.366666666667  0.466666666667  0.357746186929  0.142253813071  0.5             -1.3  1.2  2.77555756156e-17   0.284507626143  1320.0  8.79129238693  -1.02753537234   -1.00227785705
-0.833333333333  0.366666666667  0.466666666667  0.357804493331  0.142195506669  0.5             -1.3  1.2  2.77555756156e-17   0.284391013337  1330.0  8.72519244417  -1.02717764396   -1.0017801933
-0.833333333333  0.366666666667  0.466666666667  0.35794579569   0.14205420431   0.5             -1.3  1.2  0.0                 0.28410840862   1340.0  8.66007906772  -1.02716933999   -1.00143276366
-0.833333333333  0.366666666667  0.466666666667  0.358260203899  0.141739796101  0.5             -1.3  1.2  0.0                 0.283479592201  1350.0  8.59593033389  -1.02703684474   -1.00054568871
-0.833333333333  0.366666666667  0.466666666667  0.358248068356  0.141751931644  0.5             -1.3  1.2  -2.77555756156e-17  0.283503863287  1360.0  8.53272496379  -1.02645642737   -0.999994396652
-0.833333333333  0.366666666667  0.466666666667  0.358090445785  0.141909554215  0.5             -1.3  1.2  5.55111512313e-17   0.283819108431  1370.0  8.47044229982  -1.02625610034   -1.00017236379
-0.833333333333  0.366666666667  0.466666666667  0.358583260427  0.141416739573  0.5             -1.3  1.2  -2.77555756156e-17  0.282833479146  1380.0  8.40906228315  -1.02638023936   -0.999113747668
-0.833333333333  0.366666666667  0.466666666667  0.358634871358  0.141365128642  0.5             -1.3  1.2  -5.55111512313e-17  0.282730257285  1390.0  8.34856543219  -1.02604521974   -0.998654861813
-0.833333333333  0.366666666667  0.466666666667  0.358529278183  0.141470721817  0.5             -1.3  1.2  5.55111512313e-17   0.282941443633  1400.0  8.28893282196  -1.02560487781   -0.9984679435
-0.833333333333  0.366666666667  0.466666666667  0.358803792539  0.141196207461  0.5             -1.3  1.2  2.77555756156e-17   0.282392414923  1410.0  8.23014606436  -1.02540947972   -0.997613710958
-0.833333333333  0.366666666667  0.466666666667  0.358727771033  0.141272228967  0.5             -1.3  1.2  -5.55111512313e-17  0.282544457935  1420.0  8.17218728926  -1.0250611634    -0.997447846259
-0.833333333333  0.366666666667  0.466666666667  0.358933935777  0.141066064223  0.5             -1.3  1.2  2.77555756156e-17   0.282132128446  1430.0  8.1150391264   -1.02487982381   -0.996771711276
-0.833333333333  0.366666666667  0.466666666667  0.358958346352  0.141041653648  0.5             -1.3  1.2  8.32667268469e-17   0.282083307295  1440.0  8.05868468802  -1.02478432299   -0.996617625075
-0.833333333333  0.366666666667  0.466666666667  0.358937004535  0.141062995465  0.5             -1.3  1.2  -2.77555756156e-17  0.28212599093   1450.0  8.00310755224  -1.02438060526   -0.996265127711
-0.833333333333  0.366666666667  0.466666666667  0.359191432474  0.140808567526  0.5             -1.3  1.2  -2.77555756156e-17  0.281617135052  1460.0  7.94829174709  -1.02413819467   -0.995412090068
-0.833333333333  0.366666666667  0.466666666667  0.359092116305  0.140907883695  0.5             -1.3  1.2  5.55111512313e-17   0.28181576739   1470.0  7.8942217352   -1.0236410008    -0.995153255001
-0.833333333333  0.366666666667  0.466666666667  0.359221701587  0.140778298413  0.5             -1.3  1.2  -2.77555756156e-17  0.281556596825  1480.0  7.84088239916  -1.0232752852    -0.994476534722
-0.833333333333  0.366666666667  0.466666666667  0.359074819669  0.140925180331  0.5             -1.3  1.2  -5.55111512313e-17  0.281850360663  1490.0  7.78825902735  -1.02307600696   -0.994629773085
-0.833333333333  0.366666666667  0.466666666667  0.35928279777   0.14071720223   0.5             -1.3  1.2  -1.05471187339e-15  0.28143440446   1500.0  7.7363373005   -1.02302471616   -0.994079334849
-0.833333333333  0.366666666667  0.466666666667  0.359268151425  0.140731848575  0.5             -1.3  1.2  -2.77555756156e-17  0.28146369715   1510.0  7.68510327864  -1.02242769943   -0.99351746934
-0.833333333333  0.366666666667  0.466666666667  0.359267732958  0.140732267042  0.5             -1.3  1.2  2.77555756156e-17   0.281464534084  1520.0  7.63454338865  -1.02221563263   -0.993306406866
-0.833333333333  0.366666666667  0.466666666667  0.35936663066   0.140633508829  0.499999860511  -1.3  1.2  2.78978002866e-07   0.281267017658  1530.0  7.58464441225  -1.02202014707   -0.992873538924
-0.833333333333  0.366666666667  0.466666666667  0.359399271086  0.140600728914  0.5             -1.3  1.2  2.77555756156e-17   0.281201457827  1540.0  7.53539347451  -1.0216452654    -0.992420348127
-0.833333333333  0.366666666667  0.466666666667  0.359406664003  0.140593335997  0.5             -1.3  1.2  -2.77555756156e-17  0.281186671993  1550.0  7.48677803274  -1.02104218701   -0.991799526731
-0.833333333333  0.366666666667  0.466666666667  0.359351705337  0.140648294663  0.5             -1.3  1.2  2.77555756156e-17   0.281296589327  1560.0  7.43878586587  -1.02085204507   -0.991741285595
-0.833333333333  0.366666666667  0.466666666667  0.359341104173  0.140658895827  0.5             -1.3  1.2  5.55111512313e-17   0.281317791655  1570.0  7.39140506417  -1.02040058426   -0.991315267582
-0.833333333333  0.366666666667  0.466666666667  0.359241648514  0.140758351486  0.5             -1.3  1.2  -2.77555756156e-17  0.281516702971  1580.0  7.34462401946  -1.02003441202   -0.991187788915
-0.833333333333  0.366666666667  0.466666666667  0.359205381374  0.140795176582  0.499999442044  -1.3  1.2  1.11591201268e-06   0.281590353164  1590.0  7.29843141557  -1.01956644083   -0.990806747274
-0.833333333333  0.366666666667  0.466666666667  0.359206915753  0.140793084247  0.5             -1.3  1.2  -8.32667268469e-17  0.281586168494  1600.0  7.25281621922  -1.01926228323   -0.990499018755
-0.833333333333  0.366666666667  0.466666666667  0.359291725066  0.140708274934  0.5             -1.3  1.2  -8.32667268469e-17  0.281416549868  1610.0  7.20776767127  -1.01894795717   -0.989981150344
-0.833333333333  0.366666666667  0.466666666667  0.359343196508  0.140656803492  0.5             -1.3  1.2  8.32667268469e-17   0.281313606985  1620.0  7.16327527824  -1.01884750788   -0.989757169591
-0.833333333333  0.366666666667  0.466666666667  0.359443768078  0.140556231922  0.5             -1.3  1.2  2.77555756156e-17   0.281112463844  1630.0  7.11932880414  -1.01878672369   -0.989455013633
-0.833333333333  0.366666666667  0.466666666667  0.359244438295  0.140755701194  0.499999860511  -1.3  1.2  2.78978003782e-07   0.281511402389  1640.0  7.07591826265  -1.0180249666    -0.989171620129
-0.833333333333  0.366666666667  0.466666666667  0.359086118278  0.1409141607    0.499999721022  -1.3  1.2  5.57956005814e-07   0.281828321401  1650.0  7.03303390954  -1.01743769539   -0.988964289057
-0.833333333333  0.366666666667  0.466666666667  0.359230907861  0.140769092139  0.5             -1.3  1.2  -5.55111512313e-17  0.281538184277  1660.0  6.99066623539  -1.01729180509   -0.988470959551
-0.833333333333  0.366666666667  0.466666666667  0.35905501223   0.14094498777   0.5             -1.3  1.2  -2.77555756156e-17  0.281889975539  1670.0  6.94880595853  -1.01660582193   -0.988207125913
-0.833333333333  0.366666666667  0.466666666667  0.359119595638  0.140880543851  0.499999860511  -1.3  1.2  2.78978003837e-07   0.281761087702  1680.0  6.9074440183   -1.01653699542   -0.987983271325
-0.833333333333  0.366666666667  0.466666666667  0.359062126169  0.140938710765  0.499999163066  -1.3  1.2  1.6738680185e-06    0.281877421529  1690.0  6.86657156849  -1.01601913876   -0.987603201894
-0.833333333333  0.366666666667  0.466666666667  0.359075517114  0.140924761864  0.499999721022  -1.3  1.2  5.57956006814e-07   0.281849523729  1700.0  6.82617997103  -1.01572797684   -0.987280013305
-0.833333333333  0.366666666667  0.466666666667  0.359031996545  0.140968421922  0.499999581533  -1.3  1.2  8.36934009735e-07   0.281936843844  1710.0  6.78626078991  -1.01544388553   -0.987100343458
-0.833333333333  0.366666666667  0.466666666667  0.359113318633  0.140887518301  0.499999163066  -1.3  1.2  1.67386801952e-06   0.281775036602  1720.0  6.74680578532  -1.01507593425   -0.986537135472
-0.833333333333  0.366666666667  0.466666666667  0.358949419056  0.1410511389    0.499999442044  -1.3  1.2  1.11591201168e-06   0.2821022778    1730.0  6.70780690795  -1.0146741588    -0.986528774811
-0.833333333333  0.366666666667  0.466666666667  0.358920126366  0.141080013123  0.499999860511  -1.3  1.2  2.78978002893e-07   0.282160026246  1740.0  6.66925629353  -1.01430680785   -0.986231810002
-0.833333333333  0.366666666667  0.466666666667  0.358904922065  0.14109577538   0.499999302555  -1.3  1.2  1.39489001563e-06   0.282191550761  1750.0  6.63114625757  -1.01392022644   -0.985881607327
-0.833333333333  0.366666666667  0.466666666667  0.358830434938  0.141169983529  0.499999581533  -1.3  1.2  8.36934009651e-07   0.282339967058  1760.0  6.5934692902   -1.01363851355   -0.985778719338
-0.833333333333  0.366666666667  0.466666666667  0.358679368349  0.141320631651  0.5             -1.3  1.2  -2.77555756156e-17  0.282641263302  1770.0  6.55621805127  -1.01291851886   -0.985421368151
-0.833333333333  0.366666666667  0.466666666667  0.358691922359  0.141308496108  0.499999581533  -1.3  1.2  8.36934009735e-07   0.282616992215  1780.0  6.51938536559  -1.0127046726    -0.985177308578
-0.833333333333  0.366666666667  0.466666666667  0.358735303439  0.141264696561  0.5             -1.3  1.2  -2.77555756156e-17  0.282529393122  1790.0  6.4829642183   -1.01250117575   -0.984869780829
-0.833333333333  0.366666666667  0.466666666667  0.358537229057  0.141462910432  0.499999860511  -1.3  1.2  2.78978003865e-07   0.282925820865  1800.0  6.44694775042  -1.01178080239   -0.984624758092
-0.833333333333  0.366666666667  0.466666666667  0.358394950275  0.14160574717   0.499999302555  -1.3  1.2  1.39489001555e-06   0.28321149434   1810.0  6.41132925456  -1.01109804862   -0.9842833618
-0.833333333333  0.366666666667  0.466666666667  0.358544203507  0.141456075471  0.499999721022  -1.3  1.2  5.5795600587e-07    0.282912150943  1820.0  6.37610217074  -1.01137218854   -0.984199377664
-0.833333333333  0.366666666667  0.466666666667  0.358396763632  0.141603375857  0.499999860511  -1.3  1.2  2.78978003782e-07   0.283206751714  1830.0  6.34126008238  -1.01067147845   -0.983852551164
-0.833333333333  0.366666666667  0.466666666667  0.358362449338  0.141639364019  0.499998186643  -1.3  1.2  3.62671404108e-06   0.283278728039  1840.0  6.30679671236  -1.01037188572   -0.983634977975
-0.833333333333  0.366666666667  0.466666666667  0.358115832783  0.141885004151  0.499999163066  -1.3  1.2  1.67386801858e-06   0.283770008302  1850.0  6.27270591932  -1.00949166352   -0.983346830787
-0.833333333333  0.366666666667  0.466666666667  0.358185856262  0.141814143738  0.5             -1.3  1.2  2.77555756156e-17   0.283628287477  1860.0  6.23898169395  -1.00939770951   -0.983084987816
-0.833333333333  0.366666666667  0.466666666667  0.358109416289  0.141891839112  0.499998744599  -1.3  1.2  2.51080202726e-06   0.283783678225  1870.0  6.20561815548  -1.00922781236   -0.983098295518
-0.833333333333  0.366666666667  0.466666666667  0.358052923243  0.141947495224  0.499999581533  -1.3  1.2  8.36934009762e-07   0.283894990448  1880.0  6.17260954827  -1.00869764325   -0.98270387711
-0.833333333333  0.366666666667  0.466666666667  0.357972996045  0.1420277014    0.499999302555  -1.3  1.2  1.3948900156e-06    0.2840554028    1890.0  6.13995023849  -1.00830972866   -0.982507731994
-0.833333333333  0.366666666667  0.466666666667  0.357854290905  0.14214640654   0.499999302555  -1.3  1.2  1.39489001555e-06   0.28429281308   1900.0  6.10763471092  -1.0077622332    -0.982245128867
-0.833333333333  0.366666666667  0.466666666667  0.357764320499  0.14223581899   0.499999860511  -1.3  1.2  2.78978003865e-07   0.28447163798   1910.0  6.07565756584  -1.00720278203   -0.981901718263
-0.833333333333  0.366666666667  0.466666666667  0.357794450123  0.142207363234  0.499998186643  -1.3  1.2  3.62671404097e-06   0.284414726468  1920.0  6.04401351602  -1.00707686605   -0.98170315641
-0.833333333333  0.366666666667  0.466666666667  0.357768086702  0.142232331765  0.499999581533  -1.3  1.2  8.36934009707e-07   0.28446466353   1930.0  6.01269738381  -1.00683434183   -0.981524183382
-0.833333333333  0.366666666667  0.466666666667  0.35750291811   0.142498755758  0.499998326132  -1.3  1.2  3.34773603816e-06   0.284997511516  1940.0  5.98170409833  -1.00592405059   -0.981250045682
-0.833333333333  0.366666666667  0.466666666667  0.357627760766  0.142373215657  0.499999023577  -1.3  1.2  1.95284602147e-06   0.284746431313  1950.0  5.95102869269  -1.0061434205    -0.981169932708
-0.833333333333  0.366666666667  0.466666666667  0.357613393399  0.142388280469  0.499998326132  -1.3  1.2  3.34773603716e-06   0.284776560938  1960.0  5.9206663014   -1.00583353543   -0.980894389829
-0.833333333333  0.366666666667  0.466666666667  0.357419922154  0.142581891203  0.499998186643  -1.3  1.2  3.62671404008e-06   0.285163782406  1970.0  5.89061215774  -1.00514432521   -0.980669482704
-0.833333333333  0.366666666667  0.466666666667  0.357288941982  0.142712452909  0.49999860511   -1.3  1.2  2.78978003115e-06   0.285424905817  1980.0  5.86086159129  -1.00473395946   -0.980573553061
-0.833333333333  0.366666666667  0.466666666667  0.357254767176  0.14274718567   0.499998047154  -1.3  1.2  3.90569204489e-06   0.28549437134   1990.0  5.8314100255   -1.00437075329   -0.980292254833
-0.833333333333  0.366666666667  0.466666666667  0.357164378303  0.142837016587  0.49999860511   -1.3  1.2  2.78978003118e-06   0.285674033174  2000.0  5.80225297537  -1.00391312238   -0.980051668805
-0.833333333333  0.366666666667  0.466666666667  0.357143036486  0.14285891636   0.499998047154  -1.3  1.2  3.90569204498e-06   0.28571783272   2010.0  5.77338604515  -1.00348809612   -0.979677751315
-0.833333333333  0.366666666667  0.466666666667  0.357072873518  0.14292880035   0.499998326132  -1.3  1.2  3.34773603722e-06   0.2858576007    2020.0  5.74480492611  -1.00324177102   -0.979599873139
-0.833333333333  0.366666666667  0.466666666667  0.356898512266  0.143103022113  0.499998465621  -1.3  1.2  3.06875803421e-06   0.286206044226  2030.0  5.71650539446  -1.0025430365    -0.979319633515
-0.833333333333  0.366666666667  0.466666666667  0.356787757999  0.143213357913  0.499998884088  -1.3  1.2  2.23182402539e-06   0.286426715826  2040.0  5.68848330919  -1.00197843296   -0.979020923912
-0.833333333333  0.366666666667  0.466666666667  0.35668704694   0.143314766417  0.499998186643  -1.3  1.2  3.62671404103e-06   0.286629532835  2050.0  5.66073461012  -1.00170124606   -0.978985304061
-0.833333333333  0.366666666667  0.466666666667  0.356617581417  0.14338562683   0.499996791753  -1.3  1.2  6.41649407229e-06   0.28677125366   2060.0  5.6332553159   -1.00128507208   -0.97873556836
-0.833333333333  0.366666666667  0.466666666667  0.356689976209  0.143313929483  0.499996094308  -1.3  1.2  7.81138408795e-06   0.286627858967  2070.0  5.6060415221   -1.0012551248    -0.978531734094
-0.833333333333  0.366666666667  0.466666666667  0.356560669904  0.143443096299  0.499996233797  -1.3  1.2  7.53240608495e-06   0.286886192597  2080.0  5.5790893994   -1.00077702361   -0.97836399593
-0.833333333333  0.366666666667  0.466666666667  0.356490785915  0.143512282844  0.499996931242  -1.3  1.2  6.13751606937e-06   0.287024565687  2090.0  5.55239519175  -1.00042616709   -0.978181000477
-0.833333333333  0.366666666667  0.466666666667  0.356515614957  0.143487314312  0.499997070731  -1.3  1.2  5.85853806651e-06   0.286974628624  2100.0  5.52595521464  -1.00026115816   -0.977956429738
-0.833333333333  0.366666666667  0.466666666667  0.356260350084  0.143742858163  0.499996791753  -1.3  1.2  6.41649407226e-06   0.287485716326  2110.0  5.49976585344  -0.999287552872  -0.977595404354
-0.833333333333  0.366666666667  0.466666666667  0.356255746947  0.143750948525  0.499993304528  -1.3  1.2  1.33909441504e-05   0.28750189705   2120.0  5.47382356168  -0.999227950776  -0.977546152342
-0.833333333333  0.366666666667  0.466666666667  0.356016104842  0.143988498295  0.499995396863  -1.3  1.2  9.20627410353e-06   0.28797699659   2130.0  5.44812485951  -0.998475214725  -0.977368975809
-0.833333333333  0.366666666667  0.466666666667  0.356084733431  0.143920148684  0.499995117885  -1.3  1.2  9.76423010937e-06   0.287840297368  2140.0  5.42266633213  -0.998511733396  -0.977240730071
-0.833333333333  0.366666666667  0.466666666667  0.355937154067  0.144067728048  0.499995117885  -1.3  1.2  9.7642301104e-06    0.288135456096  2150.0  5.39744462826  -0.99791405224   -0.976997239388
-0.833333333333  0.366666666667  0.466666666667  0.355790830105  0.144215307411  0.499993862484  -1.3  1.2  1.22750321387e-05   0.288430614823  2160.0  5.37245645868  -0.997343207503  -0.976777321081
-0.833333333333  0.366666666667  0.466666666667  0.355671567008  0.144332338684  0.499996094308  -1.3  1.2  7.81138408795e-06   0.288664677368  2170.0  5.34769859482  -0.996884525441  -0.976605316816
-0.833333333333  0.366666666667  0.466666666667  0.355694164227  0.1443105784    0.499995257374  -1.3  1.2  9.48525210728e-06   0.288621156799  2180.0  5.32316786732  -0.996671036192  -0.976337426856
-0.833333333333  0.366666666667  0.466666666667  0.355509480788  0.144497214684  0.499993304528  -1.3  1.2  1.33909441504e-05   0.288994429367  2190.0  5.29886116473  -0.996065005559  -0.976174245904
-0.833333333333  0.366666666667  0.466666666667  0.355501669404  0.14450474709   0.499993583506  -1.3  1.2  1.28329881446e-05   0.289009494179  2200.0  5.27477543216  -0.995843645973  -0.975971689436
-0.833333333333  0.366666666667  0.466666666667  0.355397052653  0.14460810844   0.499994838907  -1.3  1.2  1.03221861172e-05   0.28921621688   2210.0  5.25090767002  -0.995565179335  -0.975944554081
-0.833333333333  0.366666666667  0.466666666667  0.355442386579  0.144563890426  0.499993722995  -1.3  1.2  1.25540101407e-05   0.289127780853  2220.0  5.22725493277  -0.995452289451  -0.975722639594
-0.833333333333  0.366666666667  0.466666666667  0.355119330051  0.144888202355  0.499992467594  -1.3  1.2  1.50648121699e-05   0.28977640471   2230.0  5.20381432769  -0.994386098541  -0.97543153327
-0.833333333333  0.366666666667  0.466666666667  0.355038147452  0.14496994291   0.499991909638  -1.3  1.2  1.61807241816e-05   0.28993988582   2240.0  5.18058301373  -0.99408591399   -0.975326075365
-0.833333333333  0.366666666667  0.466666666667  0.355079715175  0.14492935161   0.499990933215  -1.3  1.2  1.8133570205e-05    0.289858703221  2250.0  5.15755820033  -0.994049102969  -0.975189306525
-0.833333333333  0.366666666667  0.466666666667  0.354943155442  0.1450677247    0.499989119858  -1.3  1.2  2.17602842452e-05   0.2901354494    2260.0  5.13473714635  -0.993424773583  -0.974892357826
-0.833333333333  0.366666666667  0.466666666667  0.35467798685   0.145329545556  0.499992467594  -1.3  1.2  1.506481217e-05     0.290659091112  2270.0  5.11211715892  -0.992709408665  -0.974814067076
-0.833333333333  0.366666666667  0.466666666667  0.354676034004  0.14533177738   0.499992188616  -1.3  1.2  1.56227681768e-05   0.29066355476   2280.0  5.08969559243  -0.99235467988   -0.974463969326
-0.833333333333  0.366666666667  0.466666666667  0.354758611493  0.145254500473  0.499986888034  -1.3  1.2  2.6223932295e-05    0.290509000946  2290.0  5.06746984749  -0.992484249879  -0.974394293235
-0.833333333333  0.366666666667  0.466666666667  0.35444043708   0.145568769194  0.499990793726  -1.3  1.2  1.84125482071e-05   0.291137538387  2300.0  5.04543736989  -0.99159398665   -0.974268429734
-0.833333333333  0.366666666667  0.466666666667  0.354405425341  0.145604617867  0.499989956792  -1.3  1.2  2.00864162266e-05   0.291209235734  2310.0  5.02359564968  -0.991373419058  -0.97413172293
-0.833333333333  0.366666666667  0.466666666667  0.354477401666  0.145538360591  0.499984237743  -1.3  1.2  3.15245143544e-05   0.291076721183  2320.0  5.00194222015  -0.99134183066   -0.973926247543
-0.833333333333  0.366666666667  0.466666666667  0.35428128013   0.145728344611  0.499990375259  -1.3  1.2  1.92494822167e-05   0.291456689223  2330.0  4.98047465697  -0.990701824925  -0.973758160998
-0.833333333333  0.366666666667  0.466666666667  0.354168573016  0.145840075302  0.499991351682  -1.3  1.2  1.72966361944e-05   0.291680150603  2340.0  4.95919057724  -0.990235562823  -0.973562591253
-0.833333333333  0.366666666667  0.466666666667  0.354069675314  0.145941065339  0.499989259347  -1.3  1.2  2.14813062422e-05   0.291882130678  2350.0  4.93808763862  -0.9898309234    -0.973394887848
-0.833333333333  0.366666666667  0.466666666667  0.354075533852  0.145939809938  0.49998465621   -1.3  1.2  3.06875803458e-05   0.291879619876  2360.0  4.91716353845  -0.989666404685  -0.973215388014
-0.833333333333  0.366666666667  0.466666666667  0.353929349379  0.146078880472  0.499991770149  -1.3  1.2  1.64597021856e-05   0.292157760945  2370.0  4.89641601298  -0.989173763999  -0.973075012853
-0.833333333333  0.366666666667  0.466666666667  0.353894477128  0.146120169217  0.499985353655  -1.3  1.2  2.92926903301e-05   0.292240338434  2380.0  4.87584283645  -0.989034721996  -0.973018380952
-0.833333333333  0.366666666667  0.466666666667  0.353540035575  0.146473913325  0.4999860511    -1.3  1.2  2.78978003143e-05   0.29294782665   2390.0  4.8554418204   -0.987808004769  -0.972642462941
-0.833333333333  0.366666666667  0.466666666667  0.353538919663  0.146472657924  0.499988422413  -1.3  1.2  2.31551742617e-05   0.292945315848  2400.0  4.83521081281  -0.987702078113  -0.972539688737
