#mu0  mu1   mu2  x0              x1                 x2              mua   mub   xa                 xb                 T       b              u               phi
0.2   -1.1  0.9  0.5             0.0                0.5             -0.7  -1.3  0.0                0.0                30.0    386.816865025  -1.31774118     -2.41774118
0.2   -1.1  0.9  0.5             0.0                0.5             -0.7  -1.3  0.0                0.0                40.0    290.112648769  -1.31774118     -2.41774118
0.2   -1.1  0.9  0.5             0.0                0.5             -0.7  -1.3  0.0                0.0                50.0    232.090119015  -1.31774118     -2.41774118
0.2   -1.1  0.9  0.5             0.0                0.5             -0.7  -1.3  0.0                0.0                60.0    193.408432513  -1.31774118     -2.41774118
0.2   -1.1  0.9  0.5             0.0                0.5             -0.7  -1.3  0.0                0.0                70.0    165.778656439  -1.31774118     -2.41774118
0.2   -1.1  0.9  0.5             0.0                0.5             -0.7  -1.3  0.0                0.0                80.0    145.056324384  -1.31774118     -2.41774118
0.2   -1.1  0.9  0.5             0.0                0.5             -0.7  -1.3  0.0                0.0                90.0    128.938955008  -1.31774118     -2.41774118
0.2   -1.1  0.9  0.5             0.0                0.5             -0.7  -1.3  0.0                0.0                100.0   116.045059507  -1.31774118     -2.41774118
0.2   -1.1  0.9  0.5             0.0                0.5             -0.7  -1.3  0.0                0.0                110.0   105.495508643  -1.31774118     -2.41774118
0.2   -1.1  0.9  0.5             0.0                0.5             -0.7  -1.3  0.0                0.0                120.0   96.7042162563  -1.31774118     -2.41774118
0.2   -1.1  0.9  0.5             0.0                0.5             -0.7  -1.3  0.0                0.0                130.0   89.2654303904  -1.31774118     -2.41774118
0.2   -1.1  0.9  0.5             0.0                0.5             -0.7  -1.3  0.0                0.0                140.0   82.8893282196  -1.31774118     -2.41774118
0.2   -1.1  0.9  0.5             0.0                0.5             -0.7  -1.3  0.0                0.0                150.0   77.363373005   -1.31774118     -2.41774118
0.2   -1.1  0.9  0.5             0.0                0.5             -0.7  -1.3  0.0                0.0                160.0   72.5281621922  -1.31774118     -2.41774118
0.2   -1.1  0.9  0.5             0.0                0.5             -0.7  -1.3  0.0                0.0                170.0   68.2617997103  -1.31774118     -2.41774118
0.2   -1.1  0.9  0.5             0.0                0.5             -0.7  -1.3  0.0                0.0                180.0   64.4694775042  -1.31774118     -2.41774118
0.2   -1.1  0.9  0.5             0.0                0.5             -0.7  -1.3  0.0                0.0                190.0   61.0763471092  -1.31774118     -2.41774118
0.2   -1.1  0.9  0.5             0.0                0.5             -0.7  -1.3  0.0                0.0                200.0   58.0225297537  -1.31774118     -2.41774118
0.2   -1.1  0.9  0.5             0.0                0.5             -0.7  -1.3  0.0                0.0                210.0   55.2595521464  -1.31774118     -2.41774118
0.2   -1.1  0.9  0.5             0.0                0.5             -0.7  -1.3  0.0                0.0                220.0   52.7477543216  -1.31774118     -2.41774118
0.2   -1.1  0.9  0.5             0.0                0.5             -0.7  -1.3  0.0                0.0                230.0   50.4543736989  -1.31774118     -2.41774118
0.2   -1.1  0.9  0.5             0.0                0.5             -0.7  -1.3  0.0                0.0                240.0   48.3521081281  -1.31774118     -2.41774118
0.2   -1.1  0.9  0.5             0.0                0.5             -0.7  -1.3  0.0                0.0                250.0   46.418023803   -1.31774118     -2.41774118
0.2   -1.1  0.9  0.5             0.0                0.5             -0.7  -1.3  0.0                0.0                260.0   44.6327151952  -1.31774118     -2.41774118
0.2   -1.1  0.9  0.5             0.0                0.5             -0.7  -1.3  0.0                0.0                270.0   42.9796516694  -1.31774118     -2.41774118
0.2   -1.1  0.9  0.5             0.0                0.5             -0.7  -1.3  0.0                0.0                280.0   41.4446641098  -1.31774118     -2.41774118
0.2   -1.1  0.9  0.5             0.0                0.5             -0.7  -1.3  0.0                0.0                290.0   40.0155377612  -1.31774118     -2.41774118
0.2   -1.1  0.9  0.5             0.0                0.5             -0.7  -1.3  0.0                0.0                300.0   38.6816865025  -1.31774118     -2.41774118
0.2   -1.1  0.9  0.5             0.0                0.5             -0.7  -1.3  0.0                0.0                310.0   37.4338901637  -1.31774118     -2.41774118
0.2   -1.1  0.9  0.5             0.0                0.5             -0.7  -1.3  0.0                0.0                320.0   36.2640810961  -1.31774118     -2.41774118
0.2   -1.1  0.9  0.5             0.0                0.5             -0.7  -1.3  0.0                0.0                330.0   35.1651695477  -1.31774118     -2.41774118
0.2   -1.1  0.9  0.5             0.0                0.5             -0.7  -1.3  0.0                0.0                340.0   34.1308998551  -1.31774118     -2.41774118
0.2   -1.1  0.9  0.5             0.0                0.5             -0.7  -1.3  0.0                0.0                350.0   33.1557312879  -1.31774118     -2.41774118
0.2   -1.1  0.9  0.5             0.0                0.5             -0.7  -1.3  0.0                0.0                360.0   32.2347387521  -1.31774118     -2.41774118
0.2   -1.1  0.9  0.5             0.0                0.5             -0.7  -1.3  0.0                0.0                370.0   31.3635295966  -1.31774118     -2.41774118
0.2   -1.1  0.9  0.5             0.0                0.5             -0.7  -1.3  0.0                0.0                380.0   30.5381735546  -1.31774118     -2.41774118
0.2   -1.1  0.9  0.5             0.0                0.5             -0.7  -1.3  0.0                0.0                390.0   29.7551434635  -1.31774118     -2.41774118
0.2   -1.1  0.9  0.5             0.0                0.5             -0.7  -1.3  0.0                0.0                400.0   29.0112648769  -1.31774118     -2.41774118
0.2   -1.1  0.9  0.5             0.0                0.5             -0.7  -1.3  0.0                0.0                410.0   28.3036730506  -1.31774118     -2.41774118
0.2   -1.1  0.9  0.5             0.0                0.5             -0.7  -1.3  0.0                0.0                420.0   27.6297760732  -1.31774118     -2.41774118
0.2   -1.1  0.9  0.5             0.0                0.5             -0.7  -1.3  0.0                0.0                430.0   26.9872231413  -1.31774118     -2.41774118
0.2   -1.1  0.9  0.5             0.0                0.5             -0.7  -1.3  0.0                0.0                440.0   26.3738771608  -1.31774118     -2.41774118
0.2   -1.1  0.9  0.5             0.0                0.5             -0.7  -1.3  0.0                0.0                450.0   25.7877910017  -1.31774118     -2.41774118
0.2   -1.1  0.9  0.5             0.0                0.5             -0.7  -1.3  0.0                0.0                460.0   25.2271868495  -1.31774118     -2.41774118
0.2   -1.1  0.9  0.5             0.0                0.5             -0.7  -1.3  0.0                0.0                470.0   24.6904381931  -1.31774118     -2.41774118
0.2   -1.1  0.9  0.5             0.0                0.5             -0.7  -1.3  0.0                0.0                480.0   24.1760540641  -1.31774118     -2.41774118
0.2   -1.1  0.9  0.5             0.0                0.5             -0.7  -1.3  0.0                0.0                490.0   23.6826652056  -1.31774118     -2.41774118
0.2   -1.1  0.9  0.5             0.0                0.5             -0.7  -1.3  0.0                0.0                500.0   23.2090119015  -1.31774118     -2.41774118
0.2   -1.1  0.9  0.5             0.0                0.5             -0.7  -1.3  0.0                0.0                510.0   22.7539332368  -1.31774118     -2.41774118
0.2   -1.1  0.9  0.5             0.0                0.5             -0.7  -1.3  0.0                0.0                520.0   22.3163575976  -1.31774118     -2.41774118
0.2   -1.1  0.9  0.5             0.0                0.5             -0.7  -1.3  0.0                0.0                530.0   21.8952942467  -1.31774118     -2.41774118
0.2   -1.1  0.9  0.5             0.0                0.5             -0.7  -1.3  0.0                0.0                540.0   21.4898258347  -1.31774118     -2.41774118
0.2   -1.1  0.9  0.5             0.0                0.5             -0.7  -1.3  0.0                0.0                550.0   21.0991017286  -1.31774118     -2.41774118
0.2   -1.1  0.9  0.5             0.0                0.5             -0.7  -1.3  0.0                0.0                560.0   20.7223320549  -1.31774118     -2.41774118
0.2   -1.1  0.9  0.5             0.0                0.5             -0.7  -1.3  0.0                0.0                570.0   20.3587823697  -1.31774118     -2.41774118
0.2   -1.1  0.9  0.5             0.0                0.5             -0.7  -1.3  0.0                0.0                580.0   20.0077688806  -1.31774118     -2.41774118
0.2   -1.1  0.9  0.5             0.0                0.5             -0.7  -1.3  0.0                0.0                590.0   19.6686541538  -1.31774118     -2.41774118
0.2   -1.1  0.9  0.5             0.0                0.5             -0.7  -1.3  0.0                0.0                600.0   19.3408432512  -1.31774118     -2.41774118
0.2   -1.1  0.9  0.5             0.0                0.5             -0.7  -1.3  0.0                0.0                610.0   19.0237802471  -1.31774118     -2.41774118
0.2   -1.1  0.9  0.5             0.0                0.5             -0.7  -1.3  0.0                0.0                620.0   18.7169450819  -1.31774118     -2.41774118
0.2   -1.1  0.9  0.5             0.0                0.5             -0.7  -1.3  0.0                0.0                630.0   18.4198507155  -1.31774118     -2.41774118
0.2   -1.1  0.9  0.5             0.0                0.5             -0.7  -1.3  0.0                0.0                640.0   18.132040548   -1.31774118     -2.41774118
0.2   -1.1  0.9  0.5             0.0                0.5             -0.7  -1.3  0.0                0.0                650.0   17.8530860781  -1.31774118     -2.41774118
0.2   -1.1  0.9  0.5             0.0                0.5             -0.7  -1.3  0.0                0.0                660.0   17.5825847739  -1.31774118     -2.41774118
0.2   -1.1  0.9  0.5             0.0                0.5             -0.7  -1.3  0.0                0.0                670.0   17.3201581354  -1.31774118     -2.41774118
0.2   -1.1  0.9  0.5             0.0                0.5             -0.7  -1.3  0.0                0.0                680.0   17.0654499276  -1.31774118     -2.41774118
0.2   -1.1  0.9  0.5             0.0                0.5             -0.7  -1.3  0.0                0.0                690.0   16.8181245663  -1.31774118     -2.41774118
0.2   -1.1  0.9  0.5             0.0                0.5             -0.7  -1.3  0.0                0.0                700.0   16.5778656439  -1.31774118     -2.41774118
0.2   -1.1  0.9  0.5             0.0                0.5             -0.7  -1.3  0.0                0.0                710.0   16.3443745785  -1.31774118     -2.41774118
0.2   -1.1  0.9  0.5             0.0                0.5             -0.7  -1.3  0.0                0.0                720.0   16.117369376   -1.31774118     -2.41774118
0.2   -1.1  0.9  0.5             0.0                0.5             -0.7  -1.3  0.0                0.0                730.0   15.8965834942  -1.31774118     -2.41774118
0.2   -1.1  0.9  0.5             0.0                0.5             -0.7  -1.3  0.0                0.0                740.0   15.6817647983  -1.31774118     -2.41774118
0.2   -1.1  0.9  0.5             0.0                0.5             -0.7  -1.3  0.0                0.0                750.0   15.472674601   -1.31774118     -2.41774118
0.2   -1.1  0.9  0.5             0.0                0.5             -0.7  -1.3  0.0                0.0                760.0   15.2690867773  -1.31774118     -2.41774118
0.2   -1.1  0.9  0.5             0.0                0.5             -0.7  -1.3  0.0                0.0                770.0   15.070786949   -1.31774118     -2.41774118
0.2   -1.1  0.9  0.5             0.0                0.5             -0.7  -1.3  0.0                0.0                780.0   14.8775717317  -1.31774118     -2.41774118
0.2   -1.1  0.9  0.5             0.0                0.5             -0.7  -1.3  0.0                0.0                790.0   14.6892480389  -1.31774118     -2.41774118
0.2   -1.1  0.9  0.5             0.0                0.5             -0.7  -1.3  0.0                0.0                800.0   14.5056324384  -1.31774118     -2.41774118
0.2   -1.1  0.9  0.5             0.0                0.5             -0.7  -1.3  0.0                0.0                810.0   14.3265505565  -1.31774118     -2.41774118
0.2   -1.1  0.9  0.5             0.0                0.5             -0.7  -1.3  0.0                0.0                820.0   14.1518365253  -1.31774118     -2.41774118
0.2   -1.1  0.9  0.5             0.0                0.5             -0.7  -1.3  0.0                0.0                830.0   13.9813324708  -1.31774118     -2.41774118
0.2   -1.1  0.9  0.5             0.0                0.5             -0.7  -1.3  0.0                0.0                840.0   13.8148880366  -1.31774118     -2.41774118
0.2   -1.1  0.9  0.5             0.0                0.5             -0.7  -1.3  0.0                0.0                850.0   13.6523599421  -1.31774118     -2.41774118
0.2   -1.1  0.9  0.5             0.0                0.5             -0.7  -1.3  0.0                0.0                860.0   13.4936115706  -1.31774118     -2.41774118
0.2   -1.1  0.9  0.5             0.0                0.5             -0.7  -1.3  0.0                0.0                870.0   13.3385125871  -1.31774118     -2.41774118
0.2   -1.1  0.9  0.5             0.0                0.5             -0.7  -1.3  0.0                0.0                880.0   13.1869385804  -1.31774118     -2.41774118
0.2   -1.1  0.9  0.5             0.0                0.5             -0.7  -1.3  0.0                0.0                890.0   13.0387707312  -1.31774118     -2.41774118
0.2   -1.1  0.9  0.5             0.0                0.5             -0.7  -1.3  0.0                0.0                900.0   12.8938955008  -1.31774118     -2.41774118
0.2   -1.1  0.9  0.5             0.0                0.5             -0.7  -1.3  0.0                0.0                910.0   12.7522043415  -1.31774118     -2.41774118
0.2   -1.1  0.9  0.5             0.0                0.5             -0.7  -1.3  0.0                0.0                920.0   12.6135934247  -1.31774118     -2.41774118
0.2   -1.1  0.9  0.5             0.0                0.5             -0.7  -1.3  0.0                0.0                930.0   12.4779633879  -1.31774118     -2.41774118
0.2   -1.1  0.9  0.5             0.0                0.5             -0.7  -1.3  0.0                0.0                940.0   12.3452190965  -1.31774118     -2.41774118
0.2   -1.1  0.9  0.5             0.0                0.5             -0.7  -1.3  0.0                0.0                950.0   12.2152694218  -1.31774118     -2.41774118
0.2   -1.1  0.9  0.5             0.0                0.5             -0.7  -1.3  0.0                0.0                960.0   12.088027032   -1.31774118     -2.41774118
0.2   -1.1  0.9  0.5             0.0                0.5             -0.7  -1.3  0.0                0.0                970.0   11.9634081967  -1.31774118     -2.41774118
0.2   -1.1  0.9  0.5             0.0                0.5             -0.7  -1.3  0.0                0.0                980.0   11.8413326028  -1.31774118     -2.41774118
0.2   -1.1  0.9  0.5             0.0                0.5             -0.7  -1.3  0.0                0.0                990.0   11.7217231826  -1.31774118     -2.41774118
0.2   -1.1  0.9  0.5             0.0                0.5             -0.7  -1.3  0.0                0.0                1000.0  11.6045059507  -1.31774118     -2.41774118
0.2   -1.1  0.9  0.5             0.0                0.5             -0.7  -1.3  0.0                0.0                1010.0  11.4896098522  -1.31774118     -2.41774118
0.2   -1.1  0.9  0.5             0.0                0.5             -0.7  -1.3  0.0                0.0                1020.0  11.3769666184  -1.31774118     -2.41774118
0.2   -1.1  0.9  0.5             0.0                0.5             -0.7  -1.3  0.0                0.0                1030.0  11.2665106318  -1.31774118     -2.41774118
0.2   -1.1  0.9  0.5             0.0                0.5             -0.7  -1.3  0.0                0.0                1040.0  11.1581787988  -1.31774118     -2.41774118
0.2   -1.1  0.9  0.5             0.0                0.5             -0.7  -1.3  0.0                0.0                1050.0  11.0519104293  -1.31774118     -2.41774118
0.2   -1.1  0.9  0.5             0.0                0.5             -0.7  -1.3  0.0                0.0                1060.0  10.9476471233  -1.31774118     -2.41774118
0.2   -1.1  0.9  0.5             0.0                0.5             -0.7  -1.3  0.0                0.0                1070.0  10.8453326643  -1.31774118     -2.41774118
0.2   -1.1  0.9  0.5             0.0                0.5             -0.7  -1.3  0.0                0.0                1080.0  10.7449129174  -1.31774118     -2.41774118
0.2   -1.1  0.9  0.5             0.0                0.5             -0.7  -1.3  0.0                0.0                1090.0  10.6463357346  -1.31774118     -2.41774118
0.2   -1.1  0.9  0.5             0.0                0.5             -0.7  -1.3  0.0                0.0                1100.0  10.5495508643  -1.31774118     -2.41774118
0.2   -1.1  0.9  0.5             0.0                0.5             -0.7  -1.3  0.0                0.0                1110.0  10.4545098655  -1.31774118     -2.41774118
0.2   -1.1  0.9  0.5             0.0                0.5             -0.7  -1.3  0.0                0.0                1120.0  10.3611660275  -1.31774118     -2.41774118
0.2   -1.1  0.9  0.5             0.0                0.5             -0.7  -1.3  0.0                0.0                1130.0  10.2694742927  -1.31774118     -2.41774118
0.2   -1.1  0.9  0.5             0.0                0.5             -0.7  -1.3  0.0                0.0                1140.0  10.1793911849  -1.31774118     -2.41774118
0.2   -1.1  0.9  0.5             0.0                0.5             -0.7  -1.3  0.0                0.0                1150.0  10.0908747398  -1.31774118     -2.41774118
0.2   -1.1  0.9  0.5             0.0                0.5             -0.7  -1.3  0.0                0.0                1160.0  10.0038844403  -1.31774118     -2.41774118
0.2   -1.1  0.9  0.5             0.0                0.5             -0.7  -1.3  0.0                0.0                1170.0  9.91838115449  -1.31774118     -2.41774118
0.2   -1.1  0.9  0.5             0.0                0.5             -0.7  -1.3  0.0                0.0                1180.0  9.83432707691  -1.31774118     -2.41774118
0.2   -1.1  0.9  0.5             0.0                0.5             -0.7  -1.3  0.0                0.0                1190.0  9.7516856729   -1.31774118     -2.41774118
0.2   -1.1  0.9  0.5             0.0                0.5             -0.7  -1.3  0.0                0.0                1200.0  9.67042162562  -1.31774118     -2.41774118
0.2   -1.1  0.9  0.5             0.0                0.5             -0.7  -1.3  0.0                0.0                1210.0  9.59050078574  -1.31774118     -2.41774118
0.2   -1.1  0.9  0.500000697445  0.0                0.499999302555  -0.7  -1.3  1.39489001572e-06  0.0                1220.0  9.51189012357  -1.31773977792  -2.41773880149
0.2   -1.1  0.9  0.500000278978  0.0                0.499999721022  -0.7  -1.3  5.57956005842e-07  0.0                1230.0  9.43455768354  -1.31774061917  -2.4177402286
0.2   -1.1  0.9  0.5             0.0                0.5             -0.7  -1.3  0.0                0.0                1240.0  9.35847254093  -1.31774118     -2.41774118
0.2   -1.1  0.9  0.5             0.0                0.5             -0.7  -1.3  0.0                0.0                1250.0  9.2836047606   -1.31774118     -2.41774118
0.2   -1.1  0.9  0.500000418467  0.0                0.499999581533  -0.7  -1.3  8.36934009874e-07  0.0                1260.0  9.20992535774  -1.31774033875  -2.4177397529
0.2   -1.1  0.9  0.5             0.0                0.5             -0.7  -1.3  0.0                0.0                1270.0  9.13740626043  -1.31774118     -2.41774118
0.2   -1.1  0.9  0.500000278978  0.0                0.499999721022  -0.7  -1.3  5.57956005842e-07  0.0                1280.0  9.06602027402  -1.31774061917  -2.4177402286
0.2   -1.1  0.9  0.500000139489  0.0                0.499999860511  -0.7  -1.3  2.78978003809e-07  0.0                1290.0  8.99574104709  -1.31774089958  -2.4177407043
0.2   -1.1  0.9  0.5             0.0                0.5             -0.7  -1.3  0.0                0.0                1300.0  8.92654303904  -1.31774118     -2.41774118
0.2   -1.1  0.9  0.500000139489  0.0                0.499999860511  -0.7  -1.3  2.78978003809e-07  0.0                1310.0  8.85840148912  -1.31774089958  -2.4177407043
0.2   -1.1  0.9  0.5             0.0                0.5             -0.7  -1.3  0.0                0.0                1320.0  8.79129238693  -1.31774118     -2.41774118
0.2   -1.1  0.9  0.5             0.0                0.5             -0.7  -1.3  0.0                0.0                1330.0  8.72519244417  -1.31774118     -2.41774118
0.2   -1.1  0.9  0.500000278978  0.0                0.499999721022  -0.7  -1.3  5.57956005842e-07  0.0                1340.0  8.66007906772  -1.31774061917  -2.4177402286
0.2   -1.1  0.9  0.500000139489  0.0                0.499999860511  -0.7  -1.3  2.78978003809e-07  0.0                1350.0  8.59593033389  -1.31774089958  -2.4177407043
0.2   -1.1  0.9  0.500000557956  0.0                0.499999442044  -0.7  -1.3  1.11591201168e-06  0.0                1360.0  8.53272496379  -1.31774005833  -2.41773927719
0.2   -1.1  0.9  0.5             0.0                0.5             -0.7  -1.3  0.0                0.0                1370.0  8.47044229982  -1.31774118     -2.41774118
0.2   -1.1  0.9  0.500000278978  0.0                0.499999721022  -0.7  -1.3  5.57956005842e-07  0.0                1380.0  8.40906228315  -1.31774061917  -2.4177402286
0.2   -1.1  0.9  0.500000418467  0.0                0.499999581533  -0.7  -1.3  8.36934009874e-07  0.0                1390.0  8.34856543219  -1.31774033875  -2.4177397529
0.2   -1.1  0.9  0.500000139489  0.0                0.499999860511  -0.7  -1.3  2.78978003809e-07  0.0                1400.0  8.28893282196  -1.31774089958  -2.4177407043
0.2   -1.1  0.9  0.500000278978  0.0                0.499999721022  -0.7  -1.3  5.57956005842e-07  0.0                1410.0  8.23014606436  -1.31774061917  -2.4177402286
0.2   -1.1  0.9  0.500000278978  0.0                0.499999721022  -0.7  -1.3  5.57956005842e-07  0.0                1420.0  8.17218728926  -1.31774061917  -2.4177402286
0.2   -1.1  0.9  0.500000557956  0.0                0.499999442044  -0.7  -1.3  1.11591201168e-06  0.0                1430.0  8.1150391264   -1.31774005833  -2.41773927719
0.2   -1.1  0.9  0.500000418467  0.0                0.499999581533  -0.7  -1.3  8.36934009874e-07  0.0                1440.0  8.05868468802  -1.31774033875  -2.4177397529
0.2   -1.1  0.9  0.500000278978  0.0                0.499999721022  -0.7  -1.3  5.57956005842e-07  0.0                1450.0  8.00310755224  -1.31774061917  -2.4177402286
0.2   -1.1  0.9  0.500000697445  0.0                0.499999302555  -0.7  -1.3  1.39489001572e-06  0.0                1460.0  7.94829174709  -1.31773977792  -2.41773880149
0.2   -1.1  0.9  0.500000557956  0.0                0.499999442044  -0.7  -1.3  1.11591201168e-06  0.0                1470.0  7.8942217352   -1.31774005833  -2.41773927719
0.2   -1.1  0.9  0.500000697445  0.0                0.499999302555  -0.7  -1.3  1.39489001572e-06  0.0                1480.0  7.84088239916  -1.31773977792  -2.41773880149
0.2   -1.1  0.9  0.500001255401  0.0                0.499998744599  -0.7  -1.3  2.5108020274e-06   0.0                1490.0  7.78825902735  -1.31773865625  -2.41773689869
0.2   -1.1  0.9  0.500001115912  0.0                0.499998884088  -0.7  -1.3  2.23182402526e-06  0.0                1500.0  7.7363373005   -1.31773893667  -2.41773737439
0.2   -1.1  0.9  0.500001534379  0.0                0.499998465621  -0.7  -1.3  3.06875803524e-06  0.0                1510.0  7.68510327864  -1.31773809542  -2.41773594729
0.2   -1.1  0.9  0.500000976423  0.0                0.499999023577  -0.7  -1.3  1.95284602156e-06  0.0                1520.0  7.63454338865  -1.31773921708  -2.41773785009
0.2   -1.1  0.9  0.500000976423  0.0                0.499999023577  -0.7  -1.3  1.95284602156e-06  0.0                1530.0  7.58464441225  -1.31773921708  -2.41773785009
0.2   -1.1  0.9  0.500001255401  0.0                0.499998744599  -0.7  -1.3  2.5108020274e-06   0.0                1540.0  7.53539347451  -1.31773865625  -2.41773689869
0.2   -1.1  0.9  0.500000557956  0.0                0.499999442044  -0.7  -1.3  1.11591201168e-06  0.0                1550.0  7.48677803274  -1.31774005833  -2.41773927719
0.2   -1.1  0.9  0.500002092335  0.0                0.499997907665  -0.7  -1.3  4.18467004693e-06  0.0                1560.0  7.43878586587  -1.31773697375  -2.41773404448
0.2   -1.1  0.9  0.500001813357  0.0                0.499998186643  -0.7  -1.3  3.62671404108e-06  0.0                1570.0  7.39140506417  -1.31773753458  -2.41773499588
0.2   -1.1  0.9  0.500001673868  0.0                0.499998326132  -0.7  -1.3  3.34773603705e-06  0.0                1580.0  7.34462401946  -1.317737815    -2.41773547158
0.2   -1.1  0.9  0.500002650291  0.0                0.499997349709  -0.7  -1.3  5.30058206039e-06  0.0                1590.0  7.29843141557  -1.31773585208  -2.41773214168
0.2   -1.1  0.9  0.50000278978   1.39489001953e-07  0.499997070731  -0.7  -1.3  5.85853806639e-06  2.78978003906e-07  1600.0  7.25281621922  -1.31773499575  -2.4177305321
0.2   -1.1  0.9  0.500003905692  0.0                0.499996094308  -0.7  -1.3  7.81138408801e-06  0.0                1610.0  7.20776767127  -1.31773332833  -2.41772786036
0.2   -1.1  0.9  0.500003208247  0.0                0.499996791753  -0.7  -1.3  6.41649407218e-06  0.0                1620.0  7.16327527824  -1.31773473042  -2.41773023887
0.2   -1.1  0.9  0.500003626714  0.0                0.499996373286  -0.7  -1.3  7.25342808217e-06  0.0                1630.0  7.11932880414  -1.31773388917  -2.41772881177
0.2   -1.1  0.9  0.50000139489   0.0                0.49999860511   -0.7  -1.3  2.7897800311e-06   0.0                1640.0  7.07591826265  -1.31773837583  -2.41773642299
0.2   -1.1  0.9  0.500004324159  0.0                0.499995675841  -0.7  -1.3  8.64831809766e-06  0.0                1650.0  7.03303390954  -1.31773248708  -2.41772643326
0.2   -1.1  0.9  0.50000418467   0.0                0.49999581533   -0.7  -1.3  8.36934009385e-06  0.0                1660.0  6.99066623539  -1.3177327675   -2.41772690896
0.2   -1.1  0.9  0.500001534379  0.0                0.499998465621  -0.7  -1.3  3.06875803524e-06  0.0                1670.0  6.94880595853  -1.31773809542  -2.41773594729
0.2   -1.1  0.9  0.50000418467   0.0                0.49999581533   -0.7  -1.3  8.36934009385e-06  0.0                1680.0  6.9074440183   -1.3177327675   -2.41772690896
0.2   -1.1  0.9  0.500005858538  0.0                0.499994141462  -0.7  -1.3  1.17170761329e-05  0.0                1690.0  6.86657156849  -1.3177294025   -2.41772120055
0.2   -1.1  0.9  0.500005161093  0.0                0.499994838907  -0.7  -1.3  1.03221861173e-05  0.0                1700.0  6.82617997103  -1.31773080458  -2.41772357905
0.2   -1.1  0.9  0.500005161093  0.0                0.499994838907  -0.7  -1.3  1.03221861173e-05  0.0                1710.0  6.78626078991  -1.31773080458  -2.41772357905
0.2   -1.1  0.9  0.500004324159  0.0                0.499995675841  -0.7  -1.3  8.64831809766e-06  0.0                1720.0  6.74680578532  -1.31773248708  -2.41772643326
0.2   -1.1  0.9  0.50000418467   0.0                0.49999581533   -0.7  -1.3  8.36934009385e-06  0.0                1730.0  6.70780690795  -1.3177327675   -2.41772690896
0.2   -1.1  0.9  0.500008229851  0.0                0.499991770149  -0.7  -1.3  1.64597021854e-05  0.0                1740.0  6.66925629353  -1.31772463542  -2.41771311362
0.2   -1.1  0.9  0.500006555983  0.0                0.499993444017  -0.7  -1.3  1.31119661484e-05  0.0                1750.0  6.63114625757  -1.31772800042  -2.41771882204
0.2   -1.1  0.9  0.500005300582  0.0                0.499994699418  -0.7  -1.3  1.0601164119e-05   0.0                1760.0  6.5934692902   -1.31773052417  -2.41772310335
0.2   -1.1  0.9  0.500006555983  0.0                0.499993444017  -0.7  -1.3  1.31119661484e-05  0.0                1770.0  6.55621805127  -1.31772800042  -2.41771882204
0.2   -1.1  0.9  0.500006137516  0.0                0.499993862484  -0.7  -1.3  1.22750321387e-05  0.0                1780.0  6.51938536559  -1.31772884092  -2.4177202484
0.2   -1.1  0.9  0.500006137516  0.0                0.499993862484  -0.7  -1.3  1.22750321387e-05  0.0                1790.0  6.4829642183   -1.31772884167  -2.41772024914
0.2   -1.1  0.9  0.500005021604  4.18467004883e-07  0.499994559929  -0.7  -1.3  1.0880142123e-05   8.36934009766e-07  1800.0  6.44694775042  -1.31772935725  -2.41772065314
0.2   -1.1  0.9  0.500008508829  0.0                0.499991491171  -0.7  -1.3  1.70176581915e-05  0.0                1810.0  6.41132925456  -1.31772407458  -2.41771216222
0.2   -1.1  0.9  0.500008648318  5.57956005859e-07  0.499990793726  -0.7  -1.3  1.8412548207e-05   1.11591201172e-06  1820.0  6.37610217074  -1.3177214905   -2.41770715103
0.2   -1.1  0.9  0.500010461675  0.0                0.499989538325  -0.7  -1.3  2.09233502364e-05  0.0                1830.0  6.34126008238  -1.31772014875  -2.4177055024
0.2   -1.1  0.9  0.500007392917  0.0                0.499992607083  -0.7  -1.3  1.47858341659e-05  0.0                1840.0  6.30679671236  -1.31772631792  -2.41771596783
0.2   -1.1  0.9  0.500011577587  0.0                0.499988422413  -0.7  -1.3  2.31551742617e-05  0.0                1850.0  6.27270591932  -1.31771790542  -2.41770169679
0.2   -1.1  0.9  0.500013669922  0.0                0.499986330078  -0.7  -1.3  2.73398443085e-05  0.0                1860.0  6.23898169395  -1.31771369917  -2.41769456128
0.2   -1.1  0.9  0.500012275032  2.7897800293e-07   0.49998744599   -0.7  -1.3  2.51080202833e-05  5.57956005859e-07  1870.0  6.20561815548  -1.3177153515   -2.41769705054
0.2   -1.1  0.9  0.500013390944  4.18467004883e-07  0.499986190589  -0.7  -1.3  2.76188223106e-05  8.36934009766e-07  1880.0  6.17260954827  -1.31771253225  -2.41769211106
0.2   -1.1  0.9  0.5000139489    0.0                0.4999860511    -0.7  -1.3  2.78978003143e-05  0.0                1890.0  6.13995023849  -1.31771313833  -2.41769360987
0.2   -1.1  0.9  0.50001115912   8.36934009766e-07  0.499988003946  -0.7  -1.3  2.39921082704e-05  1.67386801953e-06  1900.0  6.10763471092  -1.31771529116  -2.41769632066
0.2   -1.1  0.9  0.500014227878  2.7897800293e-07   0.499985493144  -0.7  -1.3  2.90137123261e-05  5.57956005859e-07  1910.0  6.07565756584  -1.31771142567  -2.41769039072
0.2   -1.1  0.9  0.500014785834  6.97445007813e-07  0.499984516721  -0.7  -1.3  3.09665583496e-05  1.39489001563e-06  1920.0  6.04401351602  -1.31770857625  -2.4176850863
0.2   -1.1  0.9  0.500017575614  5.57956005859e-07  0.49998186643   -0.7  -1.3  3.62671404082e-05  1.11591201172e-06  1930.0  6.01269738381  -1.31770354383  -2.41767670615
0.2   -1.1  0.9  0.500021062839  5.57956005859e-07  0.499978379205  -0.7  -1.3  4.32415904862e-05  1.11591201172e-06  1940.0  5.98170409833  -1.31769653151  -2.41766481171
0.2   -1.1  0.9  0.500016041235  4.18467004883e-07  0.499983540298  -0.7  -1.3  3.29194043711e-05  8.36934009766e-07  1950.0  5.95102869269  -1.31770720433  -2.41768307273
0.2   -1.1  0.9  0.500020783861  1.39489001953e-07  0.49997907665   -0.7  -1.3  4.18467004715e-05  2.78978003906e-07  1960.0  5.9206663014   -1.31769882163  -2.41766916627
0.2   -1.1  0.9  0.500020086416  1.53437901758e-06  0.499978379205  -0.7  -1.3  4.32415904873e-05  3.06875803516e-06  1970.0  5.89061215774  -1.31769446482  -2.41766020633
0.2   -1.1  0.9  0.50002231824   8.36934009766e-07  0.499976844826  -0.7  -1.3  4.63103485215e-05  1.67386801953e-06  1980.0  5.86086159129  -1.31769285783  -2.41765826456
0.2   -1.1  0.9  0.500020504883  5.57956005859e-07  0.499978937161  -0.7  -1.3  4.21256784745e-05  1.11591201172e-06  1990.0  5.8314100255   -1.31769765508  -2.41766671642
0.2   -1.1  0.9  0.500023852619  5.57956005859e-07  0.499975589425  -0.7  -1.3  4.88211505498e-05  1.11591201172e-06  2000.0  5.80225297537  -1.31769092519  -2.41765529969
0.2   -1.1  0.9  0.500025526487  1.39489001953e-07  0.499974334024  -0.7  -1.3  5.13319525781e-05  2.78978003906e-07  2010.0  5.77338604515  -1.31768923336  -2.41765293832
0.2   -1.1  0.9  0.500031664003  5.57956005859e-07  0.499967778041  -0.7  -1.3  6.44439187255e-05  1.11591201172e-06  2020.0  5.74480492611  -1.31767522175  -2.41762866032
0.2   -1.1  0.9  0.500029711157  4.18467004883e-07  0.499969870376  -0.7  -1.3  6.02592486796e-05  8.36934009766e-07  2030.0  5.71650539446  -1.3176797235   -2.41763645401
0.2   -1.1  0.9  0.500030408602  8.36934009766e-07  0.499968754464  -0.7  -1.3  6.24910727042e-05  1.67386801953e-06  2040.0  5.68848330919  -1.3176765973   -2.41763067752
0.2   -1.1  0.9  0.500024271086  4.18467004883e-07  0.499975310447  -0.7  -1.3  4.93791065566e-05  8.36934009766e-07  2050.0  5.66073461012  -1.31769065975  -2.41765500636
0.2   -1.1  0.9  0.500028455756  1.39489001563e-06  0.499970149354  -0.7  -1.3  5.97012926717e-05  2.78978003125e-06  2060.0  5.6332553159   -1.31767821478  -2.41763279716
0.2   -1.1  0.9  0.500036127651  1.1159120127e-06   0.499962756437  -0.7  -1.3  7.448712684e-05    2.23182402539e-06  2070.0  5.6060415221   -1.31766394475  -2.41760890239
0.2   -1.1  0.9  0.500032919404  6.97445007813e-07  0.499966383151  -0.7  -1.3  6.72336987578e-05  1.39489001563e-06  2080.0  5.5790893994   -1.31767212208  -2.41762324513
0.2   -1.1  0.9  0.500041428233  1.67386801855e-06  0.499956897899  -0.7  -1.3  8.62042029707e-05  3.34773603711e-06  2090.0  5.55239519175  -1.31765098524  -2.41758629025
0.2   -1.1  0.9  0.500042683634  1.95284602246e-06  0.499955363519  -0.7  -1.3  8.92729610058e-05  3.90569204492e-06  2100.0  5.52595521464  -1.31764730875  -2.41757974028
0.2   -1.1  0.9  0.500035151228  1.25540101367e-06  0.499963593371  -0.7  -1.3  7.28132588194e-05  2.51080202734e-06  2110.0  5.49976585344  -1.31766533175  -2.41761109842
0.2   -1.1  0.9  0.500040312321  2.51080202832e-06  0.499957176877  -0.7  -1.3  8.56462469648e-05  5.02160405664e-06  2120.0  5.47382356168  -1.31764977308  -2.41758329262
0.2   -1.1  0.9  0.500047705239  6.97445007813e-07  0.499951597316  -0.7  -1.3  9.68053670901e-05  1.39489001563e-06  2130.0  5.44812485951  -1.31764239823  -2.41757282111
0.2   -1.1  0.9  0.500039754365  1.81335702051e-06  0.499958432278  -0.7  -1.3  8.31354449365e-05  3.62671404102e-06  2140.0  5.42266633213  -1.31765371986  -2.41759081032
0.2   -1.1  0.9  0.500052029398  1.39489001563e-06  0.499946575712  -0.7  -1.3  0.000106848575203  2.78978003125e-06  2150.0  5.39744462826  -1.31763082723  -2.41755240651
0.2   -1.1  0.9  0.500049239618  2.51080202832e-06  0.49994824958   -0.7  -1.3  0.000103500839166  5.02160405664e-06  2160.0  5.37245645868  -1.31763182604  -2.41755284737
0.2   -1.1  0.9  0.500053703266  2.09233502344e-06  0.499944204399  -0.7  -1.3  0.000111591201257  4.18467004688e-06  2170.0  5.34769859482  -1.31762459052  -2.41754103661
0.2   -1.1  0.9  0.500051889909  2.78978003125e-06  0.499945320311  -0.7  -1.3  0.000109359377233  5.5795600625e-06   2180.0  5.32316786732  -1.31762535365  -2.41754154866
0.2   -1.1  0.9  0.500053284799  1.25540101367e-06  0.4999454598    -0.7  -1.3  0.000109080399228  2.51080202734e-06  2190.0  5.29886116473  -1.3176288763   -2.41754925598
0.2   -1.1  0.9  0.50006151465   1.67386801855e-06  0.499936811482  -0.7  -1.3  0.000126377035424  3.34773603711e-06  2200.0  5.27477543216  -1.31761060706  -2.41751779108
0.2   -1.1  0.9  0.500057608958  2.37131302637e-06  0.499940019729  -0.7  -1.3  0.000119960541352  4.74262605273e-06  2210.0  5.25090767002  -1.3176155731   -2.41752543531
0.2   -1.1  0.9  0.500062630562  2.65029103027e-06  0.499934719147  -0.7  -1.3  0.000130561705471  5.30058206055e-06  2220.0  5.22725493277  -1.31760433123  -2.41750604728
0.2   -1.1  0.9  0.500066536254  2.23182402539e-06  0.499931231922  -0.7  -1.3  0.000137536155549  4.46364805078e-06  2230.0  5.20381432769  -1.31759821428  -2.41749613622
0.2   -1.1  0.9  0.50007267377   2.65029103027e-06  0.499924675939  -0.7  -1.3  0.000150648121697  5.30058206055e-06  2240.0  5.18058301373  -1.31758398617  -2.41747164173
0.2   -1.1  0.9  0.500072115814  2.9292690332e-06   0.499924954917  -0.7  -1.3  0.000150090165692  5.85853806641e-06  2250.0  5.15755820033  -1.31758411235  -2.41747143313
0.2   -1.1  0.9  0.500080206176  4.18467004688e-06  0.499915609154  -0.7  -1.3  0.0001687816919    8.36934009375e-06  2260.0  5.13473714635  -1.31756264657  -2.41743361925
0.2   -1.1  0.9  0.500077695374  3.48722503906e-06  0.499918817401  -0.7  -1.3  0.000162365197828  6.97445007813e-06  2270.0  5.11211715892  -1.31757059548  -2.41744787306
0.2   -1.1  0.9  0.500084390846  2.51080202832e-06  0.499913098352  -0.7  -1.3  0.000173803295957  5.02160405664e-06  2280.0  5.08969559243  -1.31756116302  -2.41743297263
0.2   -1.1  0.9  0.500081182599  3.90569204395e-06  0.499914911709  -0.7  -1.3  0.000170176581916  7.81138408789e-06  2290.0  5.06746984749  -1.31756186081  -2.4174325824
0.2   -1.1  0.9  0.500083553912  3.90569204395e-06  0.499912540396  -0.7  -1.3  0.000174919207971  7.81138408789e-06  2300.0  5.04543736989  -1.31755709309  -2.41742449485
0.2   -1.1  0.9  0.500086901648  2.78978003125e-06  0.499910308572  -0.7  -1.3  0.000179382856021  5.5795600625e-06   2310.0  5.02359564968  -1.31755495979  -2.41742213836
0.2   -1.1  0.9  0.50010475624   3.20824703613e-06  0.499892035513  -0.7  -1.3  0.000215928974432  6.41649407227e-06  2320.0  5.00194222015  -1.31751734546  -2.41735785374
0.2   -1.1  0.9  0.500100432081  2.9292690332e-06   0.49989663865   -0.7  -1.3  0.000206722700328  5.85853806641e-06  2330.0  4.98047465697  -1.3175271959   -2.41737487391
0.2   -1.1  0.9  0.500101129526  5.02160405664e-06  0.49989384887   -0.7  -1.3  0.000212302260391  1.00432081133e-05  2340.0  4.95919057724  -1.31751710523  -2.41735543748
0.2   -1.1  0.9  0.500106569597  4.32415904883e-06  0.499889106244  -0.7  -1.3  0.000221787512498  8.64831809766e-06  2350.0  4.93808763862  -1.31750909731  -2.41734260324
0.2   -1.1  0.9  0.500112567624  3.34773603809e-06  0.49988408464   -0.7  -1.3  0.000231830720611  6.69547207617e-06  2360.0  4.91716353845  -1.31750106478  -2.41733007916
0.2   -1.1  0.9  0.500105732663  5.99802706738e-06  0.49988826931   -0.7  -1.3  0.000223461380518  1.19960541348e-05  2370.0  4.89641601298  -1.31750386657  -2.41733184874
0.2   -1.1  0.9  0.500119263096  4.18467004688e-06  0.499876552234  -0.7  -1.3  0.000246895532781  8.36934009375e-06  2380.0  4.87584283645  -1.31748415296  -2.41730044595
0.2   -1.1  0.9  0.5001242847    5.99802706738e-06  0.499869717273  -0.7  -1.3  0.000260565454936  1.19960541348e-05  2390.0  4.8554418204   -1.31746650991  -2.41726851922
0.2   -1.1  0.9  0.50012288981   6.27700507031e-06  0.499870833185  -0.7  -1.3  0.000258333630909  1.25540101406e-05  2400.0  4.83521081281  -1.31746824035  -2.41727108659
